
1562
4682
1172
3512
5072
1952
4292
3902
2732
3122
782
2342
391
0
7022
7802
6242
7412
5462
6632
5852
1563
5073
1173
4683
3513
4293
1953
3903
3123
2733
783
2343
392
1
7023
7803
6243
7413
6633
5463
5853
1564
3514
1174
5074
4684
1954
4294
3904
3124
2734
784
2344
393
2
7024
7804
6244
7414
6634
5464
5854
1565
1175
3515
5075
4685
1955
4295
3905
3125
2735
2345
785
394
3
7025
7805
6245
7415
6635
5465
5855
1566
1176
3516
5076
4686
1956
4296
3906
2736
3126
2346
786
395
4
7026
7806
6246
7416
6636
5466
5856
1567
1177
3517
5077
4687
1957
4297
3907
2737
3127
787
2347
396
5
7027
7807
6247
7417
6637
5467
5857
1568
1178
4688
3518
5078
1958
3908
4298
2738
3128
788
2348
397
6
7028
7808
6248
7418
6638
5468
5858
1569
1179
4689
5079
3519
1959
3909
4299
2739
3129
789
2349
398
7
7029
7809
6249
7419
6639
5469
5859
1570
1180
4690
5080
3520
3910
1960
4300
2740
3130
790
2350
399
8
7030
6250
7810
7420
6640
5470
5860
1571
1181
4691
5081
3521
3911
1961
4301
2741
3131
791
2351
400
9
7031
6251
7811
6641
7421
5471
5861
1572
1182
4692
5082
3522
3912
1962
4302
2742
792
2352
3132
401
10
7032
6252
7812
6642
7422
5472
5862
1573
1183
4693
5083
3523
3913
1963
4303
2743
793
2353
3133
402
11
7033
6253
7813
6643
7423
5473
5863
1574
1184
4694
5084
3524
3914
1964
4304
2744
794
2354
3134
403
12
7034
6254
6644
7814
7424
5474
5864
1575
1185
4695
5085
3525
3915
7999
6596
6403
6802
6995
7600
7201
7793
7394
1804
1404
2010
1611
2602
5798
1211
3001
605
2203
2808
2409
6197
412
5206
5399
13
1004
4200
3800
6004
5605
4806
3400
4999
811
4007
4406
206
4599
3607
3207
8000
6597
6404
6803
6996
7601
7202
7395
7794
1805
2011
1405
1612
2603
5799
1212
6198
2204
2410
606
413
2809
3002
5207
5400
14
1005
4201
3401
3801
6005
5606
4807
5000
4008
812
4407
207
4600
3608
3208
8001
6598
6405
6997
6804
7602
7203
7396
7795
8002
6599
6406
6998
6805
7603
7204
7397
7796
1806
2012
1406
1613
2604
5800
1213
414
6199
2411
607
2205
2810
3003
5401
5208
1006
3402
4202
3802
6006
5607
5001
15
4808
208
4009
813
4408
4601
3609
3209
8003
6600
6999
6407
6806
7604
7398
7205
7797
1807
1407
2013
1614
2605
5801
1214
608
6200
2412
415
2206
2811
3004
5209
5402
1007
3403
4203
3803
5608
6007
16
5002
4809
4010
209
4409
814
4602
3610
3210
8004
6601
7000
6408
6807
7605
7399
7206
7798
1808
1408
2014
1615
8005
5802
2606
1215
6201
609
2413
2207
416
5210
3005
2812
5403
1008
6602
5609
3804
6008
3404
4204
17
5003
4810
6409
4011
7001
4410
815
6808
210
4603
7606
7400
7207
7799
3611
3211
8006
6603
6410
7002
6809
7607
7401
7208
7800
1809
1409
2015
1616
5803
2607
1216
6202
610
2414
2208
5211
3006
2813
1009
417
5404
5610
18
3805
6009
4205
3405
5004
4811
4012
4411
211
816
4604
3612
3212
8007
6604
6411
7003
6810
7608
7402
7209
7801
1810
1410
2016
1617
5804
2608
1217
6203
2415
611
2209
5212
3007
2814
5405
1010
418
19
5611
3806
6010
3406
4206
5005
4812
4013
4412
817
212
4605
3613
8008
6605
3213
6412
7004
6811
7609
7210
7403
7815
8009
6606
6413
7005
6812
7610
1811
7211
7404
7816
1411
2017
1618
5805
2609
1218
6204
2416
612
5213
2210
3008
5406
2815
1011
419
20
3807
5612
6011
3407
4207
5006
4813
4014
4413
818
213
4606
3614
3214
8010
6607
6414
7006
6813
7611
7212
7405
7817
1812
1412
2018
1619
5806
2610
1219
2417
6205
613
5214
3009
2211
2816
5407
420
1012
21
3808
5613
4208
6012
3408
5007
4814
4015
4414
819
214
4607
3615
3215
8011
6608
6415
7007
6814
7612
7213
7406
7818
1813
8012
1413
2019
1620
5807
2611
1220
2418
6206
6609
3010
5215
2212
614
2817
5408
421
1013
22
5614
3809
4209
6013
3409
6416
5008
7008
6815
4815
7613
4016
4415
820
215
7214
7407
7819
4608
3616
3216
8013
6610
6417
7009
6816
7614
7215
7820
7408
1814
1414
1621
2020
5808
2612
1221
2419
6207
3011
2213
5216
615
2818
5409
1014
422
5615
23
3810
4210
3410
6014
5009
4816
4017
4416
821
216
4609
3617
3217
8014
6611
6418
7010
6817
7615
7216
7821
7409
1815
1415
1622
2021
5809
2613
1222
6208
2420
2214
3012
5217
616
2819
8015
5410
423
1015
5616
3811
4211
24
3411
6015
5010
4817
4018
217
4417
822
6612
4610
3618
6419
7011
6818
7616
7217
7822
7410
3218
8016
6613
1816
6420
1416
7012
6819
1623
2022
7617
5810
2614
7218
1223
7823
6209
2421
7411
2215
5218
3013
617
2820
5411
424
1016
5617
3812
4212
3412
25
6016
5011
4818
218
4019
4418
823
4611
3619
3219
8017
6614
6421
7013
6820
7618
7219
7824
7425
6941
7156
6524
6739
7990
7573
7358
7775
4897
4491
5708
4282
6113
5917
6322
4086
5107
5512
5303
2464
3065
3680
2059
1850
3274
2869
2255
3470
3876
2660
1654
4701
1248
1444
1037
630
26
433
840
223
6942
7157
6740
6525
7991
7574
7776
7359
4898
4087
6323
5709
4283
6114
5108
4492
5918
5513
5304
2465
3066
2060
3681
1851
2256
3275
2870
2661
3471
3877
1655
4702
1249
1445
6943
7158
631
6741
27
1038
7992
6526
7575
434
7777
7360
841
224
4899
6324
4088
6115
5710
4284
5514
5109
5919
4493
5305
3067
2466
2061
3682
2257
1852
3276
2871
2662
3472
3878
1656
4703
6944
6742
7159
7993
7576
6527
7778
7361
6325
4900
4089
6116
5711
4285
5515
4494
5920
5306
5110
3068
2467
2062
3683
2258
3277
1853
2872
2663
3879
3473
1657
4704
1250
1446
632
1039
28
435
842
225
6945
6743
7160
7994
7577
6528
7779
7362
4901
6326
4090
6117
4495
4286
5712
5516
5307
5921
5111
3069
2468
2063
3684
2259
3278
1854
2873
2664
3880
3474
1658
4705
1251
6946
1447
6744
7161
7995
7578
1040
6529
633
29
7780
7363
436
843
226
6327
4902
4091
4496
6118
4287
5713
5308
5517
5112
5922
3070
2469
2064
3685
3279
2260
1855
2874
3881
2665
3475
1659
4706
6947
6745
7162
7996
7579
6530
7781
7364
4903
6328
4497
4092
4288
6119
5714
5309
5518
5113
5923
3071
2470
2065
3686
3280
2261
1856
2875
3882
1252
1448
3476
2666
634
1041
30
1660
437
844
4707
227
6948
6746
7163
7997
7580
6531
7782
7365
6329
4904
4498
4093
4289
5715
6120
5310
5519
5114
5924
3072
2471
2066
3687
3281
2262
1857
3883
2876
3477
2667
1661
4708
6949
1253
6747
1449
7164
7998
7581
6532
635
1042
31
7783
7366
438
845
228
6330
4499
4905
4094
4290
5311
5716
6121
5115
5520
5925
3073
2472
2067
3688
3282
2263
1858
3884
2877
3478
2668
1662
4709
6950
6748
7165
8018
7582
6533
7784
7367
1254
4500
6331
4906
1450
4095
4291
5717
5312
6122
5116
5521
5926
636
1043
32
3074
2473
439
846
2068
3689
3283
2264
1859
3885
2878
229
3479
2669
1663
4710
6951
6749
7166
8019
7583
6534
7785
7368
4501
6332
4907
4096
4305
5313
5718
5117
6123
5522
5927
3075
2474
2069
3690
3284
2265
3886
1860
2879
3480
2670
1664
4711
6952
6750
1255
7167
1451
8020
7584
6535
637
7786
1044
33
7369
440
847
230
4502
6333
4908
4097
4306
5118
5314
5719
6124
5523
5928
3076
2475
3691
2070
3285
2266
3887
1861
2880
3481
2671
1665
6953
6751
7168
4712
8021
7585
6536
7787
7370
1256
1452
638
34
1045
441
4503
6334
4909
848
4098
5119
4307
5315
5720
6125
5524
5929
231
3077
2476
3692
2071
3286
2267
3888
2881
1862
3482
2672
6954
6752
7169
8022
7586
1666
6537
7788
7371
4713
4504
6335
4910
5120
4099
4308
5316
5721
6126
5930
5525
3078
2477
3693
6955
2072
1257
6753
3287
2268
3889
2882
1863
3483
2673
7170
1453
8023
7587
6538
639
7789
35
1046
1667
7372
442
849
4714
232
4505
6336
4911
5121
4100
4309
5317
5722
6127
5931
5526
3079
2478
6956
6754
8024
7588
7171
6539
3694
2073
3288
3890
2269
1864
2883
7790
3484
2674
7373
1668
4715
1258
1454
640
36
1047
443
850
6337
4506
4912
233
5122
4101
4310
5318
5723
6128
5932
5527
3080
2479
6957
6755
8025
7589
6540
7172
7791
7374
2074
3695
3289
3891
2884
2270
1865
3485
2675
1669
4716
6338
4913
4507
5123
4102
4311
5319
5724
6129
5933
5528
6958
6756
1259
3081
8026
1455
7590
6541
7173
2480
7792
641
37
1048
7375
444
2075
3696
3290
3892
2885
2271
1866
3486
2676
851
1670
234
4717
6339
4914
4508
5124
4103
5320
4312
5725
6130
5934
5529
6959
6757
8027
6542
7591
7174
7825
3082
2481
7376
2076
3697
3291
3893
2886
2272
1867
3487
2677
1671
1260
1456
4718
642
38
1049
445
852
235
6340
4915
4509
5125
6960
4104
6758
5321
5726
4313
6131
5935
5530
8028
6543
7592
7175
7826
7377
3083
2482
2077
3698
3292
2273
2887
3894
1868
3488
2678
1672
4719
6961
6341
6759
1261
4916
4510
5126
8029
1457
6544
7593
4105
7176
5727
5322
4314
6132
5936
5531
7827
643
39
1050
7378
3084
446
2483
853
3699
2078
3293
2274
2888
3895
3489
1869
236
2679
1673
4720
6962
6760
8030
7594
6342
7177
6545
4511
4917
5127
7828
4106
5728
5323
4315
6133
5937
5532
7379
3085
2484
3700
2079
3294
2275
2889
3896
3490
1870
2680
1262
1458
1674
644
40
1051
447
854
4721
237
6963
6761
8031
7595
7178
6546
6343
7829
4918
5128
4512
7380
4107
5729
5324
4316
6134
5938
5533
3086
2485
3701
2080
3295
2276
2890
3897
3491
1871
2681
1675
4722
6964
6762
1263
8032
1459
7596
7179
6547
7830
645
41
1052
6344
7381
5129
4919
4513
5730
5325
4317
6135
4108
5939
5534
448
855
3087
2486
238
3702
2081
3296
2277
2891
3898
3492
1872
2682
1676
4723
6965
6763
8033
7597
7180
7831
6548
7382
6345
5130
4514
4920
5731
5326
4318
6136
5940
5535
4109
3088
2487
1264
1460
42
646
1053
3703
2082
3297
2278
2892
3899
3493
1873
2683
1677
449
856
6966
6764
239
8034
4724
7598
7181
7832
6549
7383
6346
5131
4515
4921
5732
5327
4319
6137
5941
5536
4110
3089
2488
3704
2083
3298
2279
2893
3900
3494
1874
2684
1678
6967
6765
1265
8035
1461
7599
7182
7833
43
647
1054
4725
6550
7384
450
6347
5132
4516
4922
857
5733
5328
4320
6138
5537
5942
4111
240
3090
2489
3705
2084
3299
2280
2894
3901
3495
1875
2685
1679
6968
6766
8036
7619
7183
7834
6551
7385
4726
6348
5133
4517
4923
5734
5329
4321
6139
5538
5943
4112
1266
1462
44
3091
648
1055
2490
451
3706
2085
3300
2281
2895
3916
858
3496
1876
2686
1680
6969
6767
8037
7620
241
7184
7835
6552
7386
4727
6349
5134
4518
4924
5735
5330
4322
6140
5944
5539
4113
3092
2491
3707
2086
3301
2282
2896
3917
3497
1877
6970
1681
6768
2687
1267
8038
7621
1463
7185
7836
45
649
1056
6553
7387
452
4728
859
6350
5135
4519
4925
5736
5331
6141
4323
5945
5540
242
4114
3093
2492
2087
3708
6971
3302
2283
6769
2897
3918
3498
1878
8039
1682
7622
2688
7186
7837
6554
7388
4729
6351
5136
1268
4520
4926
1464
5737
6142
5332
4324
5946
5541
46
650
1057
4115
3094
453
2493
860
6972
6770
2088
3709
3303
8040
7623
2898
2284
3919
3499
1879
7187
243
1683
7838
2689
6555
7389
6352
4730
5137
4927
4521
6143
5738
5333
4325
5947
5542
4116
3095
2494
6973
6771
1269
8041
7624
1465
2089
3710
3304
7188
2899
2285
3920
7839
3500
1058
651
47
1880
1684
7390
2690
6556
454
861
6353
5138
4928
4522
4731
244
6144
5739
5334
4326
5948
5543
4117
3096
2495
6974
6772
8042
7625
2090
3711
3305
7189
2900
2286
3921
7840
3501
1881
7391
1685
2691
6557
1270
1466
6354
1059
652
48
5139
4523
4929
4732
6145
5740
5335
4327
5949
5544
455
4118
862
3097
2496
6975
6773
8043
7626
245
2091
3712
7190
3306
2901
2287
7841
3922
3502
1882
7392
1686
6558
2692
6355
4930
4524
5140
6146
5741
5336
4328
5950
4733
5545
4119
1271
3098
1467
2497
6976
6774
1060
653
49
8044
7627
2092
3713
7191
3307
2902
7842
2288
3923
3503
1883
456
7393
1687
6559
2693
863
246
6356
4931
4525
5141
6147
5742
5337
4329
5951
5546
4734
4120
3099
2498
6977
6775
8045
7628
2093
3714
7192
3308
2903
7843
2289
3924
3504
1884
7426
1688
6560
2694
1272
1468
1061
654
50
6357
4932
4526
5142
6148
457
5338
5743
4330
5952
5547
4735
864
4121
3100
6978
2499
247
6776
8046
7629
2094
3715
7193
3309
2904
7844
2290
3925
3505
1885
7427
1689
6561
2695
6358
4933
4527
5143
6149
5744
5339
4331
5953
5548
1273
4736
1469
4122
1062
51
655
3101
6979
2500
6777
8047
7630
458
2095
3716
7194
2905
3310
7845
865
2291
3926
3506
7428
1886
1690
6562
2696
248
6359
4934
4528
5144
6150
5745
5340
4332
5954
5549
4737
4123
6980
3102
2501
6778
8048
7631
2096
7195
3717
1274
2906
3311
7846
2292
1470
3927
7429
3507
1887
1063
6563
1691
52
656
2697
459
6360
4935
4529
5145
6151
866
5746
5341
4333
5955
5550
4124
4738
249
6981
3103
2502
6779
8049
7632
2097
7196
3718
2907
3312
7847
2293
3928
7430
3508
1888
6564
1692
2698
6361
4936
4530
5146
1275
6152
1471
5747
5342
5956
4334
5551
1064
53
657
4125
4739
6982
3104
460
2503
6780
8050
7633
867
2098
7197
3719
2908
3313
7848
2294
3929
7431
3509
1889
6565
250
1693
2699
6362
4937
4531
5147
6153
5748
5343
5957
4335
5552
4126
4740
6983
3105
2504
6781
1276
8051
7634
1472
2099
7198
1065
3720
54
658
2909
3314
7849
2295
3930
7432
3510
1890
6566
1694
2700
461
868
6363
4938
4532
5148
6154
5344
5749
5958
4336
5553
251
4127
4741
6984
3106
2505
6782
8052
7635
2100
7199
3721
2910
7850
3315
2296
7433
3931
3511
1891
6567
1695
2701
1277
1473
6364
4939
4533
5149
1066
6155
55
659
5345
5750
5959
4337
5554
462
4128
6985
869
4742
3107
6783
2506
8053
7636
7200
2101
3722
2911
7851
3316
252
7434
2297
3932
3526
6568
1892
1696
2702
6365
4940
4534
5150
6156
5751
5346
5960
4338
5555
1278
4129
1474
6986
4743
3108
6784
2507
1067
8054
56
660
7637
7220
2102
3723
2912
7852
3317
7435
2298
3933
463
3527
6569
1893
870
1697
2703
6366
4941
4535
5151
6157
5752
5347
253
5961
4339
5556
4130
6987
6785
3109
2508
4744
8055
7638
7221
2103
3724
7853
2913
3318
7436
1279
2299
3934
3528
1475
6570
1894
1698
1068
57
2704
661
6367
4942
4536
5152
6158
5753
5348
5962
4340
5557
464
871
4131
6988
6786
3110
2509
8056
4745
7639
254
7222
2104
3725
7854
2914
3319
7437
2300
3935
3529
6571
1895
1699
2705
4943
6368
4537
5153
6159
5754
5349
5963
4341
5558
1280
1476
1069
4132
58
662
6989
6787
3111
8057
2510
7640
4746
7223
465
2105
7855
3726
2915
3320
7438
872
2301
3936
3530
6572
1896
1700
2706
4944
6369
4538
5154
6160
255
5755
5350
5964
4342
5559
4133
6990
6788
8058
3112
2511
7641
4747
1281
7224
2106
1477
7856
3727
7439
2916
3321
1070
2302
3937
59
663
3531
6573
1897
1701
4945
6370
2707
4539
5155
6161
466
5756
5351
5965
4343
5560
873
4134
6991
6789
8059
3113
2512
256
7642
4748
7857
7225
7440
2107
2917
3728
3322
2303
3938
6574
3532
1898
1702
4946
6371
4540
2708
5156
6162
5757
5352
5966
4344
5561
1478
1282
1071
60
664
4135
6992
6790
8060
3114
2513
7643
467
4749
874
7858
7441
7226
2918
2108
3729
3323
2304
3939
6575
3533
1899
4947
6372
257
4541
1703
5157
2709
6163
5758
5353
5967
4345
5562
4136
6993
6791
8061
3115
2514
7644
1283
1479
1072
4750
61
665
7859
7442
7227
2919
2109
3730
3324
2305
3940
6576
3534
1900
468
4948
6373
4542
5158
6164
1704
2710
875
5759
5354
5968
4346
5563
4137
6994
258
6792
8062
3116
2515
7645
4751
7860
7443
7228
2110
2920
3731
3325
2306
3941
6577
3535
1901
4949
6374
4543
5159
6165
1284
1480
1705
2711
1073
62
666
5760
5355
5969
4347
5564
4138
7014
469
6793
8063
3117
2516
876
7646
4752
7861
7444
7229
2111
2921
3732
3326
2307
3942
259
6578
3536
4950
6375
4544
1902
5160
6166
1706
2712
5761
5356
5970
4348
5565
4139
7015
1285
6794
8064
1481
1074
2517
3118
7647
63
667
4753
7230
7445
7862
2112
2922
3733
3327
470
2308
3943
6579
3537
4951
6376
877
4545
5161
6167
1903
1707
2713
5762
5357
5971
4349
5566
260
7016
4140
8065
6795
7648
2518
3119
4754
7231
7446
7863
2113
2923
3734
3328
2309
3944
1286
1482
6580
1075
3538
4952
64
668
6377
4546
5162
6168
1904
1708
5763
2714
5358
5972
4350
5567
471
7017
4141
878
8066
6796
7649
2519
3120
7232
7447
7864
261
4755
2114
3735
2924
3329
2310
3945
6581
4953
6378
3539
4547
6169
5163
1709
1905
5764
5359
2715
4351
5973
5568
1287
1483
1076
7018
65
669
4142
8067
6797
7650
2520
3121
472
7233
7448
7865
3736
2115
2925
4756
879
3330
2311
3946
6582
4954
6379
4548
3540
6170
5164
1710
1906
5765
5360
2716
4352
5974
5569
262
7019
4143
8068
6798
7651
2521
3135
1288
1484
1077
670
66
7234
7449
7866
3737
2926
2116
3331
4757
2312
3947
4955
6583
6380
4549
6171
5165
3541
1711
1907
5766
473
5361
4353
5975
2717
5570
880
7020
4144
8069
6799
7652
2522
3136
263
7235
7450
7867
3738
2927
2117
3332
4758
2313
4956
3948
6381
6584
4550
6172
5166
3542
1712
5767
1908
5362
1289
1485
4354
5976
1078
2718
5571
671
67
7021
4145
8070
6800
7653
474
2523
3137
881
7236
7451
7868
3739
2928
2118
3333
4759
2314
4957
3949
6382
4551
6173
6585
5167
3543
1713
264
5768
5363
1909
4355
5977
5572
2719
7035
8071
4146
6801
7654
1290
1486
2524
3138
1079
672
68
7237
7452
7869
3740
2929
2119
3334
4958
2315
6383
4760
3950
6174
4552
5168
475
6586
3544
1714
5769
5364
882
4356
1910
5978
5573
2720
7036
8072
6821
4147
265
7655
2525
3139
7238
7870
7453
3741
2930
2120
3335
4959
2316
6384
6175
4553
3951
1487
1291
4761
5169
6587
1080
673
69
3545
1715
5770
5365
4357
5979
1911
5574
2721
7037
476
8073
6822
4148
7656
883
3140
2526
7239
7454
7871
3742
2931
2121
3336
4960
6385
2317
6176
266
4554
5170
3952
6588
4762
3546
1716
5771
5366
4358
5980
5575
1912
2722
7038
1488
1292
1081
674
8074
70
6823
4149
7657
3141
2527
7240
7455
7872
477
3743
2932
2122
4961
3337
6386
6177
2318
4555
5171
884
3953
6589
4763
3547
5772
1717
5367
4359
5981
5576
1913
2723
7039
267
8075
6824
4150
7658
3142
2528
1293
1489
7241
7456
7873
1082
675
3744
2933
71
4962
2123
3338
6387
6178
4556
2319
5172
3954
6590
4764
3548
5773
1718
4360
5368
5982
5577
1914
478
2724
7040
885
8076
6825
4151
7659
3143
2529
7242
7457
7874
268
3745
2934
4963
6388
3339
2124
6179
4557
5173
2320
3955
6591
4765
3549
5774
1719
4361
5369
5983
1294
1490
5578
1915
1083
676
72
2725
7041
8077
6826
4152
7660
3144
2530
479
7243
7458
7875
886
3746
4964
2935
6389
6180
3340
2125
4558
5174
2321
6592
3956
5775
3550
1720
4766
4362
5370
5984
5579
269
1916
7042
2726
8078
6827
4153
7661
3145
2531
1295
1491
1084
677
73
7244
7459
7876
4965
3747
2936
6181
6390
4559
3341
2126
5175
2322
6593
3957
5776
3551
1721
4363
480
5371
4767
5985
5580
887
1917
7043
2727
8079
6828
4154
7662
3146
2532
270
7245
7460
7877
4966
3748
2937
6182
6391
4560
5176
2127
3342
2323
1296
1492
6594
3958
1085
5777
678
4364
1722
3552
5372
74
4768
5986
5581
1918
7044
2728
8080
6829
7663
4155
481
3147
2533
888
7246
7461
7878
4967
3749
6183
6392
2938
4561
5177
2128
3343
2324
6595
3959
5778
4365
271
1723
5373
3553
5987
5582
4769
7045
1919
2729
1297
1493
8081
6830
1086
7664
679
4156
75
3148
2534
7247
7462
7879
4968
6184
3750
6393
2939
4562
5178
2129
3344
482
2325
6615
3960
5779
889
4366
1724
5374
3554
5988
5583
4770
7046
1920
2730
8082
6831
7665
4157
272
3149
2535
7248
7463
7880
1298
1494
4969
6185
1087
6394
3751
680
2940
5179
4563
76
2130
3345
2326
6616
5780
3961
4367
5375
1725
3555
5989
5584
4771
7047
1921
2731
483
8083
6832
7666
890
4158
3150
2536
7464
7249
7881
4970
6186
6395
3752
5180
4564
2941
273
2131
3346
6617
2327
5781
3962
4368
5376
1726
5990
3556
5585
1299
1495
4772
7048
1088
681
77
1922
2745
8084
6833
7667
4159
3151
2537
7465
7882
7250
4971
484
6187
6396
3753
891
5181
4565
2942
3347
2132
2328
6618
5782
4369
3963
5377
1727
5991
3557
5586
7049
4773
274
1923
8085
2746
6834
7668
4160
3152
2538
1300
1496
1089
682
78
7883
7466
7251
4972
6188
6397
4566
5182
3754
2943
3348
2133
2329
5783
6619
4370
3964
5378
1728
5992
5587
3558
485
7050
892
4774
8086
1924
6835
2747
7669
4161
3153
2539
275
7884
7467
4973
7252
6189
6398
4567
5183
3755
2944
3349
2134
1301
5784
2330
6620
1497
4371
6905
5013
5641
2232
5228
3759
6476
5842
4587
2445
1425
6697
3057
79
369
4386
5428
191
4172
1246
1818
4799
1605
3559
2857
3270
560
3972
738
6055
1107
2031
2645
929
6269
7126
7555
7984
7334
7763
6906
2233
5014
3760
5642
5229
5843
6477
1426
4588
2446
3058
1819
6698
3560
80
370
4387
1606
1247
5429
192
4173
2858
3271
4800
561
6056
739
3973
930
1108
2032
2646
6270
7127
7556
7985
7335
7764
6907
2234
3761
5643
5015
5230
5844
1427
6478
2447
4589
3059
1820
6699
371
3561
81
1302
1607
4388
5430
2859
193
3272
3974
4801
562
6057
4174
740
931
2033
1109
2647
6271
7128
7557
7986
7336
7765
6908
2235
3762
5644
5016
5231
5845
1428
2448
6479
4590
3060
1821
6700
372
1608
3562
82
1303
2860
5431
4389
3273
3975
194
4802
563
6058
741
4175
2034
932
1110
2648
6272
7129
7558
7987
7337
7766
6909
2236
3763
5645
5232
1429
5017
5846
2449
6480
3061
1822
4591
6701
373
1609
3563
83
1304
2861
3976
3350
5432
4390
195
4803
564
6059
742
4176
2035
1111
933
2649
6273
7130
7559
7988
7338
7767
6910
2237
3764
5646
5233
1430
5018
2450
5847
6481
3062
1823
4592
6702
374
1610
3564
84
1305
3351
2862
5433
4391
196
3977
4804
565
6060
743
4177
2036
1112
2650
934
6274
7560
7131
6911
7989
2238
3765
5647
5234
1431
5019
5848
2451
6482
7339
3063
1824
7768
4593
6703
375
1624
3565
85
1306
3352
2863
5434
4392
3978
197
4805
566
6061
744
2037
4178
6275
1113
2651
935
6912
2239
3766
5648
1432
5235
5849
5020
2452
6483
3064
1825
4594
6704
376
1625
3566
3353
1307
86
2864
5435
3979
4393
198
6062
567
4819
6276
745
2038
7561
4179
1114
2652
7132
936
8087
7340
7769
6913
2240
3767
5649
1433
5236
5850
5021
6484
2453
3154
4595
1826
6705
377
3567
1626
3354
1308
2865
87
5436
3980
199
4394
6277
6063
568
4820
746
2039
4180
1115
937
2653
7562
7133
8088
7341
7770
6914
2241
3768
5650
1434
5237
5851
5022
6485
2454
3155
4596
1827
6706
378
3568
1627
3355
1309
2866
5437
88
3981
200
4395
6278
6064
569
4821
747
2040
4181
1116
938
2654
7563
7134
8089
7342
7771
6915
2242
3769
5651
1435
5238
5865
5023
6486
2455
3156
4597
1828
6707
379
3569
3356
1628
1310
2867
5438
89
3982
201
6279
4396
6065
570
4822
748
2041
4182
1117
939
2655
7564
7135
8090
7343
7772
6916
2243
3770
5652
1436
5239
5866
6487
5024
2456
3157
4598
1829
6708
380
3570
3357
1629
5439
1311
2868
90
6280
202
3983
4397
6066
571
4823
749
2042
4183
1118
940
2656
7136
7565
8091
7344
7773
6917
2244
3771
5653
1437
5240
5867
6488
5025
2457
3158
4612
1830
6709
381
3571
3358
1630
1312
2945
5440
6281
91
203
3984
4398
6067
572
4824
750
2043
4184
1119
941
2657
7137
7566
6918
8092
2245
3772
5654
1438
5241
7345
5868
6489
5026
2458
3159
4613
1831
7774
6710
382
3572
3359
1631
1313
2946
5441
6282
92
204
3985
4399
6068
4825
573
751
2044
4185
1120
942
2658
6919
2246
3773
5655
1439
5242
5869
6490
5027
2459
3160
4614
1832
7567
7138
6711
383
3573
3360
1632
8093
6283
1314
2947
5442
93
205
3986
4400
6069
4826
574
7346
752
2045
4186
1121
943
2659
7885
6920
2247
3774
5656
1440
5870
5243
6491
5028
2460
3161
4615
1833
6712
384
3574
3361
6284
1633
1315
2948
5443
94
219
4401
3987
6070
4827
575
753
2046
4187
7568
1122
7139
944
2748
8094
7347
7886
6921
2248
3775
5657
1441
5244
5871
6492
5029
2461
3162
4616
1834
6713
385
3575
6285
3362
1634
1316
2949
5444
95
220
4402
3988
6071
4828
576
754
4188
2047
1123
945
2749
7569
7140
8095
7348
7887
6922
2249
3776
5658
1442
5245
5872
6493
5030
2462
3163
4617
1835
3576
386
6714
6286
3363
1635
5445
1317
2950
96
221
4403
3989
4829
6072
577
755
4189
2048
1124
2750
946
7570
7141
8096
7349
7888
6923
2250
3777
5659
1443
5246
6494
5873
5031
2463
3164
4618
1836
3577
387
6287
6715
3364
1636
5446
1318
2951
97
222
4404
3990
4830
6073
578
756
4190
2049
1125
947
2751
7571
7142
8097
7350
6924
7889
2251
3778
5660
1498
6495
5247
5874
5032
2540
3165
4619
1837
3578
6288
388
6716
3365
1637
5447
2952
1319
98
276
4405
4831
3991
6074
579
757
4191
1126
2050
948
2752
7572
6925
7143
8098
2252
3779
5661
1499
7351
6496
5248
5875
5033
2541
3166
4620
1838
7890
3579
6289
389
6717
3366
5448
1638
1320
2953
99
277
4419
4832
6075
3992
580
758
4192
1127
2051
949
2753
6926
2253
3780
5662
1500
7670
6497
5249
5876
5034
2542
3167
8099
7144
4621
1839
3580
6290
390
6718
3367
5449
1639
7352
1321
2954
100
4420
278
4833
6076
3993
7891
581
759
4193
1128
2052
950
2754
6927
2254
3781
5663
1501
5250
6498
5877
5035
2543
3168
4622
1840
3581
6291
404
6719
7671
3368
5450
1640
1322
2955
101
4421
279
8100
4834
7145
6077
3994
582
760
4194
1129
7353
2053
951
2755
7892
6928
2331
3782
5664
1502
5251
6499
5878
5036
2544
3169
4623
1841
3582
6292
405
6720
3369
5451
1323
1641
2956
102
4422
280
4835
6078
3995
761
583
4195
7672
1130
2054
952
2756
8101
7146
7354
7893
6929
2332
3783
1503
5665
5252
6500
5037
5879
2545
3170
4624
1842
3583
6293
406
6721
3370
5452
1324
1642
2957
103
4423
281
4836
6079
3996
4196
762
584
1131
953
2055
2757
7673
8102
7147
7355
7894
6930
2333
3784
1504
5666
5253
6501
5038
5880
2546
3171
4625
1843
3584
6294
6722
407
3371
5453
1325
1643
2958
104
4424
282
4837
6080
3997
4197
763
585
1132
954
2056
2758
7674
8103
7148
7356
6931
2334
3785
7895
1505
5667
5254
6502
5039
2547
5881
3172
4626
1844
3585
6295
6723
408
3372
5454
1326
1644
2959
105
4425
283
4838
6081
3998
4198
764
586
1133
955
2759
2057
7675
6932
8104
2335
7149
3786
7357
1506
5668
5255
6503
5040
2548
5882
3173
4627
1845
7896
3586
6296
6724
409
3373
1327
5455
1645
2960
106
4426
284
4839
6082
3999
4199
765
587
1134
956
2760
2058
6933
2336
7676
3787
1507
8105
5669
5256
6504
5041
2549
5883
3174
7150
1846
4628
3587
7468
6297
6725
410
3374
1328
5456
1646
2961
107
4427
285
4840
7897
6083
4000
4213
766
588
1135
957
2761
2135
6934
2337
3788
1508
5670
5257
6505
2550
5042
5884
7677
3175
1847
3588
4629
6298
6726
411
8106
3375
1329
5457
1647
2962
108
4428
7151
7469
286
4841
6084
4001
4214
767
589
1136
958
2762
2136
7898
6935
2338
3789
1509
5671
5258
6506
2551
5043
5885
3176
1848
3589
6299
4630
6727
425
3376
1330
5458
1648
7678
2963
109
4429
287
4842
6085
4002
8107
4215
768
590
1137
7152
959
2763
7470
2137
7899
6936
2339
3790
5672
1510
5259
6507
5044
2552
5886
3177
1849
3590
6300
4631
6728
426
1331
3377
5459
1649
2964
110
4430
4843
288
6086
4003
7679
4216
769
591
1138
960
2764
2138
8108
7153
7471
7900
6937
2340
3791
1511
5673
5260
6508
5045
2553
5887
3178
3591
1925
6301
4632
6729
427
1332
3378
5460
1650
2965
111
4431
4844
289
6087
4004
4217
770
592
1139
961
2765
2139
7680
8109
7154
7472
6938
2341
3792
7901
1512
5674
5261
6509
5046
2554
5888
3179
3592
1926
6302
4633
6730
428
1333
3379
5461
1651
2966
112
4432
4845
290
6088
4005
4218
771
593
1140
962
2766
2140
7681
6939
8110
2355
3793
7155
7473
1513
5675
5262
6510
5047
2555
5889
3180
3593
1927
6303
7902
4634
6731
429
1334
3380
5475
1652
2967
113
4433
4846
291
6089
4006
4219
772
594
1141
963
2767
2141
6940
7682
2356
3794
8111
1514
5676
5263
6511
5048
2556
5890
3181
7253
7474
3594
6304
1928
4635
6732
430
1335
3381
5476
1653
2968
114
4434
7903
4847
292
6090
4020
4220
773
595
1142
964
2768
2142
7051
2357
3795
7683
1515
5677
5264
6512
5049
2557
5891
3182
3595
6305
1929
8112
4636
6733
431
1336
3382
5477
7475
7254
1729
2969
115
4435
4848
293
6091
4021
4221
774
596
7904
1143
965
2769
2143
7052
2358
3796
1516
5678
5265
6513
5050
2558
5892
3183
3596
6306
7684
1930
4637
6734
432
1337
3383
5478
1730
2970
116
4436
8113
4849
294
6092
4022
7476
7255
4222
775
597
1144
966
2770
2144
7905
7053
2359
3797
1517
5679
5266
6514
5051
2559
5893
3184
6307
3597
1931
4638
6735
486
1338
3384
5479
1731
2971
7685
4437
117
4850
295
6093
4023
4223
776
8114
598
1145
967
2771
7477
7256
2145
7054
7906
2360
3798
1518
5680
5267
6515
5052
2560
3185
5894
6308
3598
1932
4639
6736
487
1339
3385
5480
1732
2972
4438
118
4851
296
6094
4024
7686
4224
777
599
1146
968
2772
2146
8115
7478
7055
7257
2361
3799
7907
1519
5681
5268
6516
5053
2561
3186
5895
6309
3599
1933
4640
6737
488
1340
3386
5481
1733
2973
4439
119
4852
297
6095
4025
4225
778
600
1147
969
2773
7687
2147
7056
8116
2362
3813
7479
7258
1520
5682
5269
6517
5054
2562
3187
5896
6310
3600
7908
1934
4641
6738
489
1341
3387
5482
1734
2974
4440
120
4853
298
6096
4026
4226
779
601
1148
970
2774
2148
7057
7688
2363
3814
8117
1521
5683
5270
7480
6518
5055
2563
3188
5897
7259
6311
3601
1935
4642
6836
490
1342
3388
5483
1735
2975
4441
121
7909
4854
299
6097
4027
4227
780
602
1149
971
2775
2149
7058
2364
3815
7689
1522
5684
5271
6519
5056
2564
3189
5898
8118
6312
3602
1936
4643
7481
6837
1343
491
3389
5484
7260
1736
2976
122
4442
4855
300
6098
4028
7910
4228
781
603
1150
972
2776
2150
7059
2365
3816
1523
5685
5272
6520
7690
5057
2565
3190
5899
6313
3603
1937
4644
6838
1344
492
8119
3390
5485
1737
2977
123
4443
7482
4856
301
7261
6099
4029
4229
795
604
1151
973
2777
7911
2151
7060
2366
3817
1524
5686
5273
6521
5058
2566
3191
5900
6314
3604
1938
4645
7691
6839
1345
493
3391
5486
2978
1738
124
4444
4857
302
8120
6100
4030
7483
4230
796
618
1152
974
7262
2778
2152
7061
2367
3818
7912
1525
5687
5274
6522
5059
2567
3192
5901
6315
3605
1939
4646
6840
1346
494
3392
5487
2979
1739
125
4445
7692
4858
303
6101
4031
4231
797
619
8121
1153
975
2779
7484
7062
2153
2368
7263
3819
1526
5688
7913
5275
6523
5060
2568
3193
6316
5902
3606
1940
4647
6841
1347
495
3393
5488
1740
2980
126
4446
4859
304
6102
4032
7693
4232
798
620
1154
976
2780
7063
2154
8122
2369
3820
7485
7264
1527
5689
5276
6621
5061
2569
3194
6317
5903
3620
1941
7914
4648
6842
1348
496
3394
5489
1741
2981
4447
127
4860
305
6103
4033
4233
799
621
1155
977
2781
7694
7064
2155
2370
3821
8123
1528
7486
5690
5277
6622
5062
2570
3195
6318
7265
5904
3621
1942
4649
6843
1349
497
3395
5490
1742
2982
7915
128
4448
4861
306
6104
4034
4234
800
622
978
1156
2782
7065
2156
2371
3822
7695
1529
5691
5278
6623
5063
8124
2571
3196
6319
5905
3622
7487
1943
4650
6844
7266
1350
498
3396
5491
1743
2983
4449
129
4862
307
6105
7916
4035
4235
801
623
979
1157
7066
2783
2372
2157
3823
1530
7696
5692
5279
6624
5064
2572
3197
6320
5906
3623
1944
4651
8125
6845
1351
499
3397
1744
5492
2984
7488
130
4450
7267
4863
308
6106
4036
4236
802
624
980
1158
7067
7917
2784
2373
3824
2158
1531
5693
5280
6625
5065
2573
3198
6321
5907
7697
3624
1945
4652
6846
1352
500
3398
1745
2985
5493
8126
131
4451
4864
309
7489
6107
4037
4237
803
7268
625
7068
1159
981
2785
2374
3825
2159
7918
1532
5694
5281
6626
5066
2574
3199
6399
5908
3625
1946
4653
6847
7698
1353
501
3399
1746
2986
5494
132
4452
4890
6449
4059
5106
4678
6228
5598
5813
2166
1751
3845
3226
1965
4476
6027
3643
3428
7102
2583
2998
1536
7303
5384
2796
2381
4260
7517
7719
7933
8134
6880
6671
1162
806
628
1356
984
311
503
133
4891
4060
6450
5184
6229
4679
5599
5814
4477
6028
2167
1752
3846
3227
1966
1537
3644
3429
2999
7103
5385
2584
2797
2382
7304
4261
7518
7720
7934
8135
6881
6672
1163
807
1357
985
629
312
504
134
6451
4061
4892
5185
6230
5600
4680
5815
4478
6029
2168
3847
1538
1753
3228
3645
5386
1967
3430
3000
7104
2798
4262
2585
2383
7305
7519
7721
7935
8136
6882
6673
6452
4893
5186
5601
4681
6231
4062
5816
4479
6030
2169
3848
1539
1754
3229
4263
1968
3646
5387
3431
3014
2799
7105
2586
2384
7520
7306
7722
7936
8137
6883
6674
1164
808
1358
986
683
313
505
135
6453
5602
4696
5187
4894
6232
4480
5817
4063
6031
2170
3849
1540
1755
3230
4264
1969
5388
3432
3647
2800
3015
2587
7106
2385
7521
7307
7723
7937
8138
6884
6675
1165
809
1359
987
684
314
506
136
6454
4697
5603
6233
5188
4895
4481
5818
4064
6032
1541
2171
3850
4265
1756
5389
3231
1970
3433
3648
2801
3016
2588
7107
2386
7522
7308
7724
7938
8139
6885
6676
1166
810
1360
988
6455
6234
4698
5604
5189
4896
4482
5819
685
6033
4065
315
507
137
1542
4266
2172
3851
5390
1757
1971
3232
3649
3434
2802
2589
3017
7108
2387
7523
7309
7939
7725
6886
8140
6677
6456
6235
5618
4699
5190
4974
4483
5820
6034
4066
1543
4267
2173
3852
5391
1758
1972
3233
3435
3650
2803
2590
1167
3018
7109
2388
824
7524
7310
1361
7940
7726
989
6887
8141
6678
686
316
508
138
6457
6236
5619
4700
5191
4975
4484
5821
6035
4067
4268
1544
2174
3853
5392
1973
1759
3234
3436
3651
2804
2591
3019
7110
2389
7525
7311
7941
7727
6888
8142
6679
1168
825
1362
990
687
317
509
139
6458
5620
6237
4775
5192
4976
4485
5822
6036
4269
1545
4068
2175
5393
3854
1974
1760
3235
3437
3652
2805
2592
3020
2390
7111
7526
7312
7942
7728
6889
8143
6680
1169
826
1363
991
6459
5621
6238
4776
5193
4486
4977
5823
6037
4270
1546
4069
5394
2176
3855
1975
1761
3236
3653
3438
2806
688
2593
3021
2391
7112
318
510
7527
140
7313
7943
7729
6890
8144
6681
6460
5622
6239
4777
5194
4487
4978
5824
6038
1547
4070
4271
5395
2177
3856
1170
1976
1762
3237
3654
3439
827
2807
2594
3022
2392
7113
1364
992
7528
7314
7944
7730
6891
8145
6682
689
319
511
141
6461
5623
6240
4778
5195
4488
4979
5825
6039
4071
1548
5396
4272
2178
3857
1977
1763
3655
3238
3440
2821
2595
2393
3023
7114
7529
7945
7315
7731
6892
8146
1171
6683
828
1365
993
6462
690
6241
5624
4779
5196
4489
4980
5826
512
320
142
6040
4072
1549
5397
2179
3858
4273
1978
1764
3656
3239
3441
2822
2596
2394
3024
7115
7530
7316
7946
7732
6893
8147
6684
1186
829
1366
6463
994
6255
5625
4780
5197
4490
4981
5827
6041
4073
1550
5398
2180
3859
4274
1979
1765
3657
3442
3240
2823
2597
2395
3025
7116
691
7531
7947
7317
7733
513
321
6894
143
8148
6685
6464
6256
5626
4781
5198
4568
4982
5828
6042
4074
1551
1187
5412
2181
3860
1980
4275
830
1766
3658
3443
3241
2824
995
1367
2598
2396
3026
7117
7532
7948
7318
7734
6895
8149
6686
692
514
322
144
6465
6257
5627
4782
5199
4569
4983
5829
6043
4075
1552
5413
2182
3861
1981
4276
3659
3444
3242
1767
2825
2599
2397
3027
7118
7533
7949
7319
7735
1188
6896
831
8150
996
1368
6687
6466
6258
5628
4783
5200
4570
4984
5830
4076
6044
693
1553
5414
2183
3862
1982
4277
323
515
3660
3445
3243
145
2826
1768
2600
2398
3028
7119
7534
7950
7320
7736
6897
8151
6688
1189
832
6467
6259
5629
4784
997
5201
1369
4571
4985
5831
4077
6045
1554
5415
2184
3863
1983
4278
3661
3446
3244
2827
1769
2601
2399
3029
7120
7535
694
7951
7321
7737
6898
324
516
8152
146
6689
6468
6260
5630
4785
5202
4572
4986
5832
4078
6046
1190
1555
5416
2185
833
1984
4279
3864
3662
3447
3245
2828
998
1770
1370
2615
2400
3030
7121
7536
7952
7322
7738
6899
8153
6690
695
6469
6261
5631
4786
5203
325
517
4573
4987
5833
147
4079
6047
1556
5417
2186
1985
4280
3865
3663
3448
3246
2829
1771
2616
2401
3031
7122
7537
1191
834
7953
7323
7739
6900
999
1371
8154
6691
6470
6262
5632
4787
5204
4574
4988
5834
4080
6048
5418
1557
2187
4281
1986
3866
696
3664
3449
3247
2830
1772
326
2617
518
2402
3032
7123
148
7538
7954
7324
7740
6901
8155
1192
6692
6471
835
6263
5633
4788
5205
1000
4575
4989
5835
1372
4081
6049
5419
1558
2188
4372
1987
3867
3665
3450
3248
2831
1773
2618
2403
3033
7124
7539
7955
7741
7325
697
6902
8156
327
519
149
6472
6693
6264
5634
4789
5219
4576
4990
5836
4082
6050
1193
5420
836
1559
2189
4373
1988
3868
3666
3451
3249
1001
2832
1373
1774
2619
2404
3034
7125
7540
7956
7742
7326
6903
8157
6473
6265
5635
4790
6694
5220
4577
4991
5837
698
4083
6051
328
520
5421
4374
150
2190
1989
1560
3869
3667
3452
3250
2833
1775
2620
2405
3035
1194
7269
837
7541
1002
7957
7743
1374
7327
6904
8158
6474
6266
5636
4791
5221
6695
4992
4578
5838
4084
6052
5422
4375
2191
1990
1561
3870
3668
3453
3251
2834
1776
699
2621
2406
3036
7270
329
521
7542
151
7958
7744
7328
7069
1195
6475
8159
838
6267
5637
4792
5222
4993
6696
4579
5839
1003
1375
4085
6053
5423
4376
2192
1991
3871
1576
3669
3454
3252
2835
1777
2622
2407
3037
7271
7543
7959
7745
7329
700
7070
6627
8160
6268
5638
4793
330
5223
522
4994
4580
5840
6848
152
4162
6054
1196
5424
839
4377
2193
1992
3872
1577
3670
1017
3455
3253
1376
2836
1778
2623
2408
3038
7272
7544
7960
7746
7330
6628
7071
6400
5639
8161
4794
5224
4995
4581
5841
4163
6849
6108
701
5425
4378
2194
1993
3873
331
523
1578
3671
3456
3254
2837
1779
153
2624
1197
2422
3039
893
7273
7545
1018
1377
7961
7747
7331
6629
7072
6401
5640
4795
5225
8162
4996
4582
5909
4164
6850
6109
5426
4379
2195
1994
3874
1579
3672
3457
3255
2838
1780
2625
2423
3040
702
7274
7546
332
524
7962
6630
154
7748
1198
7332
6402
5695
7073
894
4796
5226
4997
8163
4583
5910
1019
4165
1378
6851
6110
5427
4380
1995
2196
3875
1580
3673
3458
3256
2839
1781
2626
3041
2424
7275
7547
6631
7963
7749
7333
6422
5696
4797
7074
5227
703
4998
4584
5911
8164
4166
333
6111
525
6852
1199
155
895
5495
4381
1996
2197
3965
1581
1020
3674
3459
3257
1379
2840
1782
2627
3042
2425
7276
7548
6645
7964
6423
5697
7750
7490
4798
5282
7075
5012
4585
5912
8165
4167
6112
6853
5496
4382
1997
704
3966
2198
1582
3675
3460
3258
2841
1783
334
1200
526
2628
896
3043
2426
156
7277
1021
7549
1380
6646
6424
5698
7965
4865
7751
5283
7491
5067
4586
7076
5913
4168
8166
6190
6854
5497
4383
1998
3967
2199
1583
3676
3461
3259
2842
1784
2629
3044
2427
7278
705
7550
6647
1201
6425
5699
335
4866
7966
897
527
5284
7752
5068
7492
4654
5914
157
7077
4169
1022
8167
1381
6191
6855
5498
4384
1999
3968
2200
1584
3677
3462
3260
2843
1785
2630
3045
2428
7279
6648
7551
6426
5700
4867
5285
7967
5069
7753
4655
7493
5915
7078
4170
706
6192
8168
1202
6856
898
5499
4385
336
528
2000
3969
1585
2201
1023
158
3678
3463
1382
3261
2844
1786
2631
3046
2429
7280
6649
7552
6427
5701
4868
5286
7968
5070
4656
7754
5916
7494
4171
7079
6193
8169
6857
5500
4453
2001
3970
1586
2202
3679
3464
3262
707
1203
2845
1787
2632
899
3047
2430
337
529
1024
7281
6650
1383
159
6428
7553
5702
4869
5287
5071
7969
4657
5993
7755
7495
4238
6194
7080
8170
5501
4454
6858
2002
1587
3971
2216
3756
3465
3263
2846
2633
1788
3048
2431
6651
7282
1204
6429
5703
7554
708
4870
5288
900
5086
4658
7970
5994
7756
4239
338
7496
1025
530
6195
7081
1384
160
5502
8171
4455
6859
2003
1588
4038
2217
3757
3466
3264
2847
2634
1789
3049
2432
6652
7283
6430
5704
4871
7699
5289
5087
4659
5995
7971
4240
7757
6196
7497
1205
7082
709
901
5503
4456
8172
6860
2004
1026
4039
2218
1589
339
3758
531
1385
3467
3265
2848
161
2635
1790
3050
2433
6653
6431
7284
5705
4872
5290
7700
5088
4660
5996
7972
4241
6210
7758
7498
7083
4457
5504
8173
6861
2005
4040
2219
1590
3826
1206
3468
3266
2849
902
2636
710
1791
3051
2434
1027
6654
6432
1386
5706
340
7285
4873
532
5291
7701
5089
4661
162
5997
4242
7973
6211
7759
7499
7084
4458
5505
6862
8174
2006
4041
2220
1591
3827
3469
3267
2850
2637
1792
3052
2435
6655
6433
1207
5707
4874
5292
7286
903
5090
7702
4662
5998
711
4243
6212
1028
7974
7760
1387
7500
341
7085
533
4459
5506
2007
163
8175
6863
2221
4042
1592
3828
3626
3268
2851
2638
1793
3053
2436
6656
6434
5785
4875
5293
7287
5091
7703
4663
5999
4244
6213
7975
1208
7761
7501
904
7086
4460
5507
2008
712
1029
8176
4043
2222
6864
1593
3829
1388
3627
3269
2852
342
534
2639
1794
3054
2437
6657
6435
164
5786
4876
5294
7288
5092
4664
7704
6000
4245
6214
7976
7762
7502
4461
5508
7087
2009
4044
2223
8177
6865
1209
1594
3830
3628
3413
905
2853
2640
1795
6658
3055
2438
1030
6436
713
5787
4877
1389
5295
5093
7289
4665
6001
343
7705
535
4246
6215
7977
165
7919
7503
4462
5509
7088
2023
4045
2224
8178
3831
6866
1595
3629
3414
2854
2641
1796
6659
2439
3056
6437
5788
1210
4878
5296
5094
906
7290
4666
6002
7706
4247
6216
1031
714
7978
1390
7920
7504
4463
5510
7089
344
2024
536
4046
2225
3832
8179
1596
3630
6867
3415
166
2855
2642
6660
1797
2440
3200
6438
5789
4879
5297
5095
4667
7291
6003
4248
6217
7707
1224
7979
4464
907
7505
7921
5511
7090
1032
2025
4047
2226
1391
3833
1597
715
3631
8180
3416
6868
2856
6661
2643
1798
6439
2441
3201
345
5790
537
4880
5298
5096
4668
167
6017
7292
4249
6218
7708
7980
4465
7922
7506
5588
2026
7091
4048
2227
1225
1598
3834
3632
3417
8181
908
6869
2987
6662
2644
1033
6440
1799
2442
5791
3202
4881
5299
1392
5097
716
4669
6018
7293
4250
6219
7709
346
538
7981
4466
5589
7923
7507
168
2027
7092
4049
2228
1599
3835
3633
3418
8182
6870
2988
6663
2786
6441
5792
1800
2443
3203
1226
4882
5300
5098
909
4670
6019
4251
7294
6220
1034
7710
1393
4467
7982
717
5590
7508
7924
2028
4050
7093
2229
1600
347
3836
3634
539
3419
8183
6664
2989
6871
6442
2787
5793
169
2444
1801
3204
4883
5301
5099
4671
6020
4252
6221
7295
7711
1227
4468
910
7983
5591
7509
7925
1035
2029
4051
2230
7094
1601
1394
3635
3837
3420
6665
8184
2990
718
6872
6443
2788
5794
4884
2575
5302
3205
1802
5100
348
4672
540
6021
4253
6222
7296
7712
170
4469
8127
5592
7510
7926
2030
1228
4052
2231
7095
1602
3636
3838
911
6666
3421
2991
8185
6444
1036
6873
5795
2789
4885
5379
2576
3206
1803
5101
1395
4673
6022
4254
6223
719
7297
7713
4470
8128
349
5593
541
7511
7927
2160
4053
2375
171
7096
3637
3839
1603
6667
3422
2992
6445
8186
5796
6874
2790
4886
1229
5380
2577
1817
3220
5102
912
4674
4255
6023
6224
1090
7298
7714
4471
1396
8129
5594
7512
720
7928
2161
4054
2376
3638
7097
3840
6668
1604
3423
6446
2993
350
5797
8187
542
2791
4887
6875
5381
1947
2578
3221
5103
172
4675
4256
6024
6225
7299
1230
7715
4472
913
5595
8130
1091
7513
7929
2162
4055
2377
1397
6669
3639
3841
7098
1747
3424
6447
2994
5811
4888
8188
2792
5382
6876
721
1948
2579
3222
5104
4676
4257
6025
6226
351
7300
543
4473
7716
173
5596
8131
1231
7514
7930
2163
4056
2378
6670
3640
914
3842
1748
7099
3425
6448
5812
2995
1092
4889
5383
2793
8189
6877
1949
5105
2580
3223
1398
4677
6227
6026
4258
7301
4474
722
7717
5597
8132
352
2164
7515
7931
4057
2379
544
3641
3843
1749
3426
7100
174
2996
1232
2794
8190
1950
6878
3224
2581
4259
915
1093
4475
7302
7718
1399
8133
2165
7516
4058
7932
2380
723
3642
3844
1750
3427
7101
2997
2795
8191
1951
6879
3225
2582
353
545
1233
175
916
1094
1400
724
354
546
1234
176
917
1095
1401
725
355
547
1235
177
918
1096
1402
726
356
548
1236
919
178
1097
1403
727
357
1237
549
920
179
1098
1417
728
1238
358
550
921
1099
180
1418
729
1239
359
551
922
1100
181
1419
730
1240
360
923
552
1101
182
1420
731
1241
924
361
553
1102
183
1421
732
1242
925
362
554
1103
184
1422
733
1243
926
363
555
1104
185
1423
734
1244
927
364
556
1105
186
1424
735
1245
928
365
557
1106
187
1533
736
188
737
804
189
805
190
982
310
983
366
1160
367
1161
368
1354
502
1355
558
1534
559
1535
626
627