
31130
31949
15569
27035
27854
21302
13931
6560
23759
30311
11474
4920
18026
7379
19664
22940
18845
17207
9836
20483
1640
22121
29492
26216
25397
9017
8198
3280
12293
28673
10655
820
5740
24578
13112
2460
16388
4100
14750
0
31950
31131
15570
27036
27855
13932
21303
6561
23760
30312
18027
4921
19665
11475
7380
22941
17208
18846
22122
25398
1641
9837
20484
29493
26217
28674
3281
8199
13113
9018
10656
5741
16389
24579
2461
12294
821
4101
14751
1
31951
31132
15571
27037
27856
13933
21304
23761
6562
30313
18028
4922
19666
7381
17209
11476
18847
22942
22123
25399
9838
1642
20485
29494
28675
26218
8200
3282
10657
5742
12295
9019
24580
16390
13114
2462
822
4102
14752
2
31952
31133
15572
27038
27857
13934
23762
21305
6563
30314
18029
4923
19667
7382
17210
18848
22943
11477
22124
25400
1643
9839
20486
28676
26219
29495
8201
3283
5743
10658
13115
9020
24581
12296
16391
2463
823
4103
14753
3
31953
31134
15573
27858
13935
27039
23763
21306
6564
30315
18030
4924
19668
7383
17211
18849
22944
11478
22125
25401
9840
20487
1644
26220
28677
29496
8202
13116
3284
5744
10659
9021
24582
16392
2464
12297
824
4104
14754
4
31954
31135
15574
27859
13936
27040
23764
21307
30316
6565
18031
4925
19669
7384
18850
17212
22945
22126
11479
25402
9841
20488
1645
28678
26221
29497
3285
8203
5745
13117
10660
9022
12298
16393
24583
2465
825
4105
14755
5
31955
31136
27860
13937
15575
27041
23765
21308
30317
6566
18032
19670
4926
17213
7385
22946
18851
22127
11480
25403
9842
20489
1646
28679
29498
26222
3286
8204
5746
12299
13118
9023
10661
24584
16394
2466
826
4106
14756
6
31956
31137
27861
13938
15576
23766
27042
21309
30318
6567
18033
19671
4927
22947
17214
7386
18852
22128
11481
25404
9843
20490
28680
1647
26223
29499
3287
8205
13119
5747
9024
10662
24585
12300
16395
827
2467
4107
14757
7
31957
31138
13939
15577
27862
23767
27043
21310
30319
6568
18034
19672
4928
17215
22948
7387
18853
22129
11482
25405
9844
20491
1648
28681
26224
29500
3288
8206
13120
5748
9025
10663
24586
12301
16396
828
2468
31958
4108
31139
14758
8
15578
13940
27863
23768
27044
21311
30320
6569
18035
31959
19673
4929
22949
17216
7388
18854
31140
22130
11483
25406
20492
9845
1649
28682
29501
26225
3289
13121
8207
9026
5749
10664
24587
16397
12302
829
2469
4109
14759
9
31960
31141
15579
13941
27864
23769
27045
21312
30321
6570
18036
19674
4930
17217
22950
7389
18855
22131
11484
25407
20493
9846
29502
1650
28683
26226
3290
13122
8208
9027
5750
10665
24588
16398
830
12303
2470
4110
14760
10
31961
31142
15580
13942
23770
27865
27046
21313
30322
6571
18037
19675
4931
17218
22951
7390
18856
22132
25408
11485
20494
9847
29503
28684
1651
26227
3291
8209
13123
9028
5751
10666
24589
16399
12304
831
2471
4111
14761
11
31962
31143
15581
13943
23771
27866
27047
21314
30323
6572
19676
18038
4932
17219
18857
22952
7391
22133
25409
11486
20495
9848
29504
28685
1652
26228
3292
8210
13124
9029
5752
10667
24590
12305
16400
832
2472
4112
14762
12
31963
31144
15582
13944
23772
27867
27048
21315
30324
6573
19677
18039
4933
17220
18858
22953
7392
22134
25410
11487
20496
9849
29505
28686
1653
26229
3293
8211
13125
9030
10668
5753
12306
24591
16401
833
2473
4113
14763
13
31964
31145
13945
15583
23773
27868
27049
21316
30325
6574
19678
18040
4934
17221
18859
22954
7393
22135
25411
11488
20497
9850
29506
28687
1654
26230
3294
8212
13126
9031
12307
10669
5754
24592
16402
834
2474
4114
14764
14
31965
31146
15584
13946
23774
27869
27050
21317
30326
6575
19679
18041
4935
17222
22955
18860
7394
22136
25412
11489
20498
29507
9851
28688
1655
26231
3295
8213
13127
9032
12308
10670
5755
24593
16403
835
2475
4115
14765
15
31966
31147
15585
13947
23775
27051
27870
21318
30327
6576
19680
18042
4936
17223
22956
18861
7395
22137
25413
11490
20499
29508
9852
1656
28689
26232
3296
8214
12309
13128
9033
5756
10671
24594
16404
836
2476
4116
14766
31967
31148
16
15586
13948
23776
27052
27871
21319
30328
6577
19681
18043
4937
17224
22957
18862
7396
22138
25414
11491
20500
29509
9853
28690
1657
26233
3297
8215
13129
12310
9034
5757
24595
10672
16405
837
2477
31968
4117
31149
14767
17
15587
13949
23777
27053
27872
21320
30329
6578
19682
18044
4938
17225
18863
22958
7397
22139
25415
11492
29510
20501
9854
31969
28691
1658
26234
31150
3298
8216
13130
12311
9035
24596
5758
10673
16406
838
2478
4118
14768
18
15588
13950
23778
27054
27873
21321
30330
6579
31970
18045
19683
4939
17226
18864
22959
31151
7398
22140
25416
11493
29511
20502
9855
28692
1659
26235
3299
8217
13131
12312
9036
24597
5759
10674
16407
839
2479
4119
14769
19
31971
15589
13951
23779
31152
27055
27874
21322
30331
6580
18046
19684
4940
17227
18865
22960
7399
22141
25417
11494
29512
20503
9856
28693
1660
26236
3300
8218
13132
12313
24598
9037
5760
10675
16408
2480
840
4120
14770
20
31972
31153
15590
13952
23780
27875
27056
21323
30332
6581
18047
19685
4941
17228
18866
22961
7400
22142
25418
11495
29513
20504
9857
28694
1661
26237
3301
8219
13133
24599
12314
9038
5761
10676
16409
2481
841
4121
14771
21
31973
31154
15591
13953
23781
27876
27057
21324
30333
6582
18048
19686
4942
17229
18867
22962
7401
22143
25419
11496
20505
29514
9858
28695
1662
26238
8220
3302
13134
24600
5762
9039
12315
10677
16410
2482
842
4122
14772
22
31974
31155
15592
13954
23782
27877
27058
21325
30334
6583
18049
19687
4943
17230
18868
22963
7402
22144
25420
11497
20506
29515
9859
28696
1663
26239
8221
3303
13135
24601
9040
5763
10678
12316
16411
2483
843
4123
14773
23
31975
31156
15593
13955
23783
27878
27059
21326
30335
6584
18050
19688
4944
17231
18869
22964
7403
22145
25421
11498
20507
29516
9860
28697
1664
26240
8222
3304
13136
24602
9041
5764
10679
16412
12317
2484
844
4124
14774
31976
31157
24
15594
13956
27879
23784
27060
21327
30336
18051
6585
19689
4945
17232
18870
22965
7404
22146
25422
11499
20508
29517
9861
28698
1665
26241
8223
3305
13137
24603
9042
10680
5765
16413
12318
2485
845
4125
31977
14775
31158
25
15595
13957
27880
23785
27061
21328
30337
18052
6586
19690
4946
17233
18871
22966
7405
22147
25423
11500
20509
29518
9862
28699
1666
26242
8224
13138
3306
24604
9043
10681
16414
5766
12319
31978
2486
846
4126
31159
14776
26
15596
13958
27881
23786
27062
21329
30338
18053
6587
19691
4947
17234
18872
22967
7406
22148
25424
11501
20510
29519
9863
28700
1667
26243
31979
8225
13139
3307
24605
16415
10682
31160
9044
5767
12320
2487
847
4127
14777
27
15597
13959
27882
23787
27063
21330
30339
18054
6588
19692
4948
17235
18873
22968
7407
22149
31980
25425
11502
20511
29520
9864
31161
28701
1668
26244
8226
13140
3308
24606
16416
9045
5768
10683
12321
2488
848
4128
14778
28
15598
13960
27883
23788
27064
21331
30340
31981
18055
6589
19693
4949
18874
17236
22969
31162
7408
22150
25426
11503
20512
29521
9865
28702
1669
26245
8227
13141
3309
24607
16417
9046
5769
10684
12322
2489
849
4129
14779
29
15599
31982
13961
27884
23789
27065
31163
21332
30341
18056
6590
19694
4950
18875
17237
22970
7409
22151
25427
11504
20513
29522
9866
28703
1670
26246
13142
8228
3310
24608
16418
9047
10685
5770
12323
2490
850
4130
14780
30
31983
31164
15600
13962
27885
23790
27066
21333
30342
18057
6591
19695
4951
18876
17238
22971
22152
7410
25428
11505
20514
29523
9867
28704
1671
26247
13143
8229
3311
24609
16419
10686
9048
5771
12324
2491
851
4131
14781
31
31984
31165
15601
13963
27886
23791
27067
21334
30343
18058
6592
19696
4952
18877
17239
22972
22153
7411
25429
11506
20515
29524
9868
28705
1672
26248
13144
8230
3312
16420
24610
9049
10687
5772
12325
2492
852
4132
14782
31985
32
31166
15602
13964
27887
23792
27068
21335
30344
18059
6593
19697
4953
18878
17240
22973
22154
7412
25430
11507
20516
29525
9869
28706
1673
26249
13145
8231
3313
16421
24611
9050
10688
5773
12326
2493
853
4133
14783
31986
31167
33
15603
13965
27888
23793
27069
21336
30345
18060
6594
19698
18879
4954
17241
22974
22155
7413
25431
11508
20517
29526
9870
28707
1674
26250
13146
8232
3314
16422
24612
9051
10689
5774
12327
2494
854
4134
31987
31168
14784
34
15604
13966
27889
23794
27070
21337
30346
18061
6595
19699
18880
4955
17242
22975
22156
7414
25432
11509
20518
29527
9871
28708
1675
26251
13147
8233
3315
16423
24613
9052
10690
5775
12328
31988
2495
855
4135
31169
14785
35
15605
13967
27890
23795
27071
21338
30347
18062
6596
19700
18881
4956
17243
22976
22157
7415
25433
11510
20519
29528
9872
28709
1676
26252
13148
8234
31989
3316
16424
24614
9053
10691
5776
12329
31170
2496
856
4136
14786
36
18018
25389
2457
18837
5733
7371
27027
6552
3276
15561
8190
17199
20475
26208
14742
11466
27846
12285
4914
28665
13923
30303
23751
22113
29484
16380
10647
22932
31122
1638
19656
9828
819
9009
37
13104
21294
4095
31945
24570
18019
25390
2458
18838
5734
27028
7372
6553
17200
3277
15562
20476
26209
14743
8191
27847
30304
11467
22933
23752
13924
22114
28666
29485
16381
4915
31123
19657
1639
10648
13105
12286
9829
21295
38
9010
857
31946
4096
24571
18020
25391
2459
18839
5735
27029
7373
17201
6554
3278
15563
20477
26210
14744
30305
27848
22934
8192
23753
11468
22115
29486
28667
13925
16382
13106
19658
31124
4916
1677
10649
12287
9830
21296
9011
39
858
31947
4097
24572
18021
25392
18840
2497
5736
27030
7374
17202
6555
15564
20478
3279
26211
14745
27849
30306
22935
23754
22116
29487
28668
13107
13926
11469
31125
16383
8193
19659
1678
4917
10650
12288
21297
9831
9012
40
31948
859
4098
24573
18022
25393
18841
2498
5737
27031
7375
17203
15565
6556
3317
20479
26212
14746
22936
30307
27850
23755
29488
22117
13108
31126
28669
13927
16384
11470
19660
8194
4918
1679
10651
21298
12289
9832
9013
31990
41
860
4099
24574
18023
25394
18842
2499
5738
27032
7376
17204
20480
15566
26213
3318
6557
14747
22937
30308
23756
27851
13109
29489
31127
22118
13928
28670
16385
11471
19661
8195
4919
1680
10652
21299
12290
9833
9014
31991
42
861
4137
24575
18024
25395
18843
2500
5739
27033
7377
20481
17205
26214
15567
3319
6558
14748
22938
30309
23757
13110
27852
29490
31128
22119
13929
28671
16386
19662
11472
4957
8196
1681
10653
21300
12291
9834
31992
9015
43
862
4138
24576
18025
18844
25396
2501
5777
27034
7378
20482
17206
26215
15568
3320
6559
14749
22939
13111
30310
23758
29491
27853
31129
22120
13930
28672
16387
19663
11473
4958
1682
8197
10654
21301
12292
31993
9835
9016
44
863
4139
24577
18063
18882
25434
2502
5778
27072
7416
20520
17244
26253
15606
3321
6597
14787
22977
13149
30348
23796
29529
27891
31171
22158
13968
28710
16425
19701
11511
1683
8235
4959
10692
21339
9873
31994
12330
9054
45
864
4140
24615
18064
18883
25435
2503
5779
27073
7417
20521
15607
17245
26254
3322
14788
6598
22978
13150
30349
23797
31172
27892
29530
22159
13969
28711
16426
19702
11512
1684
4960
8236
10693
21340
9874
31995
12331
9055
46
865
4141
24616
18065
18884
25436
2504
5780
27074
7418
20522
15608
26255
17246
3323
14789
6599
22979
30350
23798
13151
29531
31173
27893
22160
13970
28712
16427
19703
11513
1685
4961
8237
10694
21341
9875
31996
12332
9056
47
866
4142
24617
18066
18885
25437
2505
5781
27075
7419
20523
15609
26256
17247
3324
14790
6600
22980
30351
23799
29532
31174
13152
27894
13971
22161
28713
16428
19704
11514
1686
4962
8238
10695
21342
9876
31997
12333
9057
48
867
4143
24618
18067
18886
25438
2506
5782
27076
7420
15610
20524
26257
17248
3325
14791
6601
22981
23800
30352
29533
31175
27895
13972
22162
13153
28714
16429
19705
11515
1687
4963
8239
10696
21343
9877
12334
31998
9058
49
868
4144
24619
18068
18887
25439
2507
5783
27077
7421
15611
20525
26258
17249
3326
14792
6602
22982
23801
30353
29534
31176
27896
13973
22163
13154
28715
16430
19706
11516
1688
4964
8240
10697
21344
9878
12335
31999
9059
50
869
24620
4145
18069
18888
25440
2508
5784
27078
7422
15612
20526
26259
17250
3327
14793
6603
22983
23802
30354
29535
31177
27897
13974
22164
28716
13155
16431
19707
11517
1689
4965
8241
10698
21345
12336
9879
32000
9060
51
870
24621
4146
18070
18889
25441
2509
5785
27079
7423
15613
20527
26260
17251
3328
14794
22984
6604
23803
30355
29536
31178
27898
22165
13975
28717
13156
16432
19708
11518
1690
4966
8242
10699
21346
9880
12337
32001
9061
52
871
24622
4147
18071
18890
25442
2510
5786
27080
7424
15614
20528
26261
17252
3329
14795
22985
6605
23804
29537
30356
31179
27899
22166
13976
28718
13157
16433
19709
11519
1691
4967
8243
10700
21347
9881
12338
32002
9062
53
872
24623
4148
18072
18891
25443
2511
5787
27081
7425
15615
20529
26262
17253
3330
22986
14796
6606
23805
29538
30357
31180
27900
22167
13977
13158
28719
16434
19710
11520
1692
4968
8244
10701
21348
9882
12339
32003
9063
54
873
24624
4149
18073
18892
25444
2512
5788
27082
7426
15616
20530
17254
26263
3331
22987
14797
6607
23806
29539
31181
30358
27901
22168
13978
13159
28720
16435
19711
11521
1693
4969
8245
10702
21349
9883
12340
32004
9064
55
874
24625
4150
18074
18893
25445
2513
5789
7427
27083
15617
17255
20531
26264
3332
22988
14798
6608
23807
29540
31182
30359
22169
27902
13979
13160
28721
16436
19712
11522
1694
4970
8246
10703
21350
9884
12341
32005
9065
56
875
24626
4151
18075
18894
25446
2514
5790
7428
27084
15618
17256
20532
26265
3333
22989
14799
6609
23808
29541
31183
30360
27903
22170
13980
28722
13161
16437
19713
1695
11523
4971
8247
10704
21351
9885
12342
32006
9066
57
876
24627
4152
18076
18895
25447
2515
5791
7429
27085
15619
17257
20533
26266
3334
22990
6610
14800
23809
29542
30361
31184
27904
22171
13981
28723
13162
16438
19714
1696
4972
11524
8248
10705
21352
9886
12343
32007
9067
58
877
24628
4153
18077
18896
25448
2516
5792
7430
27086
15620
17258
20534
26267
3335
22991
6611
14801
23810
29543
30362
31185
22172
27905
13982
28724
13163
16439
19715
1697
4973
11525
8249
10706
21353
9887
12344
32008
9068
59
878
24629
4154
18078
18897
25449
2517
5793
7431
27087
15621
17259
20535
26268
3336
22992
6612
14802
23811
29544
30363
31186
22173
27906
13983
28725
13164
16440
19716
1698
4974
11526
8250
10707
21354
9888
12345
32009
9069
60
879
24630
4155
18079
18898
25450
2518
5794
7432
27088
15622
17260
20536
26269
3337
22993
6613
14803
23812
29545
30364
31187
22174
27907
13984
28726
13165
16441
19717
1699
4975
11527
8251
10708
21355
9889
12346
32010
9070
61
880
24631
4156
18080
18899
25451
2519
5795
7433
27089
15623
17261
20537
26270
3338
22994
6614
14804
23813
29546
30365
31188
22175
27908
13985
28727
13166
16442
19718
1700
4976
11528
8252
10709
21356
9890
12347
32011
9071
62
881
24632
4157
18081
18900
25452
2520
5796
7434
27090
17262
15624
20538
26271
3339
22995
6615
14805
23814
29547
30366
31189
22176
27909
28728
13986
13167
16443
19719
1701
4977
11529
8253
10710
9891
21357
12348
32012
9072
63
882
24633
4158
18082
18901
25453
2521
5797
7435
27091
17263
15625
20539
26272
3340
22996
6616
14806
23815
29548
30367
31190
22177
27910
28729
13987
16444
13168
19720
1702
4978
11530
8254
10711
9892
21358
12349
32013
9073
64
883
24634
4159
18083
18902
25454
2522
5798
7436
27092
17264
15626
20540
26273
3341
22997
6617
14807
23816
29549
30368
31191
22178
27911
28730
13169
19721
13988
16445
1703
4979
11531
8255
10712
9893
21359
12350
32014
9074
65
884
24635
4160
18084
18903
25455
2523
5799
7437
27093
17265
15627
26274
20541
3342
22998
6618
14808
23817
29550
30369
31192
22179
27912
28731
13170
19722
16446
13989
1704
4980
11532
8256
10713
9894
21360
12351
9075
32015
66
885
24636
4161
18085
18904
25456
2524
5800
7438
27094
17266
15628
26275
20542
3343
22999
6619
14809
23818
29551
30370
31193
22180
27913
28732
13171
19723
16447
13990
4981
1705
11533
8257
10714
9895
21361
12352
9076
32016
67
886
24637
4162
18086
18905
25457
2525
5801
7439
27095
17267
15629
26276
20543
3344
23000
6620
14810
23819
29552
30371
31194
22181
27914
28733
13172
19724
16448
13991
1706
4982
11534
8258
10715
9896
21362
12353
9077
32017
68
887
24638
4163
18087
18906
25458
2526
5802
7440
27096
17268
15630
26277
20544
3345
23001
6621
14811
23820
29553
30372
31195
22182
27915
28734
13173
19725
16449
13992
4983
1707
11535
8259
10716
9897
21363
12354
9078
32018
69
888
24639
4164
18088
18907
25459
2527
5803
7441
27097
17269
15631
26278
20545
3346
23002
6622
14812
23821
29554
30373
31196
22183
27916
28735
13174
19726
16450
13993
4984
1708
11536
8260
10717
9898
21364
12355
9079
32019
70
889
24640
4165
18089
18908
25460
2528
5804
7442
27098
17270
15632
26279
20546
3347
23003
6623
14813
23822
29555
30374
31197
22184
27917
28736
13175
19727
16451
13994
4985
1709
11537
8261
10718
9899
21365
12356
9080
32020
71
890
24641
4166
18090
18909
25461
2529
5805
7443
27099
17271
15633
26280
20547
3348
23004
6624
14814
23823
29556
30375
31198
22185
28737
27918
13176
19728
16452
13995
4986
1710
11538
8262
10719
9900
21366
12357
9081
32021
72
891
24642
4167
18091
18910
25462
2530
5806
7444
27100
17272
15634
26281
20548
3349
23005
6625
23824
14815
29557
30376
22186
31199
28738
27919
13177
19729
16453
13996
4987
1711
11539
8263
10720
9901
21367
12358
9082
32022
73
892
24643
4168
18092
25463
18911
26285
31202
25466
24646
27104
30380
28742
23008
32024
27923
23827
29561
7445
4988
6626
10721
11540
8264
4169
12359
9902
3350
18913
9083
5807
15635
2531
17273
18093
13997
893
20551
16454
19732
74
22189
14816
1712
21370
13178
26286
30381
24647
25467
27105
31203
23009
28743
27924
32025
23828
29562
7446
4989
8265
6627
11541
10722
4170
9903
12360
18914
3351
2532
5808
9084
15636
18094
17274
13998
894
20552
19733
16455
75
14817
22190
1713
21371
13179
26287
24648
30382
25468
23010
27106
31204
28744
27925
23829
32026
29563
4990
7447
8266
6628
11542
4171
10723
12361
9904
18915
9085
3352
2533
18095
5809
15637
13999
17275
20553
19734
16456
895
14818
76
22191
1714
21372
13180
26288
24649
30383
25469
23011
31205
27107
28745
27926
23830
32027
29564
4991
7448
8267
6629
10724
11543
4172
12362
9905
9086
3353
2534
18916
5810
18096
15638
14000
17276
20554
16457
19735
896
77
14819
22192
21373
1715
13181
26289
24650
30384
25470
23012
31206
27108
27927
28746
32028
23831
29565
4992
7449
8268
10725
6630
11544
4173
12363
9906
9087
3354
18917
5811
2535
18097
15639
14001
17277
16458
897
20555
19736
78
14820
22193
21374
1716
13182
26290
30385
24651
25471
31207
23013
27928
27109
28747
32029
29566
23832
4993
7450
8269
10726
6631
11545
4174
12364
9907
9088
3355
18918
5812
2536
18098
15640
14002
16459
17278
898
20556
19737
79
14821
22194
21375
1717
13183
26291
30386
24652
25472
31208
23014
27929
27110
28748
32030
29567
23833
4994
7451
8270
10727
6632
11546
4175
12365
9908
9089
3356
18919
5813
2537
18099
14003
15641
16460
899
17279
20557
19738
80
14822
22195
21376
1718
13184
26292
30387
24653
25473
31209
23015
27930
27111
28749
32031
29568
23834
4995
7452
8271
10728
6633
11547
4176
12366
9909
9090
3357
18920
5814
2538
18100
14004
15642
16461
17280
900
20558
19739
81
14823
22196
21377
1719
13185
26293
30388
24654
25474
31210
23016
27931
27112
32032
28750
29569
23835
4996
7453
8272
10729
6634
11548
4177
12367
9910
9091
18921
5815
3358
2539
18101
14005
15643
16462
17281
20559
901
19740
14824
82
21378
22197
1720
13186
26294
30389
24655
25475
31211
27932
23017
32033
27113
28751
29570
23836
4997
7454
8273
10730
6635
11549
4178
12368
9911
9092
18922
5816
3359
2540
18102
14006
15644
16463
20560
19741
17282
902
14825
83
21379
22198
1721
13187
26295
30390
24656
25476
31212
27933
23018
32034
27114
28752
29571
23837
4998
7455
8274
10731
6636
11550
4179
12369
9912
9093
18923
5817
3360
2541
18103
14007
16464
15645
20561
19742
17283
903
14826
84
21380
22199
1722
13188
26296
30391
24657
25477
31213
27934
23019
32035
27115
28753
29572
23838
4999
7456
8275
10732
6637
11551
4180
12370
9913
9094
18924
3361
5818
2542
18104
14008
16465
15646
20562
17284
19743
904
14827
85
21381
22200
1723
13189
26297
30392
24658
25478
31214
27935
23020
32036
27116
28754
29573
23839
5000
7457
8276
10733
6638
11552
4181
12371
9914
9095
18925
3362
5819
2543
18105
14009
16466
15647
20563
19744
17285
905
14828
86
21382
22201
1724
13190
26298
30393
24659
25479
31215
27936
23021
32037
27117
28755
29574
23840
5001
7458
8277
10734
6639
11553
4182
12372
9915
9096
18926
3363
5820
2544
18106
14010
16467
15648
20564
19745
17286
906
14829
87
21383
22202
1725
13191
26299
30394
24660
25480
31216
27937
23022
32038
28756
27118
29575
23841
5002
7459
8278
10735
6640
11554
4183
12373
9916
9097
18927
3364
5821
14011
18107
2545
16468
15649
20565
17287
19746
907
14830
88
21384
22203
1726
13192
26300
30395
24661
31217
25481
27938
23023
32039
28757
27119
29576
23842
5003
7460
8279
10736
6641
11555
4184
12374
9917
9098
18928
5822
3365
14012
18108
2546
16469
15650
20566
17288
19747
908
14831
89
21385
22204
1727
13193
26301
30396
24662
31218
25482
27939
23024
32040
28758
27120
29577
23843
5004
7461
8280
10737
6642
11556
4185
12375
9918
9099
18929
5823
3366
14013
18109
2547
16470
17289
20567
15651
19748
909
14832
90
21386
22205
1728
13194
26302
30397
24663
31219
27940
25483
23025
32041
28759
27121
29578
23844
5005
7462
8281
10738
6643
11557
4186
12376
9919
9100
18930
5824
3367
18110
14014
2548
16471
15652
17290
20568
19749
910
14833
91
21387
22206
1729
13195
26303
30398
24664
31220
27941
25484
32042
23026
28760
27122
29579
23845
5006
7463
8282
10739
6644
11558
4187
12377
9920
9101
5825
18931
3368
18111
14015
2549
16472
17291
20569
19750
15653
911
14834
92
21388
22207
1730
13196
26304
30399
24665
31221
27942
25485
32043
23027
28761
27123
29580
23846
5007
7464
8283
10740
6645
11559
4188
12378
9921
9102
5826
18932
3369
18112
14016
2550
16473
20570
17292
19751
15654
912
14835
93
21389
22208
1731
26305
30400
24666
13197
31222
27943
25486
32044
23028
28762
27124
29581
23847
5008
7465
8284
10741
6646
11560
4189
12379
9922
9103
5827
18933
3370
18113
14017
2551
16474
20571
17293
15655
19752
913
14836
21390
94
22209
1732
26306
30401
24667
31223
13198
27944
25487
32045
23029
28763
27125
29582
23848
5009
7466
8285
10742
11561
6647
4190
12380
9923
9104
5828
18934
18114
3371
14018
2552
16475
20572
17294
15656
19753
914
14837
21391
95
22210
1733
26307
30402
24668
31224
27945
25488
32046
23030
28764
13199
27126
29583
23849
5010
7467
8286
10743
11562
6648
4191
12381
9924
9105
5829
18935
18115
3372
14019
2553
16476
20573
15657
17295
19754
915
14838
21392
96
22211
26308
30403
24669
1734
31225
27946
25489
32047
23031
28765
27127
29584
13200
23850
5011
7468
8287
10744
11563
6649
4192
12382
9925
9106
5830
18936
18116
14020
3373
2554
16477
15658
20574
17296
19755
916
14839
21393
97
22212
26309
30404
24670
31226
1735
27947
25490
32048
23032
28766
27128
29585
23851
13201
5012
7469
8288
10745
11564
6650
4193
12383
9926
9107
5831
18937
18117
14021
2555
3374
16478
15659
20575
17297
19756
917
14840
21394
98
26310
30405
24671
22213
31227
27948
25491
32049
23033
1736
28767
27129
29586
23852
13202
5013
7470
8289
10746
11565
6651
4194
12384
9927
9108
5832
18938
18118
14022
2556
3375
15660
16479
17298
20576
19757
918
14841
26311
30406
21395
24672
99
22214
31228
25492
27949
32050
23034
28768
27130
1737
29587
23853
13203
5014
7471
8290
10747
11566
6652
4195
12385
9928
5833
9109
18939
18119
14023
2557
16480
15661
3376
17299
20577
19758
919
26312
30407
24673
14842
21396
100
31229
22215
27950
25493
32051
23035
28769
27131
29588
1738
23854
13204
5015
7472
8291
10748
11567
6653
4196
12386
9929
5834
9110
18940
18120
14024
2558
16481
15662
17300
20578
3377
19759
920
26313
30408
24674
31230
14843
21397
101
27951
25494
32052
22216
23036
28770
27132
29589
23855
1739
13205
5016
7473
8292
10749
11568
6654
4197
12387
9930
5835
9111
18941
18121
14025
2559
16482
15663
17301
20579
26314
19760
30409
3378
24675
921
31231
14844
21398
25495
27952
32053
102
23037
28771
27133
22217
29590
23856
1740
13206
5017
7474
8293
11569
10750
6655
4198
12388
9931
5836
9112
18942
18122
14026
2560
26315
30410
16483
17302
24676
15664
20580
3379
19761
922
31232
25496
27953
32054
21399
14845
23038
28772
27134
103
29591
22218
23857
1741
5018
13207
7475
8294
11570
10751
6656
4199
12389
9932
5837
9113
18943
18123
14027
26316
30411
24677
2561
16484
17303
20581
15665
3380
19762
31233
923
25497
27954
32055
23039
28773
27135
21400
14846
29592
104
22219
23858
1742
5019
13208
7476
8295
11571
10752
6657
4200
12390
9933
5838
9114
18944
30412
18124
26317
14028
24678
2562
16485
17304
31234
20582
3381
15666
19763
25498
27955
924
32056
23040
28774
27136
29593
21401
14847
105
23859
22220
1743
5020
7477
13209
8296
11572
10753
6658
4201
12391
9934
5839
9115
18945
30413
26318
24679
18125
14029
31235
2563
16486
17305
20583
3382
25499
15667
27956
19764
32057
925
23041
28775
27137
29594
21402
14848
23860
106
22221
1744
5021
7478
13210
8297
11573
6659
10754
4202
12392
9935
5840
9116
30414
26319
24680
18946
18126
14030
31236
25500
2564
27957
16487
17306
3383
20584
15668
32058
23042
27138
28776
19765
926
29595
21403
14849
23861
107
22222
1745
5022
7479
8298
13211
11574
6660
10755
4203
12393
30415
26320
9936
5841
9117
24681
18947
18127
31237
14031
25501
27958
2565
32059
16488
23043
27139
3384
28777
17307
20585
15669
19766
927
29596
23862
21404
14850
108
22223
1746
5023
7480
8299
11575
13212
6661
10756
4204
30416
12394
26321
24682
9937
5842
9118
18948
31238
18128
25502
14032
27959
32060
27140
23044
28778
2566
16489
17308
3385
20586
15670
29597
19767
928
23863
21405
14851
109
22224
1747
5024
7481
8300
11576
6662
10757
13213
4205
30417
26322
12395
24683
5843
9938
9119
31239
18949
25503
18129
27960
32061
14033
27141
23045
28779
2567
16490
3386
17309
29598
15671
20587
19768
929
23864
21406
14852
110
22225
1748
5025
7482
8301
11577
6663
10758
4206
13214
30418
26323
24684
12396
5844
9939
31240
9120
25504
27961
18950
18130
32062
27142
23046
28780
14034
29599
2568
16491
17310
3387
15672
20588
19769
930
23865
21407
14853
111
22226
1749
5026
7483
8302
11578
6664
10759
4207
13215
30419
26324
24685
12397
31241
5845
9940
9121
25505
27962
27143
32063
18951
23047
28781
18131
14035
29600
2569
16492
17311
3388
15673
20589
19770
23866
931
21408
14854
112
22227
5027
1750
7484
8303
11579
6665
10760
4208
30420
13216
26325
24686
12398
31242
25506
5846
9941
27963
9122
27144
32064
23048
28782
18952
18132
29601
14036
2570
16493
17312
15674
3389
20590
23867
19771
932
14855
21409
113
22228
5028
1751
7485
8304
6666
11580
10761
4209
30421
26326
24687
13217
31243
12399
25507
27964
9942
5847
27145
9123
32065
28783
23049
18953
18133
29602
14037
2571
16494
17313
3390
15675
933
20591
23868
19772
21410
14856
114
22229
1752
5029
7486
8305
6667
11581
10762
30422
4210
26327
24688
13218
31244
25508
12400
27965
27146
32066
5848
28784
9943
23050
9124
29603
18954
18134
2572
14038
934
16495
3391
17314
15676
23869
20592
19773
115
14857
21411
22230
1753
5030
7487
8306
6668
11582
10763
30423
4211
26328
24689
31245
13219
25509
27966
12401
27147
28785
32067
23051
5849
9944
9125
2573
29604
18955
18135
935
14039
23870
3392
16496
17315
15677
20593
19774
116
14858
21412
1754
22231
5031
7488
8307
6669
11583
30424
10764
26329
4212
24690
31246
25510
13220
27967
27148
28786
32068
12402
2574
23052
5850
9945
9126
29605
936
18956
18136
14040
23871
3393
16497
17316
117
15678
20594
19775
14859
1755
21413
22232
5032
7489
8308
30425
6670
11584
10765
26330
24691
4213
31247
25511
27968
13221
27149
2575
28787
32069
12403
23053
937
5851
9946
9127
29606
18957
18137
23872
14041
118
3394
16498
17317
15679
20595
19776
1756
14860
21414
5033
22233
7490
30426
8309
6671
26331
11585
10766
24692
4214
31248
25512
2576
27969
27150
28788
32070
938
13222
12404
23054
29607
5852
9947
9128
18138
18958
119
23873
14042
3395
16499
15680
17318
20596
19777
1757
14861
21415
5034
22234
7491
30427
8310
26332
6672
10767
11586
24693
4215
31249
2577
25513
27970
939
27151
28789
32071
13223
12405
23055
29608
5853
9948
9129
120
23874
18139
18959
14043
3396
16500
15681
17319
1758
20597
19778
14862
21416
5035
22235
7492
30428
26333
8311
24694
6673
10768
11587
4216
2578
31250
25514
940
27971
27152
28790
32072
13224
29609
23056
12406
5854
9130
9949
121
23875
18140
18960
14044
3397
1759
16501
15682
17320
20598
19779
14863
21417
5036
22236
30429
7493
26334
24695
8312
6674
10769
11588
2579
4217
31251
941
25515
27972
27153
28791
32073
29610
23057
12407
13225
122
5855
9131
9950
23876
18141
18961
1760
14045
3398
16502
15683
17321
20599
19780
14864
21418
5037
30430
7494
22237
26335
24696
2580
8313
6675
10770
11589
942
31252
4218
25516
27973
27154
28792
32074
123
29611
23058
12408
13226
5856
9132
9951
23877
1761
18142
18962
14046
3399
16503
15684
17322
20600
19781
14865
21419
5038
30431
7495
26336
2581
24697
22238
8314
943
6676
10771
11590
31253
25517
4219
27974
27155
28793
32075
124
29612
23059
12409
5857
9133
9952
13227
23878
1762
18143
18963
14047
3400
16504
15685
17323
20601
19782
14866
5039
21420
30432
2582
26337
7496
24698
944
22239
8315
6677
10772
11591
31254
25518
4220
27975
27156
28794
32076
125
29613
23060
12410
5858
23879
1763
9134
9953
13228
18144
18964
14048
3401
16505
15686
17324
20602
19783
5040
30433
14867
2583
21421
26338
945
24699
7497
8316
22240
6678
31255
10773
11592
25519
27976
4221
27157
28795
32077
126
29614
23061
1764
12411
23880
5859
9135
9954
13229
18145
18965
14049
3402
16506
25653
24971
27568
5321
3959
2043
28249
1362
32215
30164
3405
4640
23609
2724
19785
21017
26206
22375
9961
24290
20338
22928
9280
13792
13238
14473
28930
8599
18425
17744
21696
30845
29483
6683
19106
26887
31530
17065
15153
6002
7237
11877
10515
127
11196
681
12558
15832
16512
7918
25654
27569
5322
24972
2044
3960
1363
28250
30165
3406
4641
32216
2725
23610
19786
21018
26207
9962
20339
22376
22929
24291
9281
13793
13239
14474
28931
21697
8600
18426
17745
30846
29558
19107
26888
6684
31531
6003
17066
10516
15154
11878
128
11197
7238
12559
682
7919
16513
15833
25655
27570
24973
5323
2045
1364
3961
30166
28251
4642
3407
32217
2726
23611
19787
26282
21019
20340
9963
24292
22930
22377
9282
13240
13794
14475
21698
8601
28932
26889
18427
17746
29559
30847
19108
31532
6685
17067
6004
10517
15155
11879
129
12560
11198
7239
683
7920
16514
15834
25656
27571
24974
5324
2046
1365
3962
30167
28252
4643
3408
32218
2727
23612
19788
26283
21020
20341
22378
9964
22931
24293
9283
13241
21699
13795
26890
14476
8602
29560
28933
18428
17747
30848
31533
19109
6686
17068
10518
11880
15156
6005
130
7240
11199
12561
684
7921
16515
15835
25657
27572
24975
5325
1366
2047
3963
30168
28253
4644
3409
32219
2728
23613
19789
26284
21021
20342
22379
9965
23006
24294
26891
9284
21700
13242
13796
14477
8603
29615
31534
28934
18429
17748
30849
19110
17069
6687
11881
10519
15157
6006
131
12562
7241
11200
685
7922
16516
15836
25658
27573
24976
5326
1367
2048
30169
3964
28254
4645
32220
3410
2729
23614
19790
21022
26339
20343
22380
9966
23007
24295
26892
21701
9285
13243
13797
14478
29616
31535
8604
28935
18430
17749
30850
19111
17070
11882
6688
15158
6007
10520
7242
132
12563
11201
7923
686
15837
16517
25659
27574
24977
5327
2049
1368
30170
3965
28255
4646
32221
3411
2730
23615
21023
19791
26340
22381
20344
23062
9967
24296
26893
21702
9286
13244
13798
29617
31536
14479
8605
28936
18431
30851
17750
19112
17071
11883
6689
15159
7243
133
10521
6008
12564
11202
7924
687
15838
16518
25660
27575
24978
5328
1369
2050
30171
3966
28256
4647
32222
3412
2731
21024
23616
26341
19792
22382
20345
23063
9968
24297
26894
21703
9287
13245
13799
31537
29618
14480
8606
28937
18432
30852
17751
19113
11884
6690
17072
7244
15160
10522
134
12565
11203
6009
688
7925
15839
16519
25661
27576
5329
24979
1370
2051
30172
3967
28257
4648
32223
3413
2732
21025
23617
26342
19793
22383
20346
23064
9969
26895
24298
21704
9288
13246
31538
13800
29619
14481
8607
28938
18433
30853
17752
19114
6691
11885
17073
7245
15161
12566
135
10523
689
11204
6010
7926
16520
15840
25662
27577
5330
24980
1371
2052
30173
3968
28258
4649
32224
3414
2733
21026
22384
26343
23618
19794
20347
23065
9970
26896
24299
21705
9289
13247
31539
13801
29620
14482
8608
28939
18434
17753
30854
19115
6692
11886
17074
7246
15162
12567
10524
136
11205
6011
7927
690
16521
15841
25663
27578
5331
1372
24981
2053
30174
3969
28259
4650
32225
3415
21027
2734
22385
26344
9971
23619
19795
20348
9290
13248
23066
26897
13802
14483
24300
8609
21706
31540
18435
17754
29621
19116
28940
30855
6693
11887
17075
7247
15163
137
12568
10525
11206
691
6012
7928
16522
15842
25664
27579
1373
5332
24982
2054
9972
30175
3970
28260
4651
32226
3416
21028
9291
2735
22386
13249
26345
19796
23620
20349
13803
14484
8610
23067
26898
18436
17755
24301
21707
19117
31541
29622
28941
30856
6694
11888
17076
7248
138
15164
12569
692
10526
11207
6013
7929
9973
16523
25665
15843
27580
1374
5333
24983
9292
2055
13250
30176
3971
28261
13804
4652
14485
32227
3417
21029
8611
2736
22387
26346
19797
23621
20350
18437
17756
26899
23068
19118
21708
24302
31542
29623
28942
30857
6695
11889
139
17077
7249
693
15165
12570
10527
11208
7930
6014
9974
9293
25666
13251
27581
16524
15844
13805
14486
1375
5334
24984
2056
8612
30177
3972
28262
4653
18438
17757
32228
3418
21030
2737
22388
26347
19798
23622
20351
19119
26900
23069
21709
24303
31543
29624
28943
30858
6696
140
11890
17078
694
7250
15166
10528
12571
11209
9975
7931
6015
9294
13252
13806
14487
25667
8613
27582
15845
5335
1376
16525
24985
18439
2057
17758
30178
3973
28263
4654
3419
32229
21031
22389
2738
19120
26348
19799
23623
20352
26901
23070
21710
24304
31544
29625
28944
30859
141
6697
11891
695
17079
7251
15167
9976
10529
12572
11210
9295
13253
7932
13807
6016
14488
8614
25668
18440
17759
27583
5336
1377
24986
15846
2058
30179
16526
19121
3974
28264
4655
3420
21032
32230
22390
2739
26349
19800
23624
20353
26902
23071
21711
24305
31545
29626
28945
30860
142
696
6698
11892
17080
7252
9977
15168
9296
10530
13254
12573
11211
13808
14489
8615
7933
6017
18441
17760
25669
27584
19122
5337
1378
24987
2059
15847
30180
3975
16527
28265
4656
3421
21033
32231
22391
2740
26350
19801
23625
20354
26903
23072
21712
24306
31546
29627
143
28946
30861
697
6699
11893
17081
9978
7253
9297
13255
15169
13809
14490
10531
8616
11212
12574
18442
17761
7934
6018
19123
25670
27585
5338
1379
24988
2060
30181
15848
3976
28266
4657
16528
3422
21034
22392
32232
2741
26351
19802
23626
20355
26904
23073
21713
24307
31547
144
29628
698
28947
30862
6700
9979
11894
17082
9298
13256
7254
13810
14491
8617
15170
18443
10532
17762
11213
12575
19124
7935
6019
25671
27586
5339
1380
24989
2061
30182
3977
15849
28267
4658
3423
21035
16529
22393
32233
2742
26352
19803
23627
20356
26905
23074
21714
145
24308
31548
29629
699
28948
30863
9980
6701
11895
9299
17083
13257
13811
14492
7255
8618
18444
17763
15171
10533
11214
19125
12576
7936
6020
25672
27587
5340
1381
24990
2062
30183
3978
28268
15850
4659
3424
21036
22394
32234
2743
16530
26353
19804
23628
20357
146
26906
23075
21715
24309
31549
700
29630
9981
28949
30864
9300
13258
11896
6702
13812
14493
17084
8619
18445
17764
7256
19126
15172
10534
11215
12577
7937
6021
25673
27588
5341
24991
1382
2063
30184
3979
28269
4660
15851
3425
21037
22395
32235
2744
26354
16531
19805
23629
147
20358
26907
23076
21716
701
24310
31550
9982
29631
9301
13259
13813
28950
14494
30865
11897
6703
8620
17085
18446
17765
7257
19127
15173
10535
11216
12578
7938
25674
6022
27589
5342
24992
1383
2064
30185
3980
28270
4661
15852
3426
22396
21038
148
32236
2745
26355
19806
16532
23630
20359
702
26908
23077
21717
24311
9983
31551
29632
9302
13260
13814
14495
8621
28951
18447
17766
30866
11898
6704
17086
19128
7258
10536
15174
11217
12579
25675
7939
27590
6023
5343
24993
1384
2065
30186
149
3981
28271
4662
3427
22397
21039
15853
32237
2746
26356
19807
23631
16533
20360
703
26909
9984
23078
21718
24312
31552
9303
13261
13815
29633
14496
8622
17767
18448
28952
11899
6705
30867
17087
19129
7259
10537
15175
11218
12580
25676
7940
27591
150
6024
5344
24994
1385
2066
30187
3982
28272
4663
3428
22398
21040
15854
32238
2747
704
26357
19808
23632
20361
16534
9985
26910
23079
21719
9304
24313
13262
13816
31553
14497
8623
29634
17768
18449
19130
11900
6706
17088
28953
30868
7260
10538
11219
15176
151
12581
25677
7941
27592
6025
5345
24995
1386
2067
30188
3983
28273
705
4664
3429
22399
21041
32239
15855
2748
26358
9986
19809
23633
20362
16535
26911
9305
13263
23080
13817
21720
14498
24314
8624
31554
17769
18450
29635
19131
11901
17089
6707
28954
30869
7261
10539
11220
152
15177
25678
12582
7942
27593
6026
5346
24996
1387
2068
706
30189
3984
28274
4665
9987
3430
22400
21042
32240
2749
15856
26359
19810
23634
20363
9306
16536
13264
13818
26912
14499
23081
8625
21721
17770
24315
18451
31555
29636
19132
11902
17090
6708
28955
30870
7262
153
10540
11221
15178
25679
12583
27594
7943
707
5347
24997
1388
6027
2069
9988
30190
3985
28275
4666
3431
22401
21043
32241
2750
15857
26360
19811
9307
23635
13265
20364
13819
14500
16537
8626
26913
17771
18452
23082
21722
24316
31556
19133
29637
11903
17091
6709
28956
30871
7263
154
10541
11222
15179
708
25680
27595
9989
12584
7944
5348
24998
1389
2070
6028
30191
3986
28276
4667
3432
22402
9308
21044
13266
32242
2751
13820
26361
15858
19812
14501
23636
20365
8627
17772
16538
18453
26914
23083
21723
24317
19134
31557
29638
17092
11904
6710
155
7264
28957
30872
10542
11223
15180
709
9990
25681
27596
7945
12585
24999
5349
1390
2071
30192
6029
3987
28277
9309
13267
4668
3433
22403
13821
21045
32243
2752
14502
26362
19813
15859
23637
8628
20366
17773
18454
16539
26915
23084
21724
19135
24318
31558
29639
17093
11905
156
6711
7265
28958
30873
10543
9991
11224
710
15181
25682
27597
7946
12586
25000
1391
5350
2072
30193
3988
9310
6030
13268
28278
13822
4669
22404
3434
21046
14503
2753
32244
26363
19814
8629
15860
17774
23638
18455
20367
16540
26916
23085
19136
21725
24319
31559
29640
17094
11906
157
6712
7266
28959
9992
30874
10544
11225
25683
711
15182
27598
7947
25001
5351
2073
30194
1392
12587
9311
13269
3989
13823
6031
28279
4670
14504
21047
22405
3435
32245
2754
8630
26364
17775
19815
18456
23639
20368
15861
16541
19137
23086
26917
21726
24320
31560
29641
17095
11907
158
6713
7267
9993
28960
10545
30875
25684
11226
712
15183
27599
7948
9312
5352
25002
13270
30195
2074
1393
13824
12588
3990
28280
14505
6032
4671
21048
22406
8631
3436
32246
2755
17776
26365
18457
19816
23640
20369
15862
16542
19138
23087
26918
24321
21727
31561
29642
17096
11908
159
6714
7268
9994
28961
10546
25685
30876
11227
27600
713
15184
9313
13271
7949
13825
25003
30196
5353
2075
1394
3991
14506
28281
12589
4672
6033
8632
21049
22407
17777
32247
2756
3437
18458
26366
19817
23641
20370
15863
19139
16543
23088
26919
24322
21728
31562
29643
17097
11909
160
6715
9995
7269
28962
10547
25686
27601
714
11228
9314
13272
30877
13826
15185
7950
25004
30197
5354
2076
14507
1395
3992
28282
12590
4673
8633
17778
6034
21050
22408
18459
2757
32248
3438
26367
19818
23642
20371
15864
19140
16544
23089
24323
26920
21729
31563
161
29644
17098
11910
9996
6716
7270
715
25687
10548
28963
27602
9315
13273
13827
11229
7951
30878
30198
15186
25005
5355
2077
14508
1396
3993
28283
8634
4674
17779
12591
18460
21051
22409
6035
32249
2758
3439
26368
19819
23643
20372
19141
15865
16545
23090
24324
26921
21730
162
31564
17099
29645
11911
9997
6717
7271
716
25688
9316
10549
27603
13274
28964
13828
11230
7952
14509
30199
5356
25006
2078
15187
30879
8635
17780
3994
18461
1397
28284
4675
12592
21052
22410
6036
32250
2759
3440
19820
26369
23644
20373
19142
15866
23091
16546
24325
26922
163
21731
31565
17100
9998
11912
29646
7272
6718
717
9317
13275
13829
25689
10550
27604
14510
28965
11231
7953
30200
5357
8636
2079
25007
17781
15188
18462
3995
28285
30880
1398
4676
22411
21053
12593
6037
32251
2760
19821
3441
26370
23645
19143
20374
15867
23092
16547
24326
26923
164
21732
31566
9999
17101
11913
29647
7273