
31208
28088
29648
3122
26528
15608
10927
18728
0
7805
24968
1561
23408
6244
12488
21848
4683
9366
20288
17168
14048
31209
28089
29649
26529
3123
15609
18729
24969
10928
1
23409
7806
20289
1562
21849
6245
12489
17169
9367
4684
14049
31210
28090
29650
26530
18730
3124
15610
10929
24970
23410
20290
21850
2
7807
1563
17170
9368
12490
14050
6246
4685
28091
31211
29651
26531
18731
3125
15611
24971
10930
20291
23411
21851
7808
12491
3
1564
17171
14051
9369
6247
4686
28092
31212
29652
26532
18732
3126
15612
10931
24972
20292
23412
21852
7809
12492
4
14052
1565
17172
9370
6248
4687