
107242
119157
71496
47664
59580
83412
95327
0
11916
35748
23832
107243
119158
59581
71497
47665
95328
83413
1
11917
35749
23833
107244
119159
71498
59582
47666
95329
83414
2
11918
35750
23834
107245
119160
71499
59583
47667
95330
83415
3
11919
35751
23835
107246
119161
71500
59584
95331
47668
83416
4
11920
35752
23836
107247
119162
71501
59585
95332
47669
83417
5
11921
35753
23837
107248
119163
71502
59586
95333
47670
83418
6
11922
35754
23838
107249
119164
71503
59587
95334
83419
47671
7
11923
35755
23839
107250
119165
71504
59588
95335
47672
83420
8
11924
35756
23840
107251
119166
71505
59589
95336
47673
83421
9
11925
35757
23841
107252
119167
71506
59590
95337
47674
83422
10
11926
35758
23842
107253
119168
71507
59591
95338
47675
83423
11
11927
35759
23843
107254
119169
71508
59592
95339
47676
83424
12
11928
35760
23844
107255
119170
71509
59593
95340
47677
83425
13
11929
35761
23845
107256
119171
71510
59594
47678
95341
83426
14
11930
35762
107257
23846
119172
71511
59595
47679
95342
83427
15
11931
35763
107258
119173
23847
71512
59596
47680
95343
83428
16
107259
35764
11932
119174
71513
23848
59597
47681
95344
83429
107260
17
119175
35765
11933
71514
59598
23849
47682
95345
83430
107261
119176
18
35766
71515
11934
59599
95346
47683
23850
83431
107262
119177
71516
19
35767
11935
59600
95347
47684
83432
23851
107263
119178
71517
20
59601
35768
95348
11936
47685
83433
23852
107264
119179
71518
59602
95349
21
35769
47686
11937
83434
23853
107265
119180
71519
59603
95350
22
47687
83435
35770
11938
23854
107266
119181
71520
59604
95351
47688
83436
23
35771
11939
23855
107267
119182
71521
59605
95352
47689
83437
24
35772
11940
23856
107268
119183
71522
59606
95353
47690
83438
25
35773
11941
23857
107269
119184
71523
59607
95354
47691
83439
26
35774
11942
23858
107270
119185
71524
59608
95355
83440
47692
27
35775
11943
23859
107271
119186
71525
59609
95356
83441
47693
28
35776
11944
23860
107272
119187
71526
59610
95357
83442
47694
29
35777
11945
23861
107273
119188
71527
59611
95358
83443
47695
30
35778
11946
107274
23862
119189
71528
95359
59612
83444
47696
31
35779
11947
107275
119190
23863
71529
95360
59613
83445
47697
32
35780
11948
107276
119191
23864
71530
95361
59614
83446
47698
33
107277
35781
11949
119192
23865
71531
95362
59615
83447
47699
107278
34
119193
35782
11950
71532
23866
95363
59616
83448
47700
107279
119194
35
35783
11951
71533
23867
95364
59617
83449
47701
107280
119195
36
35784
11952
71534
95365
59618
23868
83450
47702
107281
119196
37
35785
11953
71535
95366
59619
23869
83451
47703
107282
119197
38
71536
35786
11954
95367
59620
23870
83452
47704
107283
119198
71537
39
35787
11955
95368
59621
83453
23871
47705
107284
119199
71538
40
95369
35788
59622
11956
83454
23872
47706
107285
119200
71539
95370
41
59623
35789
11957
83455
23873
47707
107286
119201
71540
95371
59624
42
35790
11958
83456
47708
23874
107287
119202
71541
95372
59625
43
35791
83457
11959
47709
23875
107288
119203
71542
95373
59626
83458
44
35792
11960
47710
23876
107289
119204
71543
95374
59627
83459
45
35793
11961
47711
23877
107290
119205
71544
95375
59628
83460
46
35794
11962
47712
107291
23878
119206
71545
95376
59629
83461
47
35795
47713
11963
107292
119207
23879
71546
95377
59630
83462
48
47714
35796
11964
107293
119208
23880
71547
95378
59631
83463
47715
49
35797
11965
107294
119209
23881
71548
95379
59632
83464
47716
50
107295
35798
11966
119210
23882
71549
95380
59633
83465
47717
107296
51
35799
119211
11967
23883
71550
95381
59634
83466
47718
107297
52
119212
35800
11968
23884
71551
95382
59635
83467
47719
107298
119213
53
35801
11969
71552
23885
95383
59636
83468
47720
107299
119214
54
35802
11970
71553
23886
95384
59637
83469
47721
107300
119215
55
35803
11971
71554
95385
23887
59638
83470
47722
107301
119216
56
35804
11972
71555
95386
59639
23888
83471
47723
107302
119217
57
11973
35805
71556
95387
59640
23889
83472
47724
107303
119218
58
71557
35806
11974
95388
59641
23890
83473
47725
107304
119219
59
71558
35807
11975
95389
59642
83474
23891
47726
107305
119220
71559
60
95390
11976
35808
59643
83475
23892
107306
47727
119221
71560
61
95391
59644
35809
11977
83476
23893
107307
47728
119222
71561
62
95392
59645
35810
11978
83477
107308
23894
47729
119223
71562
95393
59646
63
35811
11979
83478
107309
23895
47730
119224
71563
95394
59647
64
11980
35812
83479
107310
47731
119225
23896
71564
95395
59648
65
83480
11981
35813
107311
47732
119226
23897
71565
95396
59649
66
83481
11982
35814
107312
47733
119227
23898
71566
95397
59650
67
83482
107313
11983
35815
47734
119228
23899
71567
95398
59651
83483
68
107314
11984
35816
47735
119229
23900
71568
95399
59652
83484
107315
69
47736
119230
11985
35817
23901
71569
95400
59653
83485
107316
70
119231
47737
11986
35818
23902
71570
95401
59654
83486
107317
119232
71
47738
11987
35819
71571
23903
95402
59655
83487
107318
119233
47739
72
11988
35820
71572
23904
95403
59656
83488
107319
119234
47740
73
11989
35821
71573
23905
95404
59657
83489
107320
119235
47741
74
11990
35822
71574
95405
23906
59658
107321
83490
119236
47742
75
11991
35823
71575
95406
59659
23907
107322
83491
119237
47743
76
11992
35824
71576
95407
59660
23908
107323
83492
119238
47744
77
11993
35825
71577
95408
59661
23909
107324
83493
119239
47745
78
71578
11994
35826
95409
59662
107325
23910
83494
119240
47746
79
71579
11995
35827
95410
59663
107326
83495
23911
119241
47747
71580
80
11996
35828
95411
59664
107327
83496
23912
119242
47748
71581
81
11997
95412
35829
59665
107328
83497
119243
23913
47749
71582
82
95413
59666
11998
35830
107329
83498
119244
23914
47750
71583
83
95414
59667
11999
35831
107330
83499
119245
23915
47751
71584
95415
84
59668
12000
107331
35832
83500
119246
23916
47752
71585
95416
59669
85
107332
12001
35833
83501
119247
47753
23917
71586
95417
59670
86
107333
12002
83502
35834
119248
47754
23918
71587
95418
59671
107334
87
12003
83503
119249
35835
47755
23919
71588
95419
59672
107335
88
119250
83504
12004
35836
47756
23920
71589
95420
59673
107336
89
119251
83505
12005
35837
47757
23921
71590
95421
59674
107337
119252
83506
90
12006
35838
47758
71591
23922
95422
59675
107338
119253
83507
91
12007
35839
47759
71592
23923
95423
59676
107339
119254
83508
92
12008
47760
35840
71593
23924
95424
59677
107340
119255
83509
93
47761
12009
35841
71594
23925
95425
59678
107341
119256
83510
94
47762
12010
35842
71595
95426
23926
59679
107342
119257
83511
95
47763
12011
35843
71596
95427
59680
23927
107343
119258
83512
96
47764
12012
35844
71597
95428
59681
107344
23928
119259
83513
47765
97
12013
71598
35845
95429
59682
107345
23929
119260
83514
47766
98
71599
12014
35846
95430
59683
107346
119261
23930
83515
47767
99
71600
12015
35847
95431
59684
107347
119262
23931
83516
47768
100
71601
12016
35848
95432
59685
107348
119263
83517
23932
47769
101
71602
12017
95433
35849
59686
107349
119264
83518
23933
47770
71603
102
12018
95434
59687
107350
35850
119265
83519
23934
47771
71604
103
95435
12019
107351
59688
35851
119266
83520
23935
47772
71605
104
95436
107352
59689
12020
35852
119267
83521
23936
47773
71606
105
95437
107353
59690
12021
119268
35853
83522
23937
47774
71607
95438
107354
106
59691
119269
12022
35854
83523
47775
23938
71608
107355
95439
59692
107
119270
12023
83524
35855
47776
23939
71609
107356
95440
59693
108
119271
83525
12024
35856
47777
23940
71610
107357
95441
59694
119272
109
83526
12025
35857
47778
23941
71611
107358
95442
59695
119273
110
83527
12026
35858
47779
71612
23942
107359
95443
59696
119274
111
83528
12027
35859
47780
71613
23943
107360
95444
59697
119275
83529
112
12028
35860
47781
71614
23944
107361
95445
59698
119276
83530
113
12029
35861
47782
71615
23945
107362
95446
59699
119277
83531
114
12030
47783
35862
71616
107363
23946
95447
59700
119278
83532
115
12031
47784
35863
71617
107364
95448
23947
59701
119279
83533
116
12032
47785
35864
71618
107365
95449
59702
119280
23948
83534
117
47786
12033
71619
35865
107366
95450
59703
119281
23949
83535
118
47787
12034
71620
35866
107367
95451
59704
119282
23950
83536
119
47788
71621
12035
35867
107368
95452
59705
119283
23951
83537
47789
120
71622
12036
107369
35868
95453
59706
119284
83538
23952
47790
121
71623
12037
107370
35869
95454
119285
59707
83539
23953
47791
122
71624
107371
12038
95455
119286
59708
35870
83540
23954
47792
71625
123
107372
12039
95456
119287
59709
35871
83541
23955
47793
71626
124
107373
119288
95457
12040
59710
35872
83542
23956
47794
71627
107374
125
119289
95458
59711
12041
35873
83543
23957
47795
71628
107375
126
119290
95459
59712
12042
83544
35874
23958
47796
71629
107376
119291
127
95460
59713
12043
83545
35875
23959
71630
47797
107377
119292
95461
59714
128
12044
83546
35876
23960
71631
47798
107378
119293
95462
59715
129
83547
12045
35877
23961
71632
107379
47799
119294
95463
59716
130
83548
12046
35878
23962
71633
107380
47800
119295
95464
59717
131
83549
12047
35879
71634
23963
107381
47801
119296
95465
59718
83550
132
12048
35880
71635
107382
47802
23964
119297
95466
59719
83551
133
12049
35881
71636
107383
47803
23965
119298
95467
59720
83552
134
12050
35882
71637
107384
47804
23966
119299
95468
59721
83553
135
12051
35883
71638
107385
47805
119300
23967
95469
59722
83554
136
12052
35884
107386
71639
47806
119301
23968
95470
59723
83555
137
12053
107387
71640
35885
47807
119302
95471
59724
23969
83556
138
12054
107388
71641
35886
47808
119303
95472
59725
23970
83557
139
107389
71642
12055
35887
119304
47809
95473
59726
23971
83558
140
107390
71643
12056
119305
47810
35888
59727
95474
83559
23972
141
107391
71644
12057
119306
47811
35889
95475
59728
83560
23973
107392
142
71645
119307
12058
47812
95476
59729
35890
83561
23974
107393
71646
143
119308
47813
12059
95477
59730
35891
83562
23975
107394
71647
144
119309
47814
95478
12060
59731
35892
83563
23976
107395
71648
119310
145
47815
95479
59732
12061
35893
83564
23977
107396
71649
119311
146
47816
95480
59733
12062
83565
35894
23978
107397
71650
119312
147
95481
59734
47817
12063
83566
35895
23979
107398
71651
119313
95482
59735
148
47818
83567
12064
35896
23980
107399
71652
119314
95483
59736
47819
149
83568
12065
35897
107400
23981
71653
119315
95484
59737
47820
150
83569
12066
35898
107401
23982
71654
119316
95485
59738
47821
151
83570
12067
35899
107402
23983
71655
119317
95486
59739
47822
83571
152
12068
35900
107403
71656
119318
23984
95487
59740
47823
83572
153
12069
35901
107404
71657
119319
23985
95488
59741
47824
83573
154
12070
107405
35902
71658
119320
23986
95489
59742
47825
83574
155
12071
107406
35903
71659
119321
23987
95490
59743
47826
83575
156
107407
12072
35904
71660
119322
95491
23988
59744
47827
83576
157
107408
12073
71661
119323
35905
95492
59745
23989
47828
83577
158
107409
12074
71662
119324
35906
95493
59746
47829
23990
83578
107410
159
12075
71663
119325
35907
95494
59747
47830
23991
83579
107411
160
12076
119326
71664
35908
95495
59748
47831
23992
83580
107412
161
12077
119327
71665
35909
95496
59749
47832
23993
83581
107413
162
12078
119328
71666
35910
95497
59750
47833
23994
83582
107414
163
12079
119329
71667
35911
95498
59751
47834
23995
83583
107415
164
12080
119330
71668
35912
95499
59752
47835
23996
83584
107416
165
12081
119331
71669
35913
95500
59753
23997
47836
83585
107417
166
119332
12082
71670
35914
95501
59754
23998
47837
83586
107418
167
119333
12083
71671
35915
95502
59755
23999
47838
83587
107419
168
119334
12084
71672
35916
95503
59756
24000
47839
83588
107420
169
119335
12085
71673
35917
95504
59757
24001
47840
83589
107421
170
119336
12086
71674
35918
95505
59758
24002
47841
83590
107422
171
119337
12087
71675
35919
95506
24003
59759
47842
83591
107423
172
119338
12088
71676
35920
95507
24004
59760
47843
83592
107424
173
119339
12089
71677
35921
95508
24005
59761
47844
83593
107425
174
119340
12090
71678
35922
95509
24006
47845
59762
83594
107426
175
119341
12091
71679
35923
95510
24007
47846
59763
83595
107427
176
119342
12092
71680
35924
95511
24008
47847
59764
83596
107428
177
119343
12093
71681
35925
95512
24009
47848
59765
83597
107429
178
119344
12094
71682
35926
95513
24010
47849
59766
83598
107430
179
119345
12095
71683
35927
95514
24011
47850
59767
83599
107431
180
119346
12096
71684
35928
95515
24012
47851
59768
83600
107432
181
119347
12097
71685
35929
95516
24013
47852
59769
83601
107433
182
119348
12098
71686
35930
95517
24014
47853
59770
83602
107434
183
119349
12099
71687
35931
95518
24015
47854
59771
83603
107435
184
119350
12100
71688
35932
95519
24016
47855
59772
83604
107436
185
119351
12101
71689
35933
95520
24017
47856
59773
83605
107437
186
119352
12102
71690
35934
95521
24018
47857
59774
83606
107438
187
119353
12103
35935
71691
95522
24019
47858
59775
83607
107439
188
119354
12104
35936
71692
95523
24020
47859
59776
83608
107440
189
119355
12105
35937
71693
95524
24021
47860
59777
83609
107441
190
119356
12106
35938
95525
71694
24022
47861
59778
83610
107442
191
119357
12107
35939
95526
71695
24023
47862
59779
83611
107443
192
119358
12108
35940
95527
71696
24024
47863
59780
83612
107444
193
119359
12109
35941
95528
71697
24025
47864
59781
83613
107445
194
119360
12110
35942
95529
71698
24026
47865
59782
83614
107446
195
119361
12111
35943
95530
71699
24027
47866
59783
83615
107447
196
119362
12112
35944
95531
71700
24028
47867
59784
83616
107448
197
119363
12113
35945
95532
71701
24029
47868
59785
83617
107449
198
119364
12114
35946
95533
71702
24030
47869
59786
83618
107450
199
119365
12115
35947
95534
71703
24031
47870
83619
59787
107451
200
12116
119366
35948
95535
71704
24032
47871
83620
59788
107452
201
119367
12117
35949
95536
71705
24033
47872
83621
59789
107453
202
119368
12118
35950
95537
71706
24034
47873
83622
59790
107454
203
119369
12119
95538
35951
71707
24035
47874
83623
59791
107455
204
119370
12120
95539
35952
71708
24036
47875
83624
59792
107456
205
119371
12121
35953
95540
71709
24037
47876
83625
59793
107457
206
119372
12122
35954
95541
71710
24038
47877
83626
59794
107458
207
119373
12123
35955
95542
71711
24039
47878
83627
59795
107459
208
119374
12124
35956
95543
71712
24040
47879
83628
59796
107460
209
119375
12125
95544
35957
71713
24041
47880
83629
59797
107461
210
119376
12126
35958
95545
71714
24042
47881
83630
107462
59798
211
119377
12127
95546
35959
71715
24043
47882
83631
107463
59799
212
119378
12128
35960
95547
71716
24044
47883
83632
107464
59800
213
119379
12129
35961
95548
71717
24045
47884
83633
107465
59801
214
119380
12130
35962
95549
71718
24046
47885
83634
107466
59802
215
119381
12131
35963
95550
71719
24047
47886
83635
107467
59803
216
119382
12132
35964
95551
71720
24048
47887
107468
83636
59804
119383
217
12133
35965
95552
71721
24049
47888
107469
83637
59805
119384
218
12134
35966
95553
71722
24050
47889
107470
83638
59806
119385
219
12135
35967
95554
71723
24051
47890
107471
83639
59807
119386
220
12136
35968
95555
24052
71724
47891
107472
83640
59808
119387
221
12137
35969
95556
24053
71725
47892
107473
83641
59809
119388
222
12138
35970
95557
24054
71726
107474
47893
83642
59810
119389
223
12139
35971
95558
24055
71727
107475
47894
83643
59811
119390
224
12140
35972
95559
24056
71728
107476
47895
83644
59812
119391
225
12141
35973
95560
24057
71729
107477
47896
83645
59813
119392
226
12142
35974
95561
24058
71730
107478
47897
83646
59814
119393
227
12143
35975
95562
24059
71731
107479
47898
83647
59815
119394
228
12144
35976
95563
24060
71732
107480
83648
47899
59816
119395
229
12145
35977
95564
24061
71733
107481
83649
47900
59817
119396
230
12146
35978
95565
24062
71734
107482
83650
47901
59818
119397
231
12147
35979
95566
24063
71735
107483
83651
47902
59819
119398
232
12148
35980
95567
24064
71736
107484
83652
47903
59820
119399
233
12149
35981
95568
24065
71737
107485
83653
47904
59821
119400
234
12150
35982
95569
24066
71738
107486
83654
47905
59822
119401
235
12151
35983
95570
24067
71739
107487
83655
47906
59823
119402
236
12152
35984
95571
24068
71740
107488
83656
47907
59824
119403
237
12153
35985
95572
24069
71741
107489
83657
47908
59825
119404
238
12154
35986
95573
24070
71742
107490
83658
47909
59826
119405
239
12155
35987
95574
24071
71743
107491
83659
47910
59827
119406
240
12156
35988
95575
24072
71744
107492
83660
47911
59828
119407
241
12157
35989
95576
24073
71745
107493
83661
47912
59829
119408
242
12158
35990
95577
24074
71746
107494
83662
47913
59830
119409
243
12159
35991
95578
24075
71747
107495
83663
47914
59831
119410
244
12160
35992
95579
24076
71748
107496
83664
47915
59832
119411
245
12161
35993
95580
24077
71749
107497
83665
47916
59833
246
119412
12162
35994
95581
24078
71750
107498
83666
47917
59834
247
119413
12163
35995
95582
24079
71751
107499
83667
47918
59835
248
119414
12164
35996
95583
24080
71752
107500
83668
47919
59836
249
119415
12165
35997
24081
95584
71753
107501
83669
47920
59837
250
12166
119416
35998
24082
95585
71754
107502
83670
47921
59838
251
12167
119417
35999
24083
95586
71755
107503
83671
47922
59839
252
119418
12168
36000
24084
95587
71756
107504
83672
47923
59840
253
12169
119419
36001
24085
95588
71757
107505
83673
47924
59841
254
12170
119420
36002
24086
95589
107506
71758
83674
47925
255
59842
12171
119421
36003
24087
95590
107507
71759
83675
47926
256
59843
12172
119422
36004
24088
95591
107508
71760
83676
47927
257
12173
59844
119423
36005
24089
95592
107509
71761
83677
47928
258
12174
119424
59845
36006
24090
95593
107510
71762
83678
47929
259
12175
119425
59846
36007
24091
95594
107511
71763
83679
47930
260
119426
12176
59847
36008
24092
95595
107512
71764
83680
47931
261
12177
119427
59848
36009
24093
95596
107513
71765
83681
47932
262
12178
119428
59849
36010
24094
95597
107514
71766
83682
47933
263
12179
119429
59850
36011
24095
95598
107515
71767
83683
47934
264
12180
119430
59851
36012
24096
95599
107516
71768
83684
47935
265
12181
119431
59852
36013
24097
95600
107517
71769
83685
47936
266
12182
119432
59853
36014
24098
95601
107518
71770
83686
47937
267
12183
119433
59854
36015
24099
95602
107519
71771
83687
47938
268
12184
119434
59855
36016
24100
95603
107520
71772
83688
47939
269
12185
119435
59856
36017
24101
95604
107521
71773
83689
47940
270
12186
119436
59857
36018
24102
95605
107522
71774
83690
47941
271
12187
119437
59858
36019
24103
95606
107523
71775
83691
47942
272
12188
119438
59859
36020
24104
95607
107524
71776
83692
47943
273
12189
119439
59860
36021
24105
95608
107525
71777
83693
47944
274
12190
119440
59861
36022
24106
95609
107526
71778
83694
47945
275
12191
119441
59862
36023
24107