
272
248
224
488
25
440
320
0
175
344
150
75
200
392
125
368
50
416
464
100
296
273
249
225
489
26
321
441
1
345
176
151
201
76
393
126
51
369
465
101
417
297
202
298
490
274
442
152
370
394
177
466
127
346
27
203
491
299
226
2
418
275
153
443
371
52
77
102
322
250
178
204
300
28
128
347
492
323
78
3
227
53
419
103
276
154
444
372
29
179
205
301
493
129
348
324
228
277
4
79
104
420
445
155
54
373
180
206
302
395
467
251
30
130
349
80
55
229
5
421
446
156
278
374
105
325
494
252
181
230
279
81
6
56
422
447
157
375
106
326
495
182
31
131
350
396
468
207
57
82
231
7
423
107
303
280
158
376
448
253
232
496
281
327
159
183
449
132
208
83
351
108
377
469
397
58
32
424
8
304
254
233
282
497
184
328
450
160
133
209
84
352
470
378
33
109
398
59
425
305
9
255
234
283
498
185
451
329
134
161
210
353
85
471
34
60
379
110
399
426
306
10
256
235
284
499
186
135
330
452
354
162
211
86
472
35
380
111
400
427
61
307
11
257
285
500
187
136
331
355
453
212
163
87
473
36
401
381
112
428
236
62
308
12
258
286
501
188
137
356
332
454
213
164
237
474
88
402
37
429
382
113
63
309
13
259
287
502
189
138
238
357
333
455
214
165
475
89
403
38
430
383
114
64
310
14
260
503
288
190
239
139
358
334
456
215
166
476
90
404
431
39
65
115
384
311
15
261
504
289
191
240
140
359
335
457
216
167
477
91
405
66
432
40
116
385
312
16
262
505
290
241
192
360
141
336
458
217
168
478
92
67
406
433
41
117
386
313
17
263
506
291
242
193
142
361
337
459
218
169
479
93
68
407
434
42
118
387
314
18
264
507
243
292
194
143
362
480
460
338
219
170
94
69
408
435
43
119
388
315
19
265
508
244
293
195
481
144
363
461
339
220
171
70
95
409
436
120
44
389
316
20
266
509
245
294
196
482
145
364
462
340
221
172
71
96
410
437
121
45
390
317
21
267
510
246
295
483
197
146
365
463
341
222
173
72
97
411
438
122
46
391
318
22
268
511
247
484
198
147
366
342
223
174
73
98
412
439
123
47
319
23
269
485
199
148
367
343
74
99
413
124
48
24
270
486
149
414
49
271
487
415