1.4612989912656655	0	(-1, -1, -1, -1, -1, -1, -1, -1, -1)	6.315707611410651
1.4612989912656655	1	(-1, -1, -1, -1, -1, -1, -1, -1, 1)	6.412248020092981
1.4612989912656655	2	(-1, -1, -1, -1, -1, -1, -1, 1, -1)	5.736465159288683
1.4612989912656655	3	(-1, -1, -1, -1, -1, -1, -1, 1, 1)	5.736465159288683
1.4612989912656655	4	(-1, -1, -1, -1, -1, -1, 1, -1, -1)	5.736465159293026
1.4612989912656655	5	(-1, -1, -1, -1, -1, -1, 1, -1, 1)	5.736465159293026
1.4612989912656655	6	(-1, -1, -1, -1, -1, -1, 1, 1, -1)	5.736465159293026
1.4612989912656655	7	(-1, -1, -1, -1, -1, -1, 1, 1, 1)	5.736465159293026
1.4612989912656655	8	(-1, -1, -1, -1, -1, 1, -1, -1, -1)	5.73646515929241
1.4612989912656655	9	(-1, -1, -1, -1, -1, 1, -1, -1, 1)	5.73646515929241
1.4612989912656655	10	(-1, -1, -1, -1, -1, 1, -1, 1, -1)	5.73646515929241
1.4612989912656655	11	(-1, -1, -1, -1, -1, 1, -1, 1, 1)	5.73646515929241
1.4612989912656655	12	(-1, -1, -1, -1, -1, 1, 1, -1, -1)	5.73646515929241
1.4612989912656655	13	(-1, -1, -1, -1, -1, 1, 1, -1, 1)	5.73646515929241
1.4612989912656655	14	(-1, -1, -1, -1, -1, 1, 1, 1, -1)	5.73646515929241
1.4612989912656655	15	(-1, -1, -1, -1, -1, 1, 1, 1, 1)	6.631052348229942
1.4612989912656655	16	(-1, -1, -1, -1, 1, -1, -1, -1, -1)	6.480127421581453
1.4612989912656655	17	(-1, -1, -1, -1, 1, -1, -1, -1, 1)	5.736465159289336
1.4612989912656655	18	(-1, -1, -1, -1, 1, -1, -1, 1, -1)	5.736465159289336
1.4612989912656655	19	(-1, -1, -1, -1, 1, -1, -1, 1, 1)	5.736465159289336
1.4612989912656655	20	(-1, -1, -1, -1, 1, -1, 1, -1, -1)	5.736465159289336
1.4612989912656655	21	(-1, -1, -1, -1, 1, -1, 1, -1, 1)	5.736465159289336
1.4612989912656655	22	(-1, -1, -1, -1, 1, -1, 1, 1, -1)	5.736465159289336
1.4612989912656655	23	(-1, -1, -1, -1, 1, -1, 1, 1, 1)	5.736465159289336
1.4612989912656655	24	(-1, -1, -1, -1, 1, 1, -1, -1, -1)	5.736465159289336
1.4612989912656655	25	(-1, -1, -1, -1, 1, 1, -1, -1, 1)	5.736465159289336
1.4612989912656655	26	(-1, -1, -1, -1, 1, 1, -1, 1, -1)	5.736465159289336
1.4612989912656655	27	(-1, -1, -1, -1, 1, 1, -1, 1, 1)	5.736465159289336
1.4612989912656655	28	(-1, -1, -1, -1, 1, 1, 1, -1, -1)	5.736465159289336
1.4612989912656655	29	(-1, -1, -1, -1, 1, 1, 1, -1, 1)	5.736465159289336
1.4612989912656655	30	(-1, -1, -1, -1, 1, 1, 1, 1, -1)	5.7364651592991684
1.4612989912656655	31	(-1, -1, -1, -1, 1, 1, 1, 1, 1)	5.736465159299567
1.4612989912656655	32	(-1, -1, -1, 1, -1, -1, -1, -1, -1)	5.736465159294336
1.4612989912656655	33	(-1, -1, -1, 1, -1, -1, -1, -1, 1)	5.736465159289148
1.4612989912656655	47	(-1, -1, -1, 1, -1, 1, 1, 1, 1)	5.73646515929932
1.4612989912656655	48	(-1, -1, -1, 1, 1, -1, -1, -1, -1)	5.736465159300725
1.4612989912656655	60	(-1, -1, -1, 1, 1, 1, 1, -1, -1)	5.736465159261974
1.4612989912656655	61	(-1, -1, -1, 1, 1, 1, 1, -1, 1)	5.736465159261974
1.4612989912656655	62	(-1, -1, -1, 1, 1, 1, 1, 1, -1)	5.736465159282421
1.4612989912656655	63	(-1, -1, -1, 1, 1, 1, 1, 1, 1)	5.73646515929148
1.4612989912656655	64	(-1, -1, 1, -1, -1, -1, -1, -1, -1)	5.736465159280658
1.4612989912656655	65	(-1, -1, 1, -1, -1, -1, -1, -1, 1)	5.7364651592787474
1.4612989912656655	66	(-1, -1, 1, -1, -1, -1, -1, 1, -1)	5.736465159271411
1.4612989912656655	67	(-1, -1, 1, -1, -1, -1, -1, 1, 1)	5.736465159271411
1.4612989912656655	79	(-1, -1, 1, -1, -1, 1, 1, 1, 1)	5.736465159299175
1.4612989912656655	80	(-1, -1, 1, -1, 1, -1, -1, -1, -1)	5.736465159280297
1.4612989912656655	94	(-1, -1, 1, -1, 1, 1, 1, 1, -1)	5.73646515929912
1.4612989912656655	95	(-1, -1, 1, -1, 1, 1, 1, 1, 1)	5.7364651592998825
1.4612989912656655	96	(-1, -1, 1, 1, -1, -1, -1, -1, -1)	5.736465159296797
1.4612989912656655	97	(-1, -1, 1, 1, -1, -1, -1, -1, 1)	5.7364651592896285
1.4612989912656655	111	(-1, -1, 1, 1, -1, 1, 1, 1, 1)	5.7364651593109866
1.4612989912656655	112	(-1, -1, 1, 1, 1, -1, -1, -1, -1)	5.73646515930555
1.4612989912656655	120	(-1, -1, 1, 1, 1, 1, -1, -1, -1)	5.736465159290328
1.4612989912656655	121	(-1, -1, 1, 1, 1, 1, -1, -1, 1)	5.736465159290328
1.4612989912656655	122	(-1, -1, 1, 1, 1, 1, -1, 1, -1)	5.736465159290328
1.4612989912656655	123	(-1, -1, 1, 1, 1, 1, -1, 1, 1)	5.736465159290328
1.4612989912656655	124	(-1, -1, 1, 1, 1, 1, 1, -1, -1)	5.736465159281548
1.4612989912656655	125	(-1, -1, 1, 1, 1, 1, 1, -1, 1)	5.736465159281548
1.4612989912656655	126	(-1, -1, 1, 1, 1, 1, 1, 1, -1)	5.736465159291679
1.4612989912656655	127	(-1, -1, 1, 1, 1, 1, 1, 1, 1)	5.736465159300809
1.4612989912656655	128	(-1, 1, -1, -1, -1, -1, -1, -1, -1)	5.736465159277756
1.4612989912656655	129	(-1, 1, -1, -1, -1, -1, -1, -1, 1)	5.736465159287859
1.4612989912656655	130	(-1, 1, -1, -1, -1, -1, -1, 1, -1)	5.736465159291363
1.4612989912656655	131	(-1, 1, -1, -1, -1, -1, -1, 1, 1)	5.736465159291363
1.4612989912656655	132	(-1, 1, -1, -1, -1, -1, 1, -1, -1)	5.736465159298113
1.4612989912656655	133	(-1, 1, -1, -1, -1, -1, 1, -1, 1)	5.736465159298113
1.4612989912656655	134	(-1, 1, -1, -1, -1, -1, 1, 1, -1)	5.736465159298113
1.4612989912656655	135	(-1, 1, -1, -1, -1, -1, 1, 1, 1)	5.736465159298113
1.4612989912656655	143	(-1, 1, -1, -1, -1, 1, 1, 1, 1)	5.736465159267703
1.4612989912656655	144	(-1, 1, -1, -1, 1, -1, -1, -1, -1)	5.73646515925962
1.4612989912656655	158	(-1, 1, -1, -1, 1, 1, 1, 1, -1)	5.736465159306523
1.4612989912656655	159	(-1, 1, -1, -1, 1, 1, 1, 1, 1)	5.736465159300245
1.4612989912656655	160	(-1, 1, -1, 1, -1, -1, -1, -1, -1)	5.736465159309583
1.4612989912656655	161	(-1, 1, -1, 1, -1, -1, -1, -1, 1)	5.736465159316733
1.4612989912656655	175	(-1, 1, -1, 1, -1, 1, 1, 1, 1)	5.736465159282302
1.4612989912656655	176	(-1, 1, -1, 1, 1, -1, -1, -1, -1)	5.7364651592947125
1.4612989912656655	188	(-1, 1, -1, 1, 1, 1, 1, -1, -1)	5.7364651592809865
1.4612989912656655	189	(-1, 1, -1, 1, 1, 1, 1, -1, 1)	5.7364651592809865
1.4612989912656655	190	(-1, 1, -1, 1, 1, 1, 1, 1, -1)	5.736465159282888
1.4612989912656655	191	(-1, 1, -1, 1, 1, 1, 1, 1, 1)	5.736465159276133
1.4612989912656655	192	(-1, 1, 1, -1, -1, -1, -1, -1, -1)	5.736465159298246
1.4612989912656655	193	(-1, 1, 1, -1, -1, -1, -1, -1, 1)	5.736465159304732
1.4612989912656655	194	(-1, 1, 1, -1, -1, -1, -1, 1, -1)	5.736465159302315
1.4612989912656655	195	(-1, 1, 1, -1, -1, -1, -1, 1, 1)	5.736465159302315
1.4612989912656655	207	(-1, 1, 1, -1, -1, 1, 1, 1, 1)	5.736465159279331
1.4612989912656655	208	(-1, 1, 1, -1, 1, -1, -1, -1, -1)	5.736465159283915
1.4612989912656655	222	(-1, 1, 1, -1, 1, 1, 1, 1, -1)	5.736465159306598
1.4612989912656655	223	(-1, 1, 1, -1, 1, 1, 1, 1, 1)	5.73646515929825
1.4612989912656655	224	(-1, 1, 1, 1, -1, -1, -1, -1, -1)	5.73646515927723
1.4612989912656655	225	(-1, 1, 1, 1, -1, -1, -1, -1, 1)	5.736465159287438
1.4612989912656655	239	(-1, 1, 1, 1, -1, 1, 1, 1, 1)	5.736465159264961
1.4612989912656655	240	(-1, 1, 1, 1, 1, -1, -1, -1, -1)	5.736465159266308
1.4612989912656655	241	(-1, 1, 1, 1, 1, -1, -1, -1, 1)	5.736465159283018
1.4612989912656655	242	(-1, 1, 1, 1, 1, -1, -1, 1, -1)	5.736465159283018
1.4612989912656655	243	(-1, 1, 1, 1, 1, -1, -1, 1, 1)	5.736465159283018
1.4612989912656655	244	(-1, 1, 1, 1, 1, -1, 1, -1, -1)	5.736465159283018
1.4612989912656655	245	(-1, 1, 1, 1, 1, -1, 1, -1, 1)	5.736465159283018
1.4612989912656655	246	(-1, 1, 1, 1, 1, -1, 1, 1, -1)	5.736465159283018
1.4612989912656655	247	(-1, 1, 1, 1, 1, -1, 1, 1, 1)	5.736465159283018
1.4612989912656655	248	(-1, 1, 1, 1, 1, 1, -1, -1, -1)	5.736465159286636
1.4612989912656655	249	(-1, 1, 1, 1, 1, 1, -1, -1, 1)	5.736465159286636
1.4612989912656655	250	(-1, 1, 1, 1, 1, 1, -1, 1, -1)	5.736465159286636
1.4612989912656655	251	(-1, 1, 1, 1, 1, 1, -1, 1, 1)	5.736465159286636
1.4612989912656655	252	(-1, 1, 1, 1, 1, 1, 1, -1, -1)	5.736465159284532
1.4612989912656655	253	(-1, 1, 1, 1, 1, 1, 1, -1, 1)	5.736465159284532
1.4612989912656655	254	(-1, 1, 1, 1, 1, 1, 1, 1, -1)	5.736465159284494
1.4612989912656655	255	(-1, 1, 1, 1, 1, 1, 1, 1, 1)	5.736465159281944
1.4612989912656655	256	(1, -1, -1, -1, -1, -1, -1, -1, -1)	5.736465159281944
1.4612989912656655	257	(1, -1, -1, -1, -1, -1, -1, -1, 1)	5.736465159284494
1.4612989912656655	258	(1, -1, -1, -1, -1, -1, -1, 1, -1)	5.736465159284532
1.4612989912656655	259	(1, -1, -1, -1, -1, -1, -1, 1, 1)	5.736465159284532
1.4612989912656655	260	(1, -1, -1, -1, -1, -1, 1, -1, -1)	5.736465159286636
1.4612989912656655	261	(1, -1, -1, -1, -1, -1, 1, -1, 1)	5.736465159286636
1.4612989912656655	262	(1, -1, -1, -1, -1, -1, 1, 1, -1)	5.736465159286636
1.4612989912656655	263	(1, -1, -1, -1, -1, -1, 1, 1, 1)	5.736465159286636
1.4612989912656655	264	(1, -1, -1, -1, -1, 1, -1, -1, -1)	5.736465159283018
1.4612989912656655	265	(1, -1, -1, -1, -1, 1, -1, -1, 1)	5.736465159283018
1.4612989912656655	266	(1, -1, -1, -1, -1, 1, -1, 1, -1)	5.736465159283018
1.4612989912656655	267	(1, -1, -1, -1, -1, 1, -1, 1, 1)	5.736465159283018
1.4612989912656655	268	(1, -1, -1, -1, -1, 1, 1, -1, -1)	5.736465159283018
1.4612989912656655	269	(1, -1, -1, -1, -1, 1, 1, -1, 1)	5.736465159283018
1.4612989912656655	270	(1, -1, -1, -1, -1, 1, 1, 1, -1)	5.736465159283018
1.4612989912656655	271	(1, -1, -1, -1, -1, 1, 1, 1, 1)	5.736465159266308
1.4612989912656655	272	(1, -1, -1, -1, 1, -1, -1, -1, -1)	5.736465159264961
1.4612989912656655	286	(1, -1, -1, -1, 1, 1, 1, 1, -1)	5.736465159287438
1.4612989912656655	287	(1, -1, -1, -1, 1, 1, 1, 1, 1)	5.73646515927723
1.4612989912656655	288	(1, -1, -1, 1, -1, -1, -1, -1, -1)	5.73646515929825
1.4612989912656655	289	(1, -1, -1, 1, -1, -1, -1, -1, 1)	5.736465159306598
1.4612989912656655	303	(1, -1, -1, 1, -1, 1, 1, 1, 1)	5.736465159283915
1.4612989912656655	304	(1, -1, -1, 1, 1, -1, -1, -1, -1)	5.736465159279331
1.4612989912656655	316	(1, -1, -1, 1, 1, 1, 1, -1, -1)	5.736465159302315
1.4612989912656655	317	(1, -1, -1, 1, 1, 1, 1, -1, 1)	5.736465159302315
1.4612989912656655	318	(1, -1, -1, 1, 1, 1, 1, 1, -1)	5.736465159304732
1.4612989912656655	319	(1, -1, -1, 1, 1, 1, 1, 1, 1)	5.736465159298246
1.4612989912656655	320	(1, -1, 1, -1, -1, -1, -1, -1, -1)	5.736465159276133
1.4612989912656655	321	(1, -1, 1, -1, -1, -1, -1, -1, 1)	5.736465159282888
1.4612989912656655	322	(1, -1, 1, -1, -1, -1, -1, 1, -1)	5.7364651592809865
1.4612989912656655	323	(1, -1, 1, -1, -1, -1, -1, 1, 1)	5.7364651592809865
1.4612989912656655	335	(1, -1, 1, -1, -1, 1, 1, 1, 1)	5.7364651592947125
1.4612989912656655	336	(1, -1, 1, -1, 1, -1, -1, -1, -1)	5.736465159282302
1.4612989912656655	350	(1, -1, 1, -1, 1, 1, 1, 1, -1)	5.736465159316733
1.4612989912656655	351	(1, -1, 1, -1, 1, 1, 1, 1, 1)	5.736465159309583
1.4612989912656655	352	(1, -1, 1, 1, -1, -1, -1, -1, -1)	5.736465159300245
1.4612989912656655	353	(1, -1, 1, 1, -1, -1, -1, -1, 1)	5.736465159306523
1.4612989912656655	367	(1, -1, 1, 1, -1, 1, 1, 1, 1)	5.73646515925962
1.4612989912656655	368	(1, -1, 1, 1, 1, -1, -1, -1, -1)	5.736465159267703
1.4612989912656655	376	(1, -1, 1, 1, 1, 1, -1, -1, -1)	5.736465159298113
1.4612989912656655	377	(1, -1, 1, 1, 1, 1, -1, -1, 1)	5.736465159298113
1.4612989912656655	378	(1, -1, 1, 1, 1, 1, -1, 1, -1)	5.736465159298113
1.4612989912656655	379	(1, -1, 1, 1, 1, 1, -1, 1, 1)	5.736465159298113
1.4612989912656655	380	(1, -1, 1, 1, 1, 1, 1, -1, -1)	5.736465159291363
1.4612989912656655	381	(1, -1, 1, 1, 1, 1, 1, -1, 1)	5.736465159291363
1.4612989912656655	382	(1, -1, 1, 1, 1, 1, 1, 1, -1)	5.736465159287859
1.4612989912656655	383	(1, -1, 1, 1, 1, 1, 1, 1, 1)	5.736465159277756
1.4612989912656655	384	(1, 1, -1, -1, -1, -1, -1, -1, -1)	5.736465159300809
1.4612989912656655	385	(1, 1, -1, -1, -1, -1, -1, -1, 1)	5.736465159291679
1.4612989912656655	386	(1, 1, -1, -1, -1, -1, -1, 1, -1)	5.736465159281548
1.4612989912656655	387	(1, 1, -1, -1, -1, -1, -1, 1, 1)	5.736465159281548
1.4612989912656655	388	(1, 1, -1, -1, -1, -1, 1, -1, -1)	5.736465159290328
1.4612989912656655	389	(1, 1, -1, -1, -1, -1, 1, -1, 1)	5.736465159290328
1.4612989912656655	390	(1, 1, -1, -1, -1, -1, 1, 1, -1)	5.736465159290328
1.4612989912656655	391	(1, 1, -1, -1, -1, -1, 1, 1, 1)	5.736465159290328
1.4612989912656655	399	(1, 1, -1, -1, -1, 1, 1, 1, 1)	5.73646515930555
1.4612989912656655	400	(1, 1, -1, -1, 1, -1, -1, -1, -1)	5.7364651593109866
1.4612989912656655	414	(1, 1, -1, -1, 1, 1, 1, 1, -1)	5.7364651592896285
1.4612989912656655	415	(1, 1, -1, -1, 1, 1, 1, 1, 1)	5.736465159296797
1.4612989912656655	416	(1, 1, -1, 1, -1, -1, -1, -1, -1)	5.7364651592998825
1.4612989912656655	417	(1, 1, -1, 1, -1, -1, -1, -1, 1)	5.73646515929912
1.4612989912656655	431	(1, 1, -1, 1, -1, 1, 1, 1, 1)	5.736465159280297
1.4612989912656655	432	(1, 1, -1, 1, 1, -1, -1, -1, -1)	5.736465159299175
1.4612989912656655	444	(1, 1, -1, 1, 1, 1, 1, -1, -1)	5.736465159271411
1.4612989912656655	445	(1, 1, -1, 1, 1, 1, 1, -1, 1)	5.736465159271411
1.4612989912656655	446	(1, 1, -1, 1, 1, 1, 1, 1, -1)	5.7364651592787474
1.4612989912656655	447	(1, 1, -1, 1, 1, 1, 1, 1, 1)	5.736465159280658
1.4612989912656655	448	(1, 1, 1, -1, -1, -1, -1, -1, -1)	5.73646515929148
1.4612989912656655	449	(1, 1, 1, -1, -1, -1, -1, -1, 1)	5.736465159282421
1.4612989912656655	450	(1, 1, 1, -1, -1, -1, -1, 1, -1)	5.736465159261974
1.4612989912656655	451	(1, 1, 1, -1, -1, -1, -1, 1, 1)	5.736465159261974
1.4612989912656655	463	(1, 1, 1, -1, -1, 1, 1, 1, 1)	5.736465159300725
1.4612989912656655	464	(1, 1, 1, -1, 1, -1, -1, -1, -1)	5.73646515929932
1.4612989912656655	478	(1, 1, 1, -1, 1, 1, 1, 1, -1)	5.736465159289148
1.4612989912656655	479	(1, 1, 1, -1, 1, 1, 1, 1, 1)	5.736465159294336
1.4612989912656655	480	(1, 1, 1, 1, -1, -1, -1, -1, -1)	5.736465159299567
1.4612989912656655	481	(1, 1, 1, 1, -1, -1, -1, -1, 1)	5.7364651592991684
1.4612989912656655	482	(1, 1, 1, 1, -1, -1, -1, 1, -1)	5.736465159289336
1.4612989912656655	483	(1, 1, 1, 1, -1, -1, -1, 1, 1)	5.736465159289336
1.4612989912656655	484	(1, 1, 1, 1, -1, -1, 1, -1, -1)	5.736465159289336
1.4612989912656655	485	(1, 1, 1, 1, -1, -1, 1, -1, 1)	5.736465159289336
1.4612989912656655	486	(1, 1, 1, 1, -1, -1, 1, 1, -1)	5.736465159289336
1.4612989912656655	487	(1, 1, 1, 1, -1, -1, 1, 1, 1)	5.736465159289336
1.4612989912656655	488	(1, 1, 1, 1, -1, 1, -1, -1, -1)	5.736465159289336
1.4612989912656655	489	(1, 1, 1, 1, -1, 1, -1, -1, 1)	5.736465159289336
1.4612989912656655	490	(1, 1, 1, 1, -1, 1, -1, 1, -1)	5.736465159289336
1.4612989912656655	491	(1, 1, 1, 1, -1, 1, -1, 1, 1)	5.736465159289336
1.4612989912656655	492	(1, 1, 1, 1, -1, 1, 1, -1, -1)	5.736465159289336
1.4612989912656655	493	(1, 1, 1, 1, -1, 1, 1, -1, 1)	5.736465159289336
1.4612989912656655	494	(1, 1, 1, 1, -1, 1, 1, 1, -1)	5.736465159289336
1.4612989912656655	495	(1, 1, 1, 1, -1, 1, 1, 1, 1)	6.480127421581453
1.4612989912656655	496	(1, 1, 1, 1, 1, -1, -1, -1, -1)	6.631052348229942
1.4612989912656655	497	(1, 1, 1, 1, 1, -1, -1, -1, 1)	5.73646515929241
1.4612989912656655	498	(1, 1, 1, 1, 1, -1, -1, 1, -1)	5.73646515929241
1.4612989912656655	499	(1, 1, 1, 1, 1, -1, -1, 1, 1)	5.73646515929241
1.4612989912656655	500	(1, 1, 1, 1, 1, -1, 1, -1, -1)	5.73646515929241
1.4612989912656655	501	(1, 1, 1, 1, 1, -1, 1, -1, 1)	5.73646515929241
1.4612989912656655	502	(1, 1, 1, 1, 1, -1, 1, 1, -1)	5.73646515929241
1.4612989912656655	503	(1, 1, 1, 1, 1, -1, 1, 1, 1)	5.73646515929241
1.4612989912656655	504	(1, 1, 1, 1, 1, 1, -1, -1, -1)	5.736465159293026
1.4612989912656655	505	(1, 1, 1, 1, 1, 1, -1, -1, 1)	5.736465159293026
1.4612989912656655	506	(1, 1, 1, 1, 1, 1, -1, 1, -1)	5.736465159293026
1.4612989912656655	507	(1, 1, 1, 1, 1, 1, -1, 1, 1)	5.736465159293026
1.4612989912656655	508	(1, 1, 1, 1, 1, 1, 1, -1, -1)	5.736465159288683
1.4612989912656655	509	(1, 1, 1, 1, 1, 1, 1, -1, 1)	5.736465159288683
1.4612989912656655	510	(1, 1, 1, 1, 1, 1, 1, 1, -1)	6.412248020092981
1.4612989912656655	511	(1, 1, 1, 1, 1, 1, 1, 1, 1)	6.315707611410651
1.4643405839192551	0	(-1, -1, -1, -1, -1, -1, -1, -1, -1)	1.2791037467342838
1.4643405839192551	1	(-1, -1, -1, -1, -1, -1, -1, -1, 1)	1.1784385097390926
1.4643405839192551	2	(-1, -1, -1, -1, -1, -1, -1, 1, -1)	1.054066658071084
1.4643405839192551	3	(-1, -1, -1, -1, -1, -1, -1, 1, 1)	1.054066658071084
1.4643405839192551	4	(-1, -1, -1, -1, -1, -1, 1, -1, -1)	1.0540666580674634
1.4643405839192551	5	(-1, -1, -1, -1, -1, -1, 1, -1, 1)	1.0540666580674634
1.4643405839192551	6	(-1, -1, -1, -1, -1, -1, 1, 1, -1)	1.0540666580674634
1.4643405839192551	7	(-1, -1, -1, -1, -1, -1, 1, 1, 1)	1.0540666580674634
1.4643405839192551	8	(-1, -1, -1, -1, -1, 1, -1, -1, -1)	1.0540666580631264
1.4643405839192551	9	(-1, -1, -1, -1, -1, 1, -1, -1, 1)	1.0540666580631264
1.4643405839192551	10	(-1, -1, -1, -1, -1, 1, -1, 1, -1)	1.0540666580631264
1.4643405839192551	11	(-1, -1, -1, -1, -1, 1, -1, 1, 1)	1.0540666580631264
1.4643405839192551	12	(-1, -1, -1, -1, -1, 1, 1, -1, -1)	1.0540666580631264
1.4643405839192551	13	(-1, -1, -1, -1, -1, 1, 1, -1, 1)	1.0540666580631264
1.4643405839192551	14	(-1, -1, -1, -1, -1, 1, 1, 1, -1)	1.0540666580631264
1.4643405839192551	15	(-1, -1, -1, -1, -1, 1, 1, 1, 1)	1.218229849605002
1.4643405839192551	16	(-1, -1, -1, -1, 1, -1, -1, -1, -1)	1.191131295400472
1.4643405839192551	17	(-1, -1, -1, -1, 1, -1, -1, -1, 1)	1.0540666580614155
1.4643405839192551	18	(-1, -1, -1, -1, 1, -1, -1, 1, -1)	1.0540666580614155
1.4643405839192551	19	(-1, -1, -1, -1, 1, -1, -1, 1, 1)	1.0540666580614155
1.4643405839192551	20	(-1, -1, -1, -1, 1, -1, 1, -1, -1)	1.0540666580614155
1.4643405839192551	21	(-1, -1, -1, -1, 1, -1, 1, -1, 1)	1.0540666580614155
1.4643405839192551	22	(-1, -1, -1, -1, 1, -1, 1, 1, -1)	1.0540666580614155
1.4643405839192551	23	(-1, -1, -1, -1, 1, -1, 1, 1, 1)	1.0540666580614155
1.4643405839192551	24	(-1, -1, -1, -1, 1, 1, -1, -1, -1)	1.0540666580614155
1.4643405839192551	25	(-1, -1, -1, -1, 1, 1, -1, -1, 1)	1.0540666580614155
1.4643405839192551	26	(-1, -1, -1, -1, 1, 1, -1, 1, -1)	1.0540666580614155
1.4643405839192551	27	(-1, -1, -1, -1, 1, 1, -1, 1, 1)	1.0540666580614155
1.4643405839192551	28	(-1, -1, -1, -1, 1, 1, 1, -1, -1)	1.0540666580614155
1.4643405839192551	29	(-1, -1, -1, -1, 1, 1, 1, -1, 1)	1.0540666580614155
1.4643405839192551	30	(-1, -1, -1, -1, 1, 1, 1, 1, -1)	1.0540666580491602
1.4643405839192551	31	(-1, -1, -1, -1, 1, 1, 1, 1, 1)	1.282009988315424
1.4643405839192551	32	(-1, -1, -1, 1, -1, -1, -1, -1, -1)	1.054066658023321
1.4643405839192551	33	(-1, -1, -1, 1, -1, -1, -1, -1, 1)	1.0540666580307074
1.4643405839192551	47	(-1, -1, -1, 1, -1, 1, 1, 1, 1)	1.0540666580250069
1.4643405839192551	48	(-1, -1, -1, 1, 1, -1, -1, -1, -1)	1.0540666580046583
1.4643405839192551	60	(-1, -1, -1, 1, 1, 1, 1, -1, -1)	1.0540666580529734
1.4643405839192551	61	(-1, -1, -1, 1, 1, 1, 1, -1, 1)	1.0540666580529734
1.4643405839192551	62	(-1, -1, -1, 1, 1, 1, 1, 1, -1)	1.0540666580352036
1.4643405839192551	63	(-1, -1, -1, 1, 1, 1, 1, 1, 1)	1.0540666580204483
1.4643405839192551	64	(-1, -1, 1, -1, -1, -1, -1, -1, -1)	1.0540666580396163
1.4643405839192551	65	(-1, -1, 1, -1, -1, -1, -1, -1, 1)	1.0540666580515397
1.4643405839192551	66	(-1, -1, 1, -1, -1, -1, -1, 1, -1)	1.054066658058706
1.4643405839192551	67	(-1, -1, 1, -1, -1, -1, -1, 1, 1)	1.054066658058706
1.4643405839192551	79	(-1, -1, 1, -1, -1, 1, 1, 1, 1)	1.0540666580233191
1.4643405839192551	80	(-1, -1, 1, -1, 1, -1, -1, -1, -1)	1.054066658032289
1.4643405839192551	94	(-1, -1, 1, -1, 1, 1, 1, 1, -1)	1.0540666580472566
1.4643405839192551	95	(-1, -1, 1, -1, 1, 1, 1, 1, 1)	1.054066658043606
1.4643405839192551	96	(-1, -1, 1, 1, -1, -1, -1, -1, -1)	1.0540666580454925
1.4643405839192551	97	(-1, -1, 1, 1, -1, -1, -1, -1, 1)	1.054066658055312
1.4643405839192551	111	(-1, -1, 1, 1, -1, 1, 1, 1, 1)	1.054066658027594
1.4643405839192551	112	(-1, -1, 1, 1, 1, -1, -1, -1, -1)	1.0540666580074893
1.4643405839192551	120	(-1, -1, 1, 1, 1, 1, -1, -1, -1)	1.0540666580648768
1.4643405839192551	121	(-1, -1, 1, 1, 1, 1, -1, -1, 1)	1.0540666580648768
1.4643405839192551	122	(-1, -1, 1, 1, 1, 1, -1, 1, -1)	1.0540666580648768
1.4643405839192551	123	(-1, -1, 1, 1, 1, 1, -1, 1, 1)	1.0540666580648768
1.4643405839192551	124	(-1, -1, 1, 1, 1, 1, 1, -1, -1)	1.0540666580616023
1.4643405839192551	125	(-1, -1, 1, 1, 1, 1, 1, -1, 1)	1.0540666580616023
1.4643405839192551	126	(-1, -1, 1, 1, 1, 1, 1, 1, -1)	1.054066658050371
1.4643405839192551	127	(-1, -1, 1, 1, 1, 1, 1, 1, 1)	1.0540666580408562
1.4643405839192551	128	(-1, 1, -1, -1, -1, -1, -1, -1, -1)	1.054066658041807
1.4643405839192551	129	(-1, 1, -1, -1, -1, -1, -1, -1, 1)	1.0540666580597176
1.4643405839192551	130	(-1, 1, -1, -1, -1, -1, -1, 1, -1)	1.054066658081633
1.4643405839192551	131	(-1, 1, -1, -1, -1, -1, -1, 1, 1)	1.054066658081633
1.4643405839192551	132	(-1, 1, -1, -1, -1, -1, 1, -1, -1)	1.0540666580844933
1.4643405839192551	133	(-1, 1, -1, -1, -1, -1, 1, -1, 1)	1.0540666580844933
1.4643405839192551	134	(-1, 1, -1, -1, -1, -1, 1, 1, -1)	1.0540666580844933
1.4643405839192551	135	(-1, 1, -1, -1, -1, -1, 1, 1, 1)	1.0540666580844933
1.4643405839192551	143	(-1, 1, -1, -1, -1, 1, 1, 1, 1)	1.0540666580162872
1.4643405839192551	144	(-1, 1, -1, -1, 1, -1, -1, -1, -1)	1.054066657999159
1.4643405839192551	158	(-1, 1, -1, -1, 1, 1, 1, 1, -1)	1.0540666580438416
1.4643405839192551	159	(-1, 1, -1, -1, 1, 1, 1, 1, 1)	1.0540666580365117
1.4643405839192551	160	(-1, 1, -1, 1, -1, -1, -1, -1, -1)	1.0540666580363611
1.4643405839192551	161	(-1, 1, -1, 1, -1, -1, -1, -1, 1)	1.0540666580446025
1.4643405839192551	175	(-1, 1, -1, 1, -1, 1, 1, 1, 1)	1.054066658017174
1.4643405839192551	176	(-1, 1, -1, 1, 1, -1, -1, -1, -1)	1.054066658023924
1.4643405839192551	188	(-1, 1, -1, 1, 1, 1, 1, -1, -1)	1.054066658072949
1.4643405839192551	189	(-1, 1, -1, 1, 1, 1, 1, -1, 1)	1.054066658072949
1.4643405839192551	190	(-1, 1, -1, 1, 1, 1, 1, 1, -1)	1.0540666580575393
1.4643405839192551	191	(-1, 1, -1, 1, 1, 1, 1, 1, 1)	1.0540666580455111
1.4643405839192551	192	(-1, 1, 1, -1, -1, -1, -1, -1, -1)	1.0540666580325864
1.4643405839192551	193	(-1, 1, 1, -1, -1, -1, -1, -1, 1)	1.0540666580438067
1.4643405839192551	194	(-1, 1, 1, -1, -1, -1, -1, 1, -1)	1.0540666580616123
1.4643405839192551	195	(-1, 1, 1, -1, -1, -1, -1, 1, 1)	1.0540666580616123
1.4643405839192551	207	(-1, 1, 1, -1, -1, 1, 1, 1, 1)	1.0540666580087112
1.4643405839192551	208	(-1, 1, 1, -1, 1, -1, -1, -1, -1)	1.0540666579942461
1.4643405839192551	222	(-1, 1, 1, -1, 1, 1, 1, 1, -1)	1.0540666580289042
1.4643405839192551	223	(-1, 1, 1, -1, 1, 1, 1, 1, 1)	1.0540666580151536
1.4643405839192551	224	(-1, 1, 1, 1, -1, -1, -1, -1, -1)	1.05406665801496
1.4643405839192551	225	(-1, 1, 1, 1, -1, -1, -1, -1, 1)	1.0540666580245894
1.4643405839192551	239	(-1, 1, 1, 1, -1, 1, 1, 1, 1)	1.0540666580024485
1.4643405839192551	240	(-1, 1, 1, 1, 1, -1, -1, -1, -1)	1.054066658032757
1.4643405839192551	241	(-1, 1, 1, 1, 1, -1, -1, -1, 1)	1.0540666580644786
1.4643405839192551	242	(-1, 1, 1, 1, 1, -1, -1, 1, -1)	1.0540666580644786
1.4643405839192551	243	(-1, 1, 1, 1, 1, -1, -1, 1, 1)	1.0540666580644786
1.4643405839192551	243	(-1, 1, 1, 1, 1, -1, -1, 1, 1)	1.0540666580644786
1.4643405839192551	244	(-1, 1, 1, 1, 1, -1, 1, -1, -1)	1.0540666580644786
1.4643405839192551	245	(-1, 1, 1, 1, 1, -1, 1, -1, 1)	1.0540666580644786
1.4643405839192551	246	(-1, 1, 1, 1, 1, -1, 1, 1, -1)	1.0540666580644786
1.4643405839192551	247	(-1, 1, 1, 1, 1, -1, 1, 1, 1)	1.0540666580644786
1.4643405839192551	248	(-1, 1, 1, 1, 1, 1, -1, -1, -1)	1.0540666580675002
1.4643405839192551	249	(-1, 1, 1, 1, 1, 1, -1, -1, 1)	1.0540666580675002
1.4643405839192551	250	(-1, 1, 1, 1, 1, 1, -1, 1, -1)	1.0540666580675002
1.4643405839192551	251	(-1, 1, 1, 1, 1, 1, -1, 1, 1)	1.0540666580675002
1.4643405839192551	252	(-1, 1, 1, 1, 1, 1, 1, -1, -1)	1.0540666580667002
1.4643405839192551	253	(-1, 1, 1, 1, 1, 1, 1, -1, 1)	1.0540666580667002
1.4643405839192551	254	(-1, 1, 1, 1, 1, 1, 1, 1, -1)	1.0540666580543128
1.4643405839192551	255	(-1, 1, 1, 1, 1, 1, 1, 1, 1)	1.0540666580409197
1.4643405839192551	256	(1, -1, -1, -1, -1, -1, -1, -1, -1)	1.0540666580409197
1.4643405839192551	257	(1, -1, -1, -1, -1, -1, -1, -1, 1)	1.0540666580543128
1.4643405839192551	258	(1, -1, -1, -1, -1, -1, -1, 1, -1)	1.0540666580667002
1.4643405839192551	259	(1, -1, -1, -1, -1, -1, -1, 1, 1)	1.0540666580667002
1.4643405839192551	260	(1, -1, -1, -1, -1, -1, 1, -1, -1)	1.0540666580675002
1.4643405839192551	261	(1, -1, -1, -1, -1, -1, 1, -1, 1)	1.0540666580675002
1.4643405839192551	262	(1, -1, -1, -1, -1, -1, 1, 1, -1)	1.0540666580675002
1.4643405839192551	263	(1, -1, -1, -1, -1, -1, 1, 1, 1)	1.0540666580675002
1.4643405839192551	264	(1, -1, -1, -1, -1, 1, -1, -1, -1)	1.0540666580644786
1.4643405839192551	265	(1, -1, -1, -1, -1, 1, -1, -1, 1)	1.0540666580644786
1.4643405839192551	266	(1, -1, -1, -1, -1, 1, -1, 1, -1)	1.0540666580644786
1.4643405839192551	267	(1, -1, -1, -1, -1, 1, -1, 1, 1)	1.0540666580644786
1.4643405839192551	268	(1, -1, -1, -1, -1, 1, 1, -1, -1)	1.0540666580644786
1.4643405839192551	269	(1, -1, -1, -1, -1, 1, 1, -1, 1)	1.0540666580644786
1.4643405839192551	270	(1, -1, -1, -1, -1, 1, 1, 1, -1)	1.0540666580644786
1.4643405839192551	271	(1, -1, -1, -1, -1, 1, 1, 1, 1)	1.054066658032757
1.4643405839192551	272	(1, -1, -1, -1, 1, -1, -1, -1, -1)	1.0540666580024485
1.4643405839192551	286	(1, -1, -1, -1, 1, 1, 1, 1, -1)	1.0540666580245894
1.4643405839192551	287	(1, -1, -1, -1, 1, 1, 1, 1, 1)	1.05406665801496
1.4643405839192551	288	(1, -1, -1, 1, -1, -1, -1, -1, -1)	1.0540666580151536
1.4643405839192551	289	(1, -1, -1, 1, -1, -1, -1, -1, 1)	1.0540666580289042
1.4643405839192551	303	(1, -1, -1, 1, -1, 1, 1, 1, 1)	1.0540666579942461
1.4643405839192551	304	(1, -1, -1, 1, 1, -1, -1, -1, -1)	1.0540666580087112
1.4643405839192551	316	(1, -1, -1, 1, 1, 1, 1, -1, -1)	1.0540666580616123
1.4643405839192551	317	(1, -1, -1, 1, 1, 1, 1, -1, 1)	1.0540666580616123
1.4643405839192551	318	(1, -1, -1, 1, 1, 1, 1, 1, -1)	1.0540666580438067
1.4643405839192551	319	(1, -1, -1, 1, 1, 1, 1, 1, 1)	1.0540666580325864
1.4643405839192551	320	(1, -1, 1, -1, -1, -1, -1, -1, -1)	1.0540666580455111
1.4643405839192551	321	(1, -1, 1, -1, -1, -1, -1, -1, 1)	1.0540666580575393
1.4643405839192551	322	(1, -1, 1, -1, -1, -1, -1, 1, -1)	1.054066658072949
1.4643405839192551	323	(1, -1, 1, -1, -1, -1, -1, 1, 1)	1.054066658072949
1.4643405839192551	335	(1, -1, 1, -1, -1, 1, 1, 1, 1)	1.054066658023924
1.4643405839192551	336	(1, -1, 1, -1, 1, -1, -1, -1, -1)	1.054066658017174
1.4643405839192551	350	(1, -1, 1, -1, 1, 1, 1, 1, -1)	1.0540666580446025
1.4643405839192551	351	(1, -1, 1, -1, 1, 1, 1, 1, 1)	1.0540666580363611
1.4643405839192551	352	(1, -1, 1, 1, -1, -1, -1, -1, -1)	1.0540666580365117
1.4643405839192551	353	(1, -1, 1, 1, -1, -1, -1, -1, 1)	1.0540666580438416
1.4643405839192551	367	(1, -1, 1, 1, -1, 1, 1, 1, 1)	1.054066657999159
1.4643405839192551	368	(1, -1, 1, 1, 1, -1, -1, -1, -1)	1.0540666580162872
1.4643405839192551	376	(1, -1, 1, 1, 1, 1, -1, -1, -1)	1.0540666580844933
1.4643405839192551	377	(1, -1, 1, 1, 1, 1, -1, -1, 1)	1.0540666580844933
1.4643405839192551	378	(1, -1, 1, 1, 1, 1, -1, 1, -1)	1.0540666580844933
1.4643405839192551	379	(1, -1, 1, 1, 1, 1, -1, 1, 1)	1.0540666580844933
1.4643405839192551	380	(1, -1, 1, 1, 1, 1, 1, -1, -1)	1.054066658081633
1.4643405839192551	381	(1, -1, 1, 1, 1, 1, 1, -1, 1)	1.054066658081633
1.4643405839192551	382	(1, -1, 1, 1, 1, 1, 1, 1, -1)	1.0540666580597176
1.4643405839192551	383	(1, -1, 1, 1, 1, 1, 1, 1, 1)	1.054066658041807
1.4643405839192551	384	(1, 1, -1, -1, -1, -1, -1, -1, -1)	1.0540666580408562
1.4643405839192551	385	(1, 1, -1, -1, -1, -1, -1, -1, 1)	1.054066658050371
1.4643405839192551	386	(1, 1, -1, -1, -1, -1, -1, 1, -1)	1.0540666580616023
1.4643405839192551	387	(1, 1, -1, -1, -1, -1, -1, 1, 1)	1.0540666580616023
1.4643405839192551	388	(1, 1, -1, -1, -1, -1, 1, -1, -1)	1.0540666580648768
1.4643405839192551	389	(1, 1, -1, -1, -1, -1, 1, -1, 1)	1.0540666580648768
1.4643405839192551	390	(1, 1, -1, -1, -1, -1, 1, 1, -1)	1.0540666580648768
1.4643405839192551	391	(1, 1, -1, -1, -1, -1, 1, 1, 1)	1.0540666580648768
1.4643405839192551	399	(1, 1, -1, -1, -1, 1, 1, 1, 1)	1.0540666580074893
1.4643405839192551	400	(1, 1, -1, -1, 1, -1, -1, -1, -1)	1.054066658027594
1.4643405839192551	414	(1, 1, -1, -1, 1, 1, 1, 1, -1)	1.054066658055312
1.4643405839192551	415	(1, 1, -1, -1, 1, 1, 1, 1, 1)	1.0540666580454925
1.4643405839192551	416	(1, 1, -1, 1, -1, -1, -1, -1, -1)	1.054066658043606
1.4643405839192551	417	(1, 1, -1, 1, -1, -1, -1, -1, 1)	1.0540666580472566
1.4643405839192551	431	(1, 1, -1, 1, -1, 1, 1, 1, 1)	1.054066658032289
1.4643405839192551	432	(1, 1, -1, 1, 1, -1, -1, -1, -1)	1.0540666580233191
1.4643405839192551	444	(1, 1, -1, 1, 1, 1, 1, -1, -1)	1.054066658058706
1.4643405839192551	445	(1, 1, -1, 1, 1, 1, 1, -1, 1)	1.054066658058706
1.4643405839192551	446	(1, 1, -1, 1, 1, 1, 1, 1, -1)	1.0540666580515397
1.4643405839192551	447	(1, 1, -1, 1, 1, 1, 1, 1, 1)	1.0540666580396163
1.4643405839192551	448	(1, 1, 1, -1, -1, -1, -1, -1, -1)	1.0540666580204483
1.4643405839192551	449	(1, 1, 1, -1, -1, -1, -1, -1, 1)	1.0540666580352036
1.4643405839192551	450	(1, 1, 1, -1, -1, -1, -1, 1, -1)	1.0540666580529734
1.4643405839192551	451	(1, 1, 1, -1, -1, -1, -1, 1, 1)	1.0540666580529734
1.4643405839192551	463	(1, 1, 1, -1, -1, 1, 1, 1, 1)	1.0540666580046583
1.4643405839192551	464	(1, 1, 1, -1, 1, -1, -1, -1, -1)	1.0540666580250069
1.4643405839192551	478	(1, 1, 1, -1, 1, 1, 1, 1, -1)	1.0540666580307074
1.4643405839192551	479	(1, 1, 1, -1, 1, 1, 1, 1, 1)	1.054066658023321
1.4643405839192551	480	(1, 1, 1, 1, -1, -1, -1, -1, -1)	1.282009988315424
1.4643405839192551	481	(1, 1, 1, 1, -1, -1, -1, -1, 1)	1.0540666580491602
1.4643405839192551	482	(1, 1, 1, 1, -1, -1, -1, 1, -1)	1.0540666580614155
1.4643405839192551	483	(1, 1, 1, 1, -1, -1, -1, 1, 1)	1.0540666580614155
1.4643405839192551	484	(1, 1, 1, 1, -1, -1, 1, -1, -1)	1.0540666580614155
1.4643405839192551	485	(1, 1, 1, 1, -1, -1, 1, -1, 1)	1.0540666580614155
1.4643405839192551	486	(1, 1, 1, 1, -1, -1, 1, 1, -1)	1.0540666580614155
1.4643405839192551	487	(1, 1, 1, 1, -1, -1, 1, 1, 1)	1.0540666580614155
1.4643405839192551	488	(1, 1, 1, 1, -1, 1, -1, -1, -1)	1.0540666580614155
1.4643405839192551	489	(1, 1, 1, 1, -1, 1, -1, -1, 1)	1.0540666580614155
1.4643405839192551	490	(1, 1, 1, 1, -1, 1, -1, 1, -1)	1.0540666580614155
1.4643405839192551	491	(1, 1, 1, 1, -1, 1, -1, 1, 1)	1.0540666580614155
1.4643405839192551	492	(1, 1, 1, 1, -1, 1, 1, -1, -1)	1.0540666580614155
1.4643405839192551	493	(1, 1, 1, 1, -1, 1, 1, -1, 1)	1.0540666580614155
1.4643405839192551	494	(1, 1, 1, 1, -1, 1, 1, 1, -1)	1.0540666580614155
1.4643405839192551	495	(1, 1, 1, 1, -1, 1, 1, 1, 1)	1.191131295400472
1.4643405839192551	496	(1, 1, 1, 1, 1, -1, -1, -1, -1)	1.218229849605002
1.4643405839192551	497	(1, 1, 1, 1, 1, -1, -1, -1, 1)	1.0540666580631264
1.4643405839192551	498	(1, 1, 1, 1, 1, -1, -1, 1, -1)	1.0540666580631264
1.4643405839192551	499	(1, 1, 1, 1, 1, -1, -1, 1, 1)	1.0540666580631264
1.4643405839192551	500	(1, 1, 1, 1, 1, -1, 1, -1, -1)	1.0540666580631264
1.4643405839192551	501	(1, 1, 1, 1, 1, -1, 1, -1, 1)	1.0540666580631264
1.4643405839192551	502	(1, 1, 1, 1, 1, -1, 1, 1, -1)	1.0540666580631264
1.4643405839192551	503	(1, 1, 1, 1, 1, -1, 1, 1, 1)	1.0540666580631264
1.4643405839192551	504	(1, 1, 1, 1, 1, 1, -1, -1, -1)	1.0540666580674634
1.4643405839192551	505	(1, 1, 1, 1, 1, 1, -1, -1, 1)	1.0540666580674634
1.4643405839192551	506	(1, 1, 1, 1, 1, 1, -1, 1, -1)	1.0540666580674634
1.4643405839192551	507	(1, 1, 1, 1, 1, 1, -1, 1, 1)	1.0540666580674634
1.4643405839192551	508	(1, 1, 1, 1, 1, 1, 1, -1, -1)	1.054066658071084
1.4643405839192551	509	(1, 1, 1, 1, 1, 1, 1, -1, 1)	1.054066658071084
1.4643405839192551	510	(1, 1, 1, 1, 1, 1, 1, 1, -1)	1.1784385097390926
1.4643405839192551	511	(1, 1, 1, 1, 1, 1, 1, 1, 1)	1.2791037467342838
1.467382176572845	0	(-1, -1, -1, -1, -1, -1, -1, -1, -1)	4.388143871887931
1.467382176572845	1	(-1, -1, -1, -1, -1, -1, -1, -1, 1)	4.043006091777574
1.467382176572845	2	(-1, -1, -1, -1, -1, -1, -1, 1, -1)	3.6157190871440203
1.467382176572845	3	(-1, -1, -1, -1, -1, -1, -1, 1, 1)	3.6157190871440203
1.467382176572845	4	(-1, -1, -1, -1, -1, -1, 1, -1, -1)	3.6157190871422675
1.467382176572845	5	(-1, -1, -1, -1, -1, -1, 1, -1, 1)	3.6157190871422675
1.467382176572845	6	(-1, -1, -1, -1, -1, -1, 1, 1, -1)	3.6157190871422675
1.467382176572845	7	(-1, -1, -1, -1, -1, -1, 1, 1, 1)	3.6157190871422675
1.467382176572845	8	(-1, -1, -1, -1, -1, 1, -1, -1, -1)	3.615719087143076
1.467382176572845	9	(-1, -1, -1, -1, -1, 1, -1, -1, 1)	3.615719087143076
1.467382176572845	10	(-1, -1, -1, -1, -1, 1, -1, 1, -1)	3.615719087143076
1.467382176572845	11	(-1, -1, -1, -1, -1, 1, -1, 1, 1)	3.615719087143076
1.467382176572845	12	(-1, -1, -1, -1, -1, 1, 1, -1, -1)	3.615719087143076
1.467382176572845	13	(-1, -1, -1, -1, -1, 1, 1, -1, 1)	3.615719087143076
1.467382176572845	14	(-1, -1, -1, -1, -1, 1, 1, 1, -1)	3.615719087143076
1.467382176572845	15	(-1, -1, -1, -1, -1, 1, 1, 1, 1)	4.178104647388527
1.467382176572845	16	(-1, -1, -1, -1, 1, -1, -1, -1, -1)	4.087306955451867
1.467382176572845	17	(-1, -1, -1, -1, 1, -1, -1, -1, 1)	3.6157190871454006
1.467382176572845	18	(-1, -1, -1, -1, 1, -1, -1, 1, -1)	3.6157190871454006
1.467382176572845	19	(-1, -1, -1, -1, 1, -1, -1, 1, 1)	3.6157190871454006
1.467382176572845	20	(-1, -1, -1, -1, 1, -1, 1, -1, -1)	3.6157190871454006
1.467382176572845	21	(-1, -1, -1, -1, 1, -1, 1, -1, 1)	3.6157190871454006
1.467382176572845	22	(-1, -1, -1, -1, 1, -1, 1, 1, -1)	3.6157190871454006
1.467382176572845	23	(-1, -1, -1, -1, 1, -1, 1, 1, 1)	3.6157190871454006
1.467382176572845	24	(-1, -1, -1, -1, 1, 1, -1, -1, -1)	3.6157190871454006
1.467382176572845	25	(-1, -1, -1, -1, 1, 1, -1, -1, 1)	3.6157190871454006
1.467382176572845	26	(-1, -1, -1, -1, 1, 1, -1, 1, -1)	3.6157190871454006
1.467382176572845	27	(-1, -1, -1, -1, 1, 1, -1, 1, 1)	3.6157190871454006
1.467382176572845	28	(-1, -1, -1, -1, 1, 1, 1, -1, -1)	3.6157190871454006
1.467382176572845	29	(-1, -1, -1, -1, 1, 1, 1, -1, 1)	3.6157190871454006
1.467382176572845	30	(-1, -1, -1, -1, 1, 1, 1, 1, -1)	3.6157190871491443
1.467382176572845	31	(-1, -1, -1, -1, 1, 1, 1, 1, 1)	4.397371996470574
1.467382176572845	32	(-1, -1, -1, 1, -1, -1, -1, -1, -1)	3.61571908715944
1.467382176572845	33	(-1, -1, -1, 1, -1, -1, -1, -1, 1)	3.615719087159467
1.467382176572845	47	(-1, -1, -1, 1, -1, 1, 1, 1, 1)	3.6157190871385048
1.467382176572845	48	(-1, -1, -1, 1, 1, -1, -1, -1, -1)	3.6157190871639355
1.467382176572845	60	(-1, -1, -1, 1, 1, 1, 1, -1, -1)	3.615719087152972
1.467382176572845	61	(-1, -1, -1, 1, 1, 1, 1, -1, 1)	3.615719087152972
1.467382176572845	62	(-1, -1, -1, 1, 1, 1, 1, 1, -1)	3.6157190871481575
1.467382176572845	63	(-1, -1, -1, 1, 1, 1, 1, 1, 1)	3.6157190871489746
1.467382176572845	64	(-1, -1, 1, -1, -1, -1, -1, -1, -1)	3.615719087156114
1.467382176572845	65	(-1, -1, 1, -1, -1, -1, -1, -1, 1)	3.6157190871437597
1.467382176572845	66	(-1, -1, 1, -1, -1, -1, -1, 1, -1)	3.615719087138942
1.467382176572845	67	(-1, -1, 1, -1, -1, -1, -1, 1, 1)	3.615719087138942
1.467382176572845	79	(-1, -1, 1, -1, -1, 1, 1, 1, 1)	3.6157190871693072
1.467382176572845	80	(-1, -1, 1, -1, 1, -1, -1, -1, -1)	3.6157190871720126
1.467382176572845	94	(-1, -1, 1, -1, 1, 1, 1, 1, -1)	3.615719087160712
1.467382176572845	95	(-1, -1, 1, -1, 1, 1, 1, 1, 1)	3.615719087169587
1.467382176572845	96	(-1, -1, 1, 1, -1, -1, -1, -1, -1)	3.6157190871493117
1.467382176572845	97	(-1, -1, 1, 1, -1, -1, -1, -1, 1)	3.6157190871507647
1.467382176572845	111	(-1, -1, 1, 1, -1, 1, 1, 1, 1)	3.6157190871360236
1.467382176572845	112	(-1, -1, 1, 1, 1, -1, -1, -1, -1)	3.6157190871482876
1.467382176572845	120	(-1, -1, 1, 1, 1, 1, -1, -1, -1)	3.6157190871513163
1.467382176572845	121	(-1, -1, 1, 1, 1, 1, -1, -1, 1)	3.6157190871513163
1.467382176572845	122	(-1, -1, 1, 1, 1, 1, -1, 1, -1)	3.6157190871513163
1.467382176572845	123	(-1, -1, 1, 1, 1, 1, -1, 1, 1)	3.6157190871513163
1.467382176572845	124	(-1, -1, 1, 1, 1, 1, 1, -1, -1)	3.615719087151253
1.467382176572845	125	(-1, -1, 1, 1, 1, 1, 1, -1, 1)	3.615719087151253
1.467382176572845	126	(-1, -1, 1, 1, 1, 1, 1, 1, -1)	3.6157190871453673
1.467382176572845	127	(-1, -1, 1, 1, 1, 1, 1, 1, 1)	3.615719087145224
1.467382176572845	128	(-1, 1, -1, -1, -1, -1, -1, -1, -1)	3.6157190871706204
1.467382176572845	129	(-1, 1, -1, -1, -1, -1, -1, -1, 1)	3.6157190871625993
1.467382176572845	130	(-1, 1, -1, -1, -1, -1, -1, 1, -1)	3.615719087153593
1.467382176572845	131	(-1, 1, -1, -1, -1, -1, -1, 1, 1)	3.615719087153593
1.467382176572845	132	(-1, 1, -1, -1, -1, -1, 1, -1, -1)	3.6157190871426836
1.467382176572845	133	(-1, 1, -1, -1, -1, -1, 1, -1, 1)	3.6157190871426836
1.467382176572845	134	(-1, 1, -1, -1, -1, -1, 1, 1, -1)	3.6157190871426836
1.467382176572845	135	(-1, 1, -1, -1, -1, -1, 1, 1, 1)	3.6157190871426836
1.467382176572845	143	(-1, 1, -1, -1, -1, 1, 1, 1, 1)	3.615719087176413
1.467382176572845	144	(-1, 1, -1, -1, 1, -1, -1, -1, -1)	3.6157190871880274
1.467382176572845	158	(-1, 1, -1, -1, 1, 1, 1, 1, -1)	3.6157190871631983
1.467382176572845	159	(-1, 1, -1, -1, 1, 1, 1, 1, 1)	3.6157190871602705
1.467382176572845	160	(-1, 1, -1, 1, -1, -1, -1, -1, -1)	3.6157190871395573
1.467382176572845	161	(-1, 1, -1, 1, -1, -1, -1, -1, 1)	3.6157190871332454
1.467382176572845	175	(-1, 1, -1, 1, -1, 1, 1, 1, 1)	3.615719087152805
1.467382176572845	176	(-1, 1, -1, 1, 1, -1, -1, -1, -1)	3.615719087140038
1.467382176572845	188	(-1, 1, -1, 1, 1, 1, 1, -1, -1)	3.6157190871624776
1.467382176572845	189	(-1, 1, -1, 1, 1, 1, 1, -1, 1)	3.6157190871624776
1.467382176572845	190	(-1, 1, -1, 1, 1, 1, 1, 1, -1)	3.6157190871588423
1.467382176572845	191	(-1, 1, -1, 1, 1, 1, 1, 1, 1)	3.6157190871582423
1.467382176572845	192	(-1, 1, 1, -1, -1, -1, -1, -1, -1)	3.615719087136613
1.467382176572845	193	(-1, 1, 1, -1, -1, -1, -1, -1, 1)	3.6157190871368643
1.467382176572845	194	(-1, 1, 1, -1, -1, -1, -1, 1, -1)	3.6157190871481095
1.467382176572845	195	(-1, 1, 1, -1, -1, -1, -1, 1, 1)	3.6157190871481095
1.467382176572845	207	(-1, 1, 1, -1, -1, 1, 1, 1, 1)	3.615719087136055
1.467382176572845	208	(-1, 1, 1, -1, 1, -1, -1, -1, -1)	3.615719087142788
1.467382176572845	222	(-1, 1, 1, -1, 1, 1, 1, 1, -1)	3.615719087131144
1.467382176572845	223	(-1, 1, 1, -1, 1, 1, 1, 1, 1)	3.6157190871274456
1.467382176572845	224	(-1, 1, 1, 1, -1, -1, -1, -1, -1)	3.6157190871497886
1.467382176572845	225	(-1, 1, 1, 1, -1, -1, -1, -1, 1)	3.615719087154072
1.467382176572845	239	(-1, 1, 1, 1, -1, 1, 1, 1, 1)	3.6157190871574825
1.467382176572845	240	(-1, 1, 1, 1, 1, -1, -1, -1, -1)	3.615719087149615
1.467382176572845	241	(-1, 1, 1, 1, 1, -1, -1, -1, 1)	3.6157190871512435
1.467382176572845	242	(-1, 1, 1, 1, 1, -1, -1, 1, -1)	3.6157190871512435
1.467382176572845	243	(-1, 1, 1, 1, 1, -1, -1, 1, 1)	3.6157190871512435
1.467382176572845	244	(-1, 1, 1, 1, 1, -1, 1, -1, -1)	3.6157190871512435
1.467382176572845	245	(-1, 1, 1, 1, 1, -1, 1, -1, 1)	3.6157190871512435
1.467382176572845	246	(-1, 1, 1, 1, 1, -1, 1, 1, -1)	3.6157190871512435
1.467382176572845	247	(-1, 1, 1, 1, 1, -1, 1, 1, 1)	3.6157190871512435
1.467382176572845	248	(-1, 1, 1, 1, 1, 1, -1, -1, -1)	3.615719087149098
1.467382176572845	249	(-1, 1, 1, 1, 1, 1, -1, -1, 1)	3.615719087149098
1.467382176572845	250	(-1, 1, 1, 1, 1, 1, -1, 1, -1)	3.615719087149098
1.467382176572845	251	(-1, 1, 1, 1, 1, 1, -1, 1, 1)	3.615719087149098
1.467382176572845	252	(-1, 1, 1, 1, 1, 1, 1, -1, -1)	3.6157190871538596
1.467382176572845	253	(-1, 1, 1, 1, 1, 1, 1, -1, 1)	3.6157190871538596
1.467382176572845	254	(-1, 1, 1, 1, 1, 1, 1, 1, -1)	3.6157190871527494
1.467382176572845	255	(-1, 1, 1, 1, 1, 1, 1, 1, 1)	3.615719087150384
1.467382176572845	256	(1, -1, -1, -1, -1, -1, -1, -1, -1)	3.615719087150384
1.467382176572845	257	(1, -1, -1, -1, -1, -1, -1, -1, 1)	3.6157190871527494
1.467382176572845	258	(1, -1, -1, -1, -1, -1, -1, 1, -1)	3.6157190871538596
1.467382176572845	259	(1, -1, -1, -1, -1, -1, -1, 1, 1)	3.6157190871538596
1.467382176572845	260	(1, -1, -1, -1, -1, -1, 1, -1, -1)	3.615719087149098
1.467382176572845	261	(1, -1, -1, -1, -1, -1, 1, -1, 1)	3.615719087149098
1.467382176572845	262	(1, -1, -1, -1, -1, -1, 1, 1, -1)	3.615719087149098
1.467382176572845	263	(1, -1, -1, -1, -1, -1, 1, 1, 1)	3.615719087149098
1.467382176572845	264	(1, -1, -1, -1, -1, 1, -1, -1, -1)	3.6157190871512435
1.467382176572845	265	(1, -1, -1, -1, -1, 1, -1, -1, 1)	3.6157190871512435
1.467382176572845	266	(1, -1, -1, -1, -1, 1, -1, 1, -1)	3.6157190871512435
1.467382176572845	267	(1, -1, -1, -1, -1, 1, -1, 1, 1)	3.6157190871512435
1.467382176572845	268	(1, -1, -1, -1, -1, 1, 1, -1, -1)	3.6157190871512435
1.467382176572845	269	(1, -1, -1, -1, -1, 1, 1, -1, 1)	3.6157190871512435
1.467382176572845	270	(1, -1, -1, -1, -1, 1, 1, 1, -1)	3.6157190871512435
1.467382176572845	271	(1, -1, -1, -1, -1, 1, 1, 1, 1)	3.615719087149615
1.467382176572845	272	(1, -1, -1, -1, 1, -1, -1, -1, -1)	3.6157190871574825
1.467382176572845	286	(1, -1, -1, -1, 1, 1, 1, 1, -1)	3.615719087154072
1.467382176572845	287	(1, -1, -1, -1, 1, 1, 1, 1, 1)	3.6157190871497886
1.467382176572845	288	(1, -1, -1, 1, -1, -1, -1, -1, -1)	3.6157190871274456
1.467382176572845	289	(1, -1, -1, 1, -1, -1, -1, -1, 1)	3.615719087131144
1.467382176572845	303	(1, -1, -1, 1, -1, 1, 1, 1, 1)	3.615719087142788
1.467382176572845	304	(1, -1, -1, 1, 1, -1, -1, -1, -1)	3.615719087136055
1.467382176572845	316	(1, -1, -1, 1, 1, 1, 1, -1, -1)	3.6157190871481095
1.467382176572845	317	(1, -1, -1, 1, 1, 1, 1, -1, 1)	3.6157190871481095
1.467382176572845	318	(1, -1, -1, 1, 1, 1, 1, 1, -1)	3.6157190871368643
1.467382176572845	319	(1, -1, -1, 1, 1, 1, 1, 1, 1)	3.615719087136613
1.467382176572845	320	(1, -1, 1, -1, -1, -1, -1, -1, -1)	3.6157190871582423
1.467382176572845	321	(1, -1, 1, -1, -1, -1, -1, -1, 1)	3.6157190871588423
1.467382176572845	322	(1, -1, 1, -1, -1, -1, -1, 1, -1)	3.6157190871624776
1.467382176572845	323	(1, -1, 1, -1, -1, -1, -1, 1, 1)	3.6157190871624776
1.467382176572845	335	(1, -1, 1, -1, -1, 1, 1, 1, 1)	3.615719087140038
1.467382176572845	336	(1, -1, 1, -1, 1, -1, -1, -1, -1)	3.615719087152805
1.467382176572845	350	(1, -1, 1, -1, 1, 1, 1, 1, -1)	3.6157190871332454
1.467382176572845	351	(1, -1, 1, -1, 1, 1, 1, 1, 1)	3.6157190871395573
1.467382176572845	352	(1, -1, 1, 1, -1, -1, -1, -1, -1)	3.6157190871602705
1.467382176572845	353	(1, -1, 1, 1, -1, -1, -1, -1, 1)	3.6157190871631983
1.467382176572845	367	(1, -1, 1, 1, -1, 1, 1, 1, 1)	3.6157190871880274
1.467382176572845	368	(1, -1, 1, 1, 1, -1, -1, -1, -1)	3.615719087176413
1.467382176572845	376	(1, -1, 1, 1, 1, 1, -1, -1, -1)	3.6157190871426836
1.467382176572845	377	(1, -1, 1, 1, 1, 1, -1, -1, 1)	3.6157190871426836
1.467382176572845	378	(1, -1, 1, 1, 1, 1, -1, 1, -1)	3.6157190871426836
1.467382176572845	379	(1, -1, 1, 1, 1, 1, -1, 1, 1)	3.6157190871426836
1.467382176572845	380	(1, -1, 1, 1, 1, 1, 1, -1, -1)	3.615719087153593
1.467382176572845	381	(1, -1, 1, 1, 1, 1, 1, -1, 1)	3.615719087153593
1.467382176572845	382	(1, -1, 1, 1, 1, 1, 1, 1, -1)	3.6157190871625993
1.467382176572845	383	(1, -1, 1, 1, 1, 1, 1, 1, 1)	3.6157190871706204
1.467382176572845	384	(1, 1, -1, -1, -1, -1, -1, -1, -1)	3.615719087145224
1.467382176572845	385	(1, 1, -1, -1, -1, -1, -1, -1, 1)	3.6157190871453673
1.467382176572845	386	(1, 1, -1, -1, -1, -1, -1, 1, -1)	3.615719087151253
1.467382176572845	387	(1, 1, -1, -1, -1, -1, -1, 1, 1)	3.615719087151253
1.467382176572845	388	(1, 1, -1, -1, -1, -1, 1, -1, -1)	3.6157190871513163
1.467382176572845	389	(1, 1, -1, -1, -1, -1, 1, -1, 1)	3.6157190871513163
1.467382176572845	390	(1, 1, -1, -1, -1, -1, 1, 1, -1)	3.6157190871513163
1.467382176572845	391	(1, 1, -1, -1, -1, -1, 1, 1, 1)	3.6157190871513163
1.467382176572845	399	(1, 1, -1, -1, -1, 1, 1, 1, 1)	3.6157190871482876
1.467382176572845	400	(1, 1, -1, -1, 1, -1, -1, -1, -1)	3.6157190871360236
1.467382176572845	414	(1, 1, -1, -1, 1, 1, 1, 1, -1)	3.6157190871507647
1.467382176572845	415	(1, 1, -1, -1, 1, 1, 1, 1, 1)	3.6157190871493117
1.467382176572845	416	(1, 1, -1, 1, -1, -1, -1, -1, -1)	3.615719087169587
1.467382176572845	417	(1, 1, -1, 1, -1, -1, -1, -1, 1)	3.615719087160712
1.467382176572845	431	(1, 1, -1, 1, -1, 1, 1, 1, 1)	3.6157190871720126
1.467382176572845	432	(1, 1, -1, 1, 1, -1, -1, -1, -1)	3.6157190871693072
1.467382176572845	444	(1, 1, -1, 1, 1, 1, 1, -1, -1)	3.615719087138942
1.467382176572845	445	(1, 1, -1, 1, 1, 1, 1, -1, 1)	3.615719087138942
1.467382176572845	446	(1, 1, -1, 1, 1, 1, 1, 1, -1)	3.6157190871437597
1.467382176572845	447	(1, 1, -1, 1, 1, 1, 1, 1, 1)	3.615719087156114
1.467382176572845	448	(1, 1, 1, -1, -1, -1, -1, -1, -1)	3.6157190871489746
1.467382176572845	449	(1, 1, 1, -1, -1, -1, -1, -1, 1)	3.6157190871481575
1.467382176572845	450	(1, 1, 1, -1, -1, -1, -1, 1, -1)	3.615719087152972
1.467382176572845	451	(1, 1, 1, -1, -1, -1, -1, 1, 1)	3.615719087152972
1.467382176572845	463	(1, 1, 1, -1, -1, 1, 1, 1, 1)	3.6157190871639355
1.467382176572845	464	(1, 1, 1, -1, 1, -1, -1, -1, -1)	3.6157190871385048
1.467382176572845	478	(1, 1, 1, -1, 1, 1, 1, 1, -1)	3.615719087159467
1.467382176572845	479	(1, 1, 1, -1, 1, 1, 1, 1, 1)	3.61571908715944
1.467382176572845	480	(1, 1, 1, 1, -1, -1, -1, -1, -1)	4.397371996470574
1.467382176572845	481	(1, 1, 1, 1, -1, -1, -1, -1, 1)	3.6157190871491443
1.467382176572845	482	(1, 1, 1, 1, -1, -1, -1, 1, -1)	3.6157190871454006
1.467382176572845	483	(1, 1, 1, 1, -1, -1, -1, 1, 1)	3.6157190871454006
1.467382176572845	484	(1, 1, 1, 1, -1, -1, 1, -1, -1)	3.6157190871454006
1.467382176572845	485	(1, 1, 1, 1, -1, -1, 1, -1, 1)	3.6157190871454006
1.467382176572845	486	(1, 1, 1, 1, -1, -1, 1, 1, -1)	3.6157190871454006
1.467382176572845	487	(1, 1, 1, 1, -1, -1, 1, 1, 1)	3.6157190871454006
1.467382176572845	488	(1, 1, 1, 1, -1, 1, -1, -1, -1)	3.6157190871454006
1.467382176572845	489	(1, 1, 1, 1, -1, 1, -1, -1, 1)	3.6157190871454006
1.467382176572845	490	(1, 1, 1, 1, -1, 1, -1, 1, -1)	3.6157190871454006
1.467382176572845	491	(1, 1, 1, 1, -1, 1, -1, 1, 1)	3.6157190871454006
1.467382176572845	492	(1, 1, 1, 1, -1, 1, 1, -1, -1)	3.6157190871454006
1.467382176572845	493	(1, 1, 1, 1, -1, 1, 1, -1, 1)	3.6157190871454006
1.467382176572845	494	(1, 1, 1, 1, -1, 1, 1, 1, -1)	3.6157190871454006
1.467382176572845	495	(1, 1, 1, 1, -1, 1, 1, 1, 1)	4.087306955451867
1.467382176572845	496	(1, 1, 1, 1, 1, -1, -1, -1, -1)	4.178104647388527
1.467382176572845	497	(1, 1, 1, 1, 1, -1, -1, -1, 1)	3.615719087143076
1.467382176572845	498	(1, 1, 1, 1, 1, -1, -1, 1, -1)	3.615719087143076
1.467382176572845	499	(1, 1, 1, 1, 1, -1, -1, 1, 1)	3.615719087143076
1.467382176572845	500	(1, 1, 1, 1, 1, -1, 1, -1, -1)	3.615719087143076
1.467382176572845	501	(1, 1, 1, 1, 1, -1, 1, -1, 1)	3.615719087143076
1.467382176572845	502	(1, 1, 1, 1, 1, -1, 1, 1, -1)	3.615719087143076
1.467382176572845	503	(1, 1, 1, 1, 1, -1, 1, 1, 1)	3.615719087143076
1.467382176572845	504	(1, 1, 1, 1, 1, 1, -1, -1, -1)	3.6157190871422675
1.467382176572845	505	(1, 1, 1, 1, 1, 1, -1, -1, 1)	3.6157190871422675
1.467382176572845	506	(1, 1, 1, 1, 1, 1, -1, 1, -1)	3.6157190871422675
1.467382176572845	507	(1, 1, 1, 1, 1, 1, -1, 1, 1)	3.6157190871422675
1.467382176572845	508	(1, 1, 1, 1, 1, 1, 1, -1, -1)	3.6157190871440203
1.467382176572845	509	(1, 1, 1, 1, 1, 1, 1, -1, 1)	3.6157190871440203
1.467382176572845	510	(1, 1, 1, 1, 1, 1, 1, 1, -1)	4.043006091777574
1.467382176572845	511	(1, 1, 1, 1, 1, 1, 1, 1, 1)	4.388143871887931
1.4704237692264348	0	(-1, -1, -1, -1, -1, -1, -1, -1, -1)	8.272835288535248
1.4704237692264348	1	(-1, -1, -1, -1, -1, -1, -1, -1, 1)	8.272835288530974
1.4704237692264348	2	(-1, -1, -1, -1, -1, -1, -1, 1, -1)	8.272835288528524
1.4704237692264348	3	(-1, -1, -1, -1, -1, -1, -1, 1, 1)	8.272835288528524
1.4704237692264348	4	(-1, -1, -1, -1, -1, -1, 1, -1, -1)	8.27283528853172
1.4704237692264348	5	(-1, -1, -1, -1, -1, -1, 1, -1, 1)	8.27283528853172
1.4704237692264348	6	(-1, -1, -1, -1, -1, -1, 1, 1, -1)	8.27283528853172
1.4704237692264348	7	(-1, -1, -1, -1, -1, -1, 1, 1, 1)	8.27283528853172
1.4704237692264348	8	(-1, -1, -1, -1, -1, 1, -1, -1, -1)	8.272835288536907
1.4704237692264348	9	(-1, -1, -1, -1, -1, 1, -1, -1, 1)	8.272835288536907
1.4704237692264348	10	(-1, -1, -1, -1, -1, 1, -1, 1, -1)	8.272835288536907
1.4704237692264348	11	(-1, -1, -1, -1, -1, 1, -1, 1, 1)	8.272835288536907
1.4704237692264348	12	(-1, -1, -1, -1, -1, 1, 1, -1, -1)	8.272835288536907
1.4704237692264348	13	(-1, -1, -1, -1, -1, 1, 1, -1, 1)	8.272835288536907
1.4704237692264348	14	(-1, -1, -1, -1, -1, 1, 1, 1, -1)	8.272835288536907
1.4704237692264348	15	(-1, -1, -1, -1, -1, 1, 1, 1, 1)	8.272835288538888
1.4704237692264348	16	(-1, -1, -1, -1, 1, -1, -1, -1, -1)	8.27283528854774
1.4704237692264348	17	(-1, -1, -1, -1, 1, -1, -1, -1, 1)	8.272835288536646
1.4704237692264348	18	(-1, -1, -1, -1, 1, -1, -1, 1, -1)	8.272835288536646
1.4704237692264348	19	(-1, -1, -1, -1, 1, -1, -1, 1, 1)	8.272835288536646
1.4704237692264348	20	(-1, -1, -1, -1, 1, -1, 1, -1, -1)	8.272835288536646
1.4704237692264348	21	(-1, -1, -1, -1, 1, -1, 1, -1, 1)	8.272835288536646
1.4704237692264348	22	(-1, -1, -1, -1, 1, -1, 1, 1, -1)	8.272835288536646
1.4704237692264348	23	(-1, -1, -1, -1, 1, -1, 1, 1, 1)	8.272835288536646
1.4704237692264348	24	(-1, -1, -1, -1, 1, 1, -1, -1, -1)	8.272835288536646
1.4704237692264348	25	(-1, -1, -1, -1, 1, 1, -1, -1, 1)	8.272835288536646
1.4704237692264348	26	(-1, -1, -1, -1, 1, 1, -1, 1, -1)	8.272835288536646
1.4704237692264348	27	(-1, -1, -1, -1, 1, 1, -1, 1, 1)	8.272835288536646
1.4704237692264348	28	(-1, -1, -1, -1, 1, 1, 1, -1, -1)	8.272835288536646
1.4704237692264348	29	(-1, -1, -1, -1, 1, 1, 1, -1, 1)	8.272835288536646
1.4704237692264348	30	(-1, -1, -1, -1, 1, 1, 1, 1, -1)	8.272835288534635
1.4704237692264348	31	(-1, -1, -1, -1, 1, 1, 1, 1, 1)	8.272835288537673
1.4704237692264348	32	(-1, -1, -1, 1, -1, -1, -1, -1, -1)	8.27283528855838
1.4704237692264348	33	(-1, -1, -1, 1, -1, -1, -1, -1, 1)	8.27283528855077
1.4704237692264348	47	(-1, -1, -1, 1, -1, 1, 1, 1, 1)	8.27283528855298
1.4704237692264348	48	(-1, -1, -1, 1, 1, -1, -1, -1, -1)	8.272835288539572
1.4704237692264348	60	(-1, -1, -1, 1, 1, 1, 1, -1, -1)	8.27283528852328
1.4704237692264348	61	(-1, -1, -1, 1, 1, 1, 1, -1, 1)	8.27283528852328
1.4704237692264348	62	(-1, -1, -1, 1, 1, 1, 1, 1, -1)	8.272835288526366
1.4704237692264348	63	(-1, -1, -1, 1, 1, 1, 1, 1, 1)	8.272835288527432
1.4704237692264348	64	(-1, -1, 1, -1, -1, -1, -1, -1, -1)	8.272835288532312
1.4704237692264348	65	(-1, -1, 1, -1, -1, -1, -1, -1, 1)	8.27283528852183
1.4704237692264348	66	(-1, -1, 1, -1, -1, -1, -1, 1, -1)	8.2728352885109
1.4704237692264348	67	(-1, -1, 1, -1, -1, -1, -1, 1, 1)	8.2728352885109
1.4704237692264348	79	(-1, -1, 1, -1, -1, 1, 1, 1, 1)	8.27283528855633
1.4704237692264348	80	(-1, -1, 1, -1, 1, -1, -1, -1, -1)	8.272835288554774
1.4704237692264348	94	(-1, -1, 1, -1, 1, 1, 1, 1, -1)	8.272835288545958
1.4704237692264348	95	(-1, -1, 1, -1, 1, 1, 1, 1, 1)	8.272835288552722
1.4704237692264348	96	(-1, -1, 1, 1, -1, -1, -1, -1, -1)	8.272835288520966
1.4704237692264348	97	(-1, -1, 1, 1, -1, -1, -1, -1, 1)	8.27283528850795
1.4704237692264348	111	(-1, -1, 1, 1, -1, 1, 1, 1, 1)	8.272835288545567
1.4704237692264348	112	(-1, -1, 1, 1, 1, -1, -1, -1, -1)	8.272835288525926
1.4704237692264348	120	(-1, -1, 1, 1, 1, 1, -1, -1, -1)	8.272835288527741
1.4704237692264348	121	(-1, -1, 1, 1, 1, 1, -1, -1, 1)	8.272835288527741
1.4704237692264348	122	(-1, -1, 1, 1, 1, 1, -1, 1, -1)	8.272835288527741
1.4704237692264348	123	(-1, -1, 1, 1, 1, 1, -1, 1, 1)	8.272835288527741
1.4704237692264348	124	(-1, -1, 1, 1, 1, 1, 1, -1, -1)	8.27283528852865
1.4704237692264348	125	(-1, -1, 1, 1, 1, 1, 1, -1, 1)	8.27283528852865
1.4704237692264348	126	(-1, -1, 1, 1, 1, 1, 1, 1, -1)	8.272835288531054
1.4704237692264348	127	(-1, -1, 1, 1, 1, 1, 1, 1, 1)	8.272835288534571
1.4704237692264348	128	(-1, 1, -1, -1, -1, -1, -1, -1, -1)	8.272835288562154
1.4704237692264348	129	(-1, 1, -1, -1, -1, -1, -1, -1, 1)	8.272835288558598
1.4704237692264348	130	(-1, 1, -1, -1, -1, -1, -1, 1, -1)	8.27283528855642
1.4704237692264348	131	(-1, 1, -1, -1, -1, -1, -1, 1, 1)	8.27283528855642
1.4704237692264348	132	(-1, 1, -1, -1, -1, -1, 1, -1, -1)	8.27283528854977
1.4704237692264348	133	(-1, 1, -1, -1, -1, -1, 1, -1, 1)	8.27283528854977
1.4704237692264348	134	(-1, 1, -1, -1, -1, -1, 1, 1, -1)	8.27283528854977
1.4704237692264348	135	(-1, 1, -1, -1, -1, -1, 1, 1, 1)	8.27283528854977
1.4704237692264348	143	(-1, 1, -1, -1, -1, 1, 1, 1, 1)	8.272835288552516
1.4704237692264348	144	(-1, 1, -1, -1, 1, -1, -1, -1, -1)	8.2728352885891
1.4704237692264348	158	(-1, 1, -1, -1, 1, 1, 1, 1, -1)	8.272835288562655
1.4704237692264348	159	(-1, 1, -1, -1, 1, 1, 1, 1, 1)	8.272835288565371
1.4704237692264348	160	(-1, 1, -1, 1, -1, -1, -1, -1, -1)	8.272835288540323
1.4704237692264348	161	(-1, 1, -1, 1, -1, -1, -1, -1, 1)	8.27283528854105
1.4704237692264348	175	(-1, 1, -1, 1, -1, 1, 1, 1, 1)	8.272835288529473
1.4704237692264348	176	(-1, 1, -1, 1, 1, -1, -1, -1, -1)	8.272835288533399
1.4704237692264348	188	(-1, 1, -1, 1, 1, 1, 1, -1, -1)	8.272835288543892
1.4704237692264348	189	(-1, 1, -1, 1, 1, 1, 1, -1, 1)	8.272835288543892
1.4704237692264348	190	(-1, 1, -1, 1, 1, 1, 1, 1, -1)	8.272835288534738
1.4704237692264348	191	(-1, 1, -1, 1, 1, 1, 1, 1, 1)	8.272835288528627
1.4704237692264348	192	(-1, 1, 1, -1, -1, -1, -1, -1, -1)	8.272835288543192
1.4704237692264348	193	(-1, 1, 1, -1, -1, -1, -1, -1, 1)	8.272835288544528
1.4704237692264348	194	(-1, 1, 1, -1, -1, -1, -1, 1, -1)	8.272835288537383
1.4704237692264348	195	(-1, 1, 1, -1, -1, -1, -1, 1, 1)	8.272835288537383
1.4704237692264348	207	(-1, 1, 1, -1, -1, 1, 1, 1, 1)	8.27283528855766
1.4704237692264348	208	(-1, 1, 1, -1, 1, -1, -1, -1, -1)	8.272835288537822
1.4704237692264348	222	(-1, 1, 1, -1, 1, 1, 1, 1, -1)	8.272835288573106
1.4704237692264348	223	(-1, 1, 1, -1, 1, 1, 1, 1, 1)	8.272835288569162
1.4704237692264348	224	(-1, 1, 1, 1, -1, -1, -1, -1, -1)	8.272835288560227
1.4704237692264348	225	(-1, 1, 1, 1, -1, -1, -1, -1, 1)	8.272835288564222
1.4704237692264348	239	(-1, 1, 1, 1, -1, 1, 1, 1, 1)	8.272835288561556
1.4704237692264348	240	(-1, 1, 1, 1, 1, -1, -1, -1, -1)	8.272835288540284
1.4704237692264348	241	(-1, 1, 1, 1, 1, -1, -1, -1, 1)	8.272835288547096
1.4704237692264348	242	(-1, 1, 1, 1, 1, -1, -1, 1, -1)	8.272835288547096
1.4704237692264348	243	(-1, 1, 1, 1, 1, -1, -1, 1, 1)	8.272835288547096
1.4704237692264348	244	(-1, 1, 1, 1, 1, -1, 1, -1, -1)	8.272835288547096
1.4704237692264348	245	(-1, 1, 1, 1, 1, -1, 1, -1, 1)	8.272835288547096
1.4704237692264348	246	(-1, 1, 1, 1, 1, -1, 1, 1, -1)	8.272835288547096
1.4704237692264348	247	(-1, 1, 1, 1, 1, -1, 1, 1, 1)	8.272835288547096
1.4704237692264348	248	(-1, 1, 1, 1, 1, 1, -1, -1, -1)	8.272835288543714
1.4704237692264348	249	(-1, 1, 1, 1, 1, 1, -1, -1, 1)	8.272835288543714
1.4704237692264348	250	(-1, 1, 1, 1, 1, 1, -1, 1, -1)	8.272835288543714
1.4704237692264348	251	(-1, 1, 1, 1, 1, 1, -1, 1, 1)	8.272835288543714
1.4704237692264348	252	(-1, 1, 1, 1, 1, 1, 1, -1, -1)	8.272835288550066
1.4704237692264348	253	(-1, 1, 1, 1, 1, 1, 1, -1, 1)	8.272835288550066
1.4704237692264348	254	(-1, 1, 1, 1, 1, 1, 1, 1, -1)	8.272835288556415
1.4704237692264348	255	(-1, 1, 1, 1, 1, 1, 1, 1, 1)	8.272835288557292
1.4704237692264348	256	(1, -1, -1, -1, -1, -1, -1, -1, -1)	8.272835288557292
1.4704237692264348	257	(1, -1, -1, -1, -1, -1, -1, -1, 1)	8.272835288556415
1.4704237692264348	258	(1, -1, -1, -1, -1, -1, -1, 1, -1)	8.272835288550066
1.4704237692264348	259	(1, -1, -1, -1, -1, -1, -1, 1, 1)	8.272835288550066
1.4704237692264348	260	(1, -1, -1, -1, -1, -1, 1, -1, -1)	8.272835288543714
1.4704237692264348	261	(1, -1, -1, -1, -1, -1, 1, -1, 1)	8.272835288543714
1.4704237692264348	262	(1, -1, -1, -1, -1, -1, 1, 1, -1)	8.272835288543714
1.4704237692264348	263	(1, -1, -1, -1, -1, -1, 1, 1, 1)	8.272835288543714
1.4704237692264348	264	(1, -1, -1, -1, -1, 1, -1, -1, -1)	8.272835288547096
1.4704237692264348	265	(1, -1, -1, -1, -1, 1, -1, -1, 1)	8.272835288547096
1.4704237692264348	266	(1, -1, -1, -1, -1, 1, -1, 1, -1)	8.272835288547096
1.4704237692264348	267	(1, -1, -1, -1, -1, 1, -1, 1, 1)	8.272835288547096
1.4704237692264348	268	(1, -1, -1, -1, -1, 1, 1, -1, -1)	8.272835288547096
1.4704237692264348	269	(1, -1, -1, -1, -1, 1, 1, -1, 1)	8.272835288547096
1.4704237692264348	270	(1, -1, -1, -1, -1, 1, 1, 1, -1)	8.272835288547096
1.4704237692264348	271	(1, -1, -1, -1, -1, 1, 1, 1, 1)	8.272835288540284
1.4704237692264348	272	(1, -1, -1, -1, 1, -1, -1, -1, -1)	8.272835288561556
1.4704237692264348	286	(1, -1, -1, -1, 1, 1, 1, 1, -1)	8.272835288564222
1.4704237692264348	287	(1, -1, -1, -1, 1, 1, 1, 1, 1)	8.272835288560227
1.4704237692264348	288	(1, -1, -1, 1, -1, -1, -1, -1, -1)	8.272835288569162
1.4704237692264348	289	(1, -1, -1, 1, -1, -1, -1, -1, 1)	8.272835288573106
1.4704237692264348	303	(1, -1, -1, 1, -1, 1, 1, 1, 1)	8.272835288537822
1.4704237692264348	304	(1, -1, -1, 1, 1, -1, -1, -1, -1)	8.27283528855766
1.4704237692264348	316	(1, -1, -1, 1, 1, 1, 1, -1, -1)	8.272835288537383
1.4704237692264348	317	(1, -1, -1, 1, 1, 1, 1, -1, 1)	8.272835288537383
1.4704237692264348	318	(1, -1, -1, 1, 1, 1, 1, 1, -1)	8.272835288544528
1.4704237692264348	319	(1, -1, -1, 1, 1, 1, 1, 1, 1)	8.272835288543192
1.4704237692264348	320	(1, -1, 1, -1, -1, -1, -1, -1, -1)	8.272835288528627
1.4704237692264348	321	(1, -1, 1, -1, -1, -1, -1, -1, 1)	8.272835288534738
1.4704237692264348	322	(1, -1, 1, -1, -1, -1, -1, 1, -1)	8.272835288543892
1.4704237692264348	323	(1, -1, 1, -1, -1, -1, -1, 1, 1)	8.272835288543892
1.4704237692264348	335	(1, -1, 1, -1, -1, 1, 1, 1, 1)	8.272835288533399
1.4704237692264348	336	(1, -1, 1, -1, 1, -1, -1, -1, -1)	8.272835288529473
1.4704237692264348	350	(1, -1, 1, -1, 1, 1, 1, 1, -1)	8.27283528854105
1.4704237692264348	351	(1, -1, 1, -1, 1, 1, 1, 1, 1)	8.272835288540323
1.4704237692264348	352	(1, -1, 1, 1, -1, -1, -1, -1, -1)	8.272835288565371
1.4704237692264348	353	(1, -1, 1, 1, -1, -1, -1, -1, 1)	8.272835288562655
1.4704237692264348	367	(1, -1, 1, 1, -1, 1, 1, 1, 1)	8.2728352885891
1.4704237692264348	368	(1, -1, 1, 1, 1, -1, -1, -1, -1)	8.272835288552516
1.4704237692264348	376	(1, -1, 1, 1, 1, 1, -1, -1, -1)	8.27283528854977
1.4704237692264348	377	(1, -1, 1, 1, 1, 1, -1, -1, 1)	8.27283528854977
1.4704237692264348	378	(1, -1, 1, 1, 1, 1, -1, 1, -1)	8.27283528854977
1.4704237692264348	379	(1, -1, 1, 1, 1, 1, -1, 1, 1)	8.27283528854977
1.4704237692264348	380	(1, -1, 1, 1, 1, 1, 1, -1, -1)	8.27283528855642
1.4704237692264348	381	(1, -1, 1, 1, 1, 1, 1, -1, 1)	8.27283528855642
1.4704237692264348	382	(1, -1, 1, 1, 1, 1, 1, 1, -1)	8.272835288558598
1.4704237692264348	383	(1, -1, 1, 1, 1, 1, 1, 1, 1)	8.272835288562154
1.4704237692264348	384	(1, 1, -1, -1, -1, -1, -1, -1, -1)	8.272835288534571
1.4704237692264348	385	(1, 1, -1, -1, -1, -1, -1, -1, 1)	8.272835288531054
1.4704237692264348	386	(1, 1, -1, -1, -1, -1, -1, 1, -1)	8.27283528852865
1.4704237692264348	387	(1, 1, -1, -1, -1, -1, -1, 1, 1)	8.27283528852865
1.4704237692264348	388	(1, 1, -1, -1, -1, -1, 1, -1, -1)	8.272835288527741
1.4704237692264348	389	(1, 1, -1, -1, -1, -1, 1, -1, 1)	8.272835288527741
1.4704237692264348	390	(1, 1, -1, -1, -1, -1, 1, 1, -1)	8.272835288527741
1.4704237692264348	391	(1, 1, -1, -1, -1, -1, 1, 1, 1)	8.272835288527741
1.4704237692264348	399	(1, 1, -1, -1, -1, 1, 1, 1, 1)	8.272835288525926
1.4704237692264348	400	(1, 1, -1, -1, 1, -1, -1, -1, -1)	8.272835288545567
1.4704237692264348	414	(1, 1, -1, -1, 1, 1, 1, 1, -1)	8.27283528850795
1.4704237692264348	415	(1, 1, -1, -1, 1, 1, 1, 1, 1)	8.272835288520966
1.4704237692264348	416	(1, 1, -1, 1, -1, -1, -1, -1, -1)	8.272835288552722
1.4704237692264348	417	(1, 1, -1, 1, -1, -1, -1, -1, 1)	8.272835288545958
1.4704237692264348	431	(1, 1, -1, 1, -1, 1, 1, 1, 1)	8.272835288554774
1.4704237692264348	432	(1, 1, -1, 1, 1, -1, -1, -1, -1)	8.27283528855633
1.4704237692264348	444	(1, 1, -1, 1, 1, 1, 1, -1, -1)	8.2728352885109
1.4704237692264348	445	(1, 1, -1, 1, 1, 1, 1, -1, 1)	8.2728352885109
1.4704237692264348	446	(1, 1, -1, 1, 1, 1, 1, 1, -1)	8.27283528852183
1.4704237692264348	447	(1, 1, -1, 1, 1, 1, 1, 1, 1)	8.272835288532312
1.4704237692264348	448	(1, 1, 1, -1, -1, -1, -1, -1, -1)	8.272835288527432
1.4704237692264348	449	(1, 1, 1, -1, -1, -1, -1, -1, 1)	8.272835288526366
1.4704237692264348	450	(1, 1, 1, -1, -1, -1, -1, 1, -1)	8.27283528852328
1.4704237692264348	451	(1, 1, 1, -1, -1, -1, -1, 1, 1)	8.27283528852328
1.4704237692264348	463	(1, 1, 1, -1, -1, 1, 1, 1, 1)	8.272835288539572
1.4704237692264348	464	(1, 1, 1, -1, 1, -1, -1, -1, -1)	8.27283528855298
1.4704237692264348	478	(1, 1, 1, -1, 1, 1, 1, 1, -1)	8.27283528855077
1.4704237692264348	479	(1, 1, 1, -1, 1, 1, 1, 1, 1)	8.27283528855838
1.4704237692264348	480	(1, 1, 1, 1, -1, -1, -1, -1, -1)	8.272835288537673
1.4704237692264348	481	(1, 1, 1, 1, -1, -1, -1, -1, 1)	8.272835288534635
1.4704237692264348	482	(1, 1, 1, 1, -1, -1, -1, 1, -1)	8.272835288536646
1.4704237692264348	483	(1, 1, 1, 1, -1, -1, -1, 1, 1)	8.272835288536646
1.4704237692264348	484	(1, 1, 1, 1, -1, -1, 1, -1, -1)	8.272835288536646
1.4704237692264348	485	(1, 1, 1, 1, -1, -1, 1, -1, 1)	8.272835288536646
1.4704237692264348	486	(1, 1, 1, 1, -1, -1, 1, 1, -1)	8.272835288536646
1.4704237692264348	487	(1, 1, 1, 1, -1, -1, 1, 1, 1)	8.272835288536646
1.4704237692264348	488	(1, 1, 1, 1, -1, 1, -1, -1, -1)	8.272835288536646
1.4704237692264348	489	(1, 1, 1, 1, -1, 1, -1, -1, 1)	8.272835288536646
1.4704237692264348	490	(1, 1, 1, 1, -1, 1, -1, 1, -1)	8.272835288536646
1.4704237692264348	491	(1, 1, 1, 1, -1, 1, -1, 1, 1)	8.272835288536646
1.4704237692264348	492	(1, 1, 1, 1, -1, 1, 1, -1, -1)	8.272835288536646
1.4704237692264348	493	(1, 1, 1, 1, -1, 1, 1, -1, 1)	8.272835288536646
1.4704237692264348	494	(1, 1, 1, 1, -1, 1, 1, 1, -1)	8.272835288536646
1.4704237692264348	495	(1, 1, 1, 1, -1, 1, 1, 1, 1)	8.27283528854774
1.4704237692264348	496	(1, 1, 1, 1, 1, -1, -1, -1, -1)	8.272835288538888
1.4704237692264348	497	(1, 1, 1, 1, 1, -1, -1, -1, 1)	8.272835288536907
1.4704237692264348	498	(1, 1, 1, 1, 1, -1, -1, 1, -1)	8.272835288536907
1.4704237692264348	499	(1, 1, 1, 1, 1, -1, -1, 1, 1)	8.272835288536907
1.4704237692264348	500	(1, 1, 1, 1, 1, -1, 1, -1, -1)	8.272835288536907
1.4704237692264348	501	(1, 1, 1, 1, 1, -1, 1, -1, 1)	8.272835288536907
1.4704237692264348	502	(1, 1, 1, 1, 1, -1, 1, 1, -1)	8.272835288536907
1.4704237692264348	503	(1, 1, 1, 1, 1, -1, 1, 1, 1)	8.272835288536907
1.4704237692264348	504	(1, 1, 1, 1, 1, 1, -1, -1, -1)	8.27283528853172
1.4704237692264348	505	(1, 1, 1, 1, 1, 1, -1, -1, 1)	8.27283528853172
1.4704237692264348	506	(1, 1, 1, 1, 1, 1, -1, 1, -1)	8.27283528853172
1.4704237692264348	507	(1, 1, 1, 1, 1, 1, -1, 1, 1)	8.27283528853172
1.4704237692264348	508	(1, 1, 1, 1, 1, 1, 1, -1, -1)	8.272835288528524
1.4704237692264348	509	(1, 1, 1, 1, 1, 1, 1, -1, 1)	8.272835288528524
1.4704237692264348	510	(1, 1, 1, 1, 1, 1, 1, 1, -1)	8.272835288530974
1.4704237692264348	511	(1, 1, 1, 1, 1, 1, 1, 1, 1)	8.272835288535248
