

0.39465656565555557

0.47262772136666675

0.6133966405222222

0.6310521259444446

0.6721612221444445

0.7604343434333335

0.7757299234333334

0.8392222221444443

0.9654444443666667

1.1181010101

1.1418989897

1.2206108654777779

1.4650264152777777

1.6206396370333331

1.707888888811111

1.9801010100999998

2.0344434341444444

2.069071905668421

2.085121838921052

2.119208604173685

2.322581281163158

2.444109731310526

2.515833908405263

2.6865640978894745

2.7814652030263156

2.7902698599526317