3.019563990391365	3.0190705400997913	727	9.582173771144074
2.9821354288567137	2.981371428256714	22962	9.48935128024592
2.9741099758230685	2.9782298356031243	25293	6.7149012695943636e-09
2.9741099758221097	2.9750882429495342	28978	5.19535170013542e-09
2.9741099758225955	2.9719466502959446	27856	5.964160033600782e-09
2.9741099758216367	2.9688050576423546	27954	4.352330016209708e-09
2.9434732115418685	2.949955501720816	32563	4.762034735278608e-09
2.9434732115409106	2.946813909067226	19652	3.6330659122236058e-09
2.943473211545215	2.9436723164136365	27855	9.351952244964684e-09
2.9434732115442572	2.9405307237600464	4915	7.995589305555385e-09
2.9434732115432984	2.937389131106457	19655	6.559952187182846e-09
2.9399514104700404	2.934247538452867	13722	3.781584591001502e-09
2.9336303406353026	2.931105945799277	22914	3.3342842184815416
2.9268283794332515	2.927964353145687	31412	7.881198547430902
2.926828351807516	2.9248227604920976	21153	7.881198548097358
2.9213804150121923	2.921681167838508	10533	2.5018081181684662e-08
2.9213804150112335	2.918539575184918	22234	2.22510233607353e-08
2.9092683733733065	2.9122563898777383	21451	2.45991183744264e-08
2.9092683733723477	2.9091147972241487	11316	2.1500568840320674e-08
2.9076513253758214	2.9059732045705586	10644	9.460209639088733e-09
2.8973427235581166	2.8996900192633794	13491	1.410513051370685e-08
2.8973427235571574	2.8965484266097894	21176	1.196634086063256e-08
2.8973427235561995	2.8934068339562	21197	9.903371199760814e-09
2.8928160949081496	2.8902652413026098	28087	1.8264699934584524e-08
2.8894470848881517	2.88712364864902	12541	5.718353134009194
2.8763862692807605	2.8808404633418405	13920	6.551026932989356
2.8678159784483617	2.8776988706882505	8256	6.380276235434899e-09
2.8678159784451864	2.874557278034661	31236	3.4747469274754386e-09
2.8678159784442294	2.8714156853810713	8269	2.578796671288684e-09
2.8678159784485335	2.8682740927274812	8281	6.623583300942802e-09
2.867815978448684	2.8651325000738916	30697	6.785740333228203e-09
2.867815978447725	2.8619909074203016	8277	5.751309127960925e-09
2.8487519138805624	2.858849314766712	4135	6.5552244643114656e-09
2.851264806444701	2.855707722113122	17650	4.664205677165191e-09
2.851264806443743	2.8525661294595324	27404	3.835195949896172e-09
2.8512648064427837	2.8494245368059423	27890	3.0272723085312293e-09
2.8483827286681422	2.8462829441523527	10260	1.1173456433635897e-08
2.8487519138771566	2.843141351498763	7156	3.5214150476193516e-09
2.8512648064451733	2.839999758845173	1266	4.885407671924627e-09
2.825023290247816	2.8368581661915835	5116	4.603496427591641e-09
2.8250232902485197	2.8337165735379934	12278	5.324158243328235e-09
2.8278056126605806	2.830574980884404	6528	4.21165526039781e-09
2.8278056126607303	2.827433388230814	22940	4.4271183505752365e-09
2.8278056126597724	2.824291795577224	30310	3.7571614005789e-09
2.827805612659922	2.8211502029236346	6542	3.6935810206963173e-09
2.8278056126597946	2.8180086102700446	6539	3.6500822402197235e-09
2.825023290248033	2.814867017616455	16447	4.814919866580709e-09
2.8075516755624417	2.811725424962865	2366	7.0773325103965545
2.812204261116035	2.8085838323092753	17037	6.6926061602796425
2.7979975555811705	2.8054422396556853	31485	2.3134025250305017
2.7994461063973866	2.8023006470020957	30235	1.6125996374474848e-08
2.7979975338039074	2.7991590543485056	31485	2.3134025253721693
2.7951222508957465	2.796017461694916	7579	1.533873034220564e-08
2.795122250895897	2.7928758690413265	13723	1.569738205975761e-08
2.776975801473609	2.7897342763877364	3324	4.090989599106798e-09
2.7769758014720973	2.786592683734147	21756	3.0394803967290198e-09
2.7769758014752934	2.7834510910805568	1276	5.1309276646626e-09
2.776975801474336	2.780309498426967	23566	4.6198822049918115e-09
2.7769758014733763	2.777167905773377	15375	3.9164063898426065e-09
2.776975801472419	2.7740263131197875	30467	3.484305906489842e-09
2.776975801471461	2.7708847204661975	19708	2.4612915885973363e-09
2.7769758014705026	2.767743127812608	31757	1.916629366883436e-09
2.7622847301853346	2.7646015351590183	21202	9.852485708567089e-09
2.762284730189639	2.7614599425054283	19757	2.2044886996319576e-08
2.743662583796991	2.7583183498518387	30235	2.73808962782448e-09
2.7436625837954787	2.7551767571982486	23013	1.7760850964973497e-09
2.743662583797626	2.752035164544659	6249	3.215173253419393e-09
2.7436625837981117	2.748893571891069	6255	3.506518850582971e-09
2.743662583797153	2.7457519792374794	26138	2.9321857199877366e-09
2.743662583799679	2.7426103865838893	26525	4.549962525421007e-09
2.7175686772011627	2.7394687939302997	876	5.213463175804458e-09
2.7436625837977626	2.73632720127671	22633	3.3959103860102353e-09
2.7436625837968043	2.73318560862312	22628	2.6346557026357547e-09
2.7240211378554036	2.7300440159695305	24599	2.5618914889460457e-09
2.717568677202091	2.7269024233159405	28109	8.779054302146424e-09
2.7175686772011316	2.723760830662351	21224	4.729439055451396e-09
2.7175686772012817	2.720619238008761	13505	4.930934052600293e-09
2.717568677201431	2.7174776453551712	21964	5.0955177610037114e-09
2.7175686772004735	2.7143360527015816	19972	3.8883389517174994e-09
2.717568677200958	2.7111944600479916	20240	4.50580580527319e-09
2.693405357659791	2.708052867394402	29549	4.301618718793534
2.6928847419771	2.704911274740812	8092	2.2439185949959736e-09
2.692884741976696	2.7017696820872223	18403	1.9753763684675383e-09
2.6934054929055735	2.6986280894336323	18720	4.301618718615559
2.69340463946314	2.6954864967800427	18750	4.301618720611556
2.6928847419760364	2.6923449041264527	24681	1.5064181354371483e-09
2.693405206600425	2.689203311472863	19895	4.301618718868143
2.6928847419804915	2.6860617188192735	30750	4.194192506609585e-09
2.6928847419762096	2.6829201261656834	2553	1.7967689730580277e-09
2.6934048538919093	2.679778533512094	3509	4.301618719787294
2.6934053667247237	2.676636940858504	18722	4.301618718687088
2.693405020704032	2.673495348204914	14033	4.301618719252816
2.6634757963302715	2.670353755551324	22507	7.01531941876819
2.6650149752451027	2.6672121628977346	13260	6.824278168313105e-09
2.693404980003009	2.6640705702441445	12879	4.301618719415503
2.6934054033997104	2.660928977590555	28084	4.3016187187169965
2.6446408175449987	2.6577873849369653	17407	2.2080326197771625e-09
2.64464081754875	2.6546457922833753	16399	4.367978785092408e-09
2.644640817548899	2.6515041996297857	1024	4.353493871593252e-09
2.6452350328183005	2.6483626069761956	29260	1.3525622471073188e-08
2.6405150475353483	2.645221014322606	15209	1.5610332458586525e-08
0.4118986332986563	0.41154863762026295	17944	1.1423563511963072e-08
0.41446170365806334	0.4146902302738527	24574	8.095990949466333e-09
2.64051504753439	2.642079421669016	16088	1.3572893051019005e-08
0.4164191728484951	0.41783182292744253	23014	1.0695771138640991e-08
2.64051504753454	2.6389378290154264	13714	1.3816539428887393e-08
0.4265928605064944	0.4272566008882119	26214	1.1468040877009708e-08
0.41446170365806334	0.4146902302738527	32767	8.873221734893073e-09
0.4339111416042557	0.43353978619539146	24187	1.0250819186626295e-08
0.4118986332986563	0.41154863762026295	24966	1.1443802467237645e-08
0.44862742499630437	0.44924774946334045	4098	1.1010032908593771e-08
0.4164191728484951	0.41783182292744253	26137	1.076154659508223e-08
0.46946487483806476	0.4680973053848792	1632	4.2047199134910895e-09
0.4265928605064944	0.4272566008882119	6553	1.1468040877009708e-08
0.47542076033942726	0.4743804906920588	18019	8.919395442418625e-09
0.4339111416042557	0.43353978619539146	24186	1.0250819186626295e-08
0.48428292080989194	0.4838052686528282	22939	6.740677321168053e-09
0.44862742499630437	0.44924774946334045	12285	1.0965936202260271e-08
0.5024847025375249	0.5026548245743669	18402	4.3554868763994945e-09
0.46946487483806476	0.4680973053848792	1633	4.2047199134910895e-09
0.5159530354308313	0.5152211951887261	14317	5.351164065846777e-09
0.47542076033942726	0.4743804906920588	18018	8.919395442418625e-09
0.5402879657069181	0.5403539364174444	14871	7.473511656676117e-09
0.48428292080989194	0.4838052686528282	22938	6.740677321168053e-09
0.5483338751413714	0.5497787143782138	10213	7.090597505849863e-09
0.6256539361372222	0.6251769380643689	24552	1.503002190131512e-08
0.5517531017423298	0.5529203070318036	22535	1.1247048256889183e-08
0.5024847025375249	0.5026548245743669	14364	4.3554868763994945e-09
0.566079878883005	0.5654866776461628	22506	5.531239144122844e-09
0.5159530354308313	0.5152211951887261	18450	5.351164065846777e-09
0.5673162380260686	0.5686282702997526	2046	1.75049608717529e-08
0.5394229245625969	0.5403539364174444	4096	1.1198240778800927e-08
0.6034499873183262	0.6031857894892403	26522	1.4857510853644803e-08
0.5483338751413714	0.5497787143782138	10212	7.090597505849863e-09
0.6069237114270407	0.6063273821428301	12284	1.7713259630197146e-08
0.5517531017423298	0.5529203070318036	24606	1.1188671559179467e-08
0.6256539361372222	0.6251769380643689	30715	1.4981388802390785e-08
0.5665482778335955	0.5654866776461628	4092	6.9753386645663396e-09
0.6403865199976919	0.6408849013323178	4578	6.011178718906648e-09
0.5673162380260686	0.5686282702997526	18433	1.7468587050188118e-08
0.6034499873183262	0.6031857894892403	6242	1.4857510853644803e-08
0.6661623445524489	0.6660176425610361	26	1.517745688174363e-08
0.7493603396290132	0.7508406442079606	1440	2.1721982764644508e-09
0.6069237114270407	0.6063273821428301	16373	1.7683056592837058e-08
0.7658039391922532	0.7665486074759096	9734	1.566794208596968e-08
0.6403865199976919	0.6408849013323178	11805	6.045448430395886e-09
0.7740068623124521	0.7728317927830891	30622	1.6162449020193722e-08
0.6661623445524489	0.6660176425610361	24579	1.582754125986458e-08
0.79551457409506	0.7948229413582177	22118	1.279169292548879e-08
0.7493603396290132	0.7508406442079606	31326	2.1721982764644508e-09
0.8028573645031974	0.8042477193189871	17407	1.1962113537180627e-08
0.7658039391922532	0.7665486074759096	5638	1.5597286179092182e-08
0.8099076269064992	0.8105309046261667	3999	1.0715431301282278e-08
0.7740068623124521	0.7728317927830891	8582	1.604116082247805e-08
0.845083078599865	0.8450884238156544	20071	8.269806458539402e-09
0.79551457409506	0.7948229413582177	14745	1.2808661270523161e-08
0.8644293999679409	0.8639379797371931	3585	1.2827082735793825e-08
0.8028573645031974	0.8042477193189871	23552	1.1853982119524224e-08
0.8891749797321165	0.8890707209659116	12300	1.7143935968227795e-08
0.8099076269064992	0.8105309046261667	16480	1.0727232797678998e-08
0.925754544952873	0.9267698328089891	2064	1.2206434346073063e-09
0.845083078599865	0.8450884238156544	16792	8.315438322181218e-09
0.9385631941881682	0.9393362034233482	12277	2.398024744903381e-08
0.8644293999679409	0.8639379797371931	24549	1.2751738410741038e-08
0.9575522918989037	0.9581857593448869	32647	7.938495368107066e-09
0.8891749797321165	0.8890707209659116	20466	1.7143935968227795e-08
0.9647832957684102	0.9644689446520666	23549	1.723235455480475e-08
0.925754544952873	0.9267698328089891	30750	3.0109135598785484e-09
0.9685991741740773	0.9676105373056564	8696	8.844880841481133e-09
0.9385631941881682	0.9393362034233482	20491	2.398024744903381e-08
1.002856009316197	1.002168056495144	27109	8.611160883132709e-09
0.9575522918989037	0.9581857593448869	4089	8.20206034564028e-09
1.0066966945376536	1.0053096491487339	28188	6.144394605048514e-09
0.9647832957684102	0.9644689446520666	25602	1.7317004829458933e-08
1.034545189483674	1.033583983031042	18916	8.014186100908813e-09
0.9685991741740773	0.9676105373056564	22626	1.1700494667320694e-08
1.0670925067448043	1.0681415022205296	24095	4.180357625016341e-10
1.0066966945376536	1.0053096491487339	14454	6.252839119848256e-09
1.1409649040120975	1.140398133253095	7936	7.586835067852735e-09
1.0032253677246816	1.002168056495144	16428	1.549650441647315e-08
1.1685604825775087	1.1686724671354032	633	1.3518919137508739e-08
1.0670925067448043	1.0681415022205296	8672	4.180357625016341e-10
1.272780241094725	1.2723450247038663	3454	4.9860160067933995e-09
1.034545189483674	1.033583983031042	13851	8.014186100908813e-09
1.1412406117171068	1.140398133253095	19995	5.747522152047551
1.2872833971471616	1.2880529879718152	20875	1.1207686972702958e-08
1.1685604825775087	1.1686724671354032	23161	1.3735064071565156e-08
1.3324788649907702	1.3320352851220723	16576	6.9770348517620326e-09
1.2730665996038668	1.2723450247038663	22122	2.6047259508639564e-08
1.3606515138933004	1.3603096190043804	3060	2.6641956256453377e-08
1.2872833971471616	1.2880529879718152	11892	1.1207686972702958e-08
1.3705483408967292	1.3697343969651499	360	7.92725490555683e-09
1.3324788649907702	1.3320352851220723	3084	2.613816893183739e-08
1.3824741649961294	1.3823007675795091	13933	1.9017900461642283e-08
1.5015750020211842	1.5016812884159212	5107	1.8033845480525783e-08
1.4039699560441115	1.4042919161546377	26011	1.7398810839578923e-08
1.3606515138933004	1.3603096190043804	13323	2.6313721099407592e-08
1.439601390275704	1.4388494353441252	4999	7.556848976921531e-09
1.3705483408967292	1.3697343969651499	13316	8.050578790021924e-09
1.449244085404895	1.4482742133048947	29706	1.5181476071181663e-08
1.4782149184618454	1.4796901398407927	15261	4.242074479544177e-09
1.3824741649961294	1.3823007675795091	13932	1.9017900461642283e-08
1.5015750020211842	1.5016812884159212	13299	1.7855847194919293e-08
1.4039699560441115	1.4042919161546377	2453	1.777326484217236e-08
1.5159243784996594	1.51738925168387	9625	5.6216846274048496e-09
1.439601390275704	1.4388494353441252	7745	7.529657123879019e-09
1.5369208977475144	1.536238807605409	12035	1.4972514961892675e-08
1.449244085404895	1.4482742133048947	5130	1.5383289943705634e-08
1.5400747328642619	1.5393804002589988	25501	3.6586735875177495e-09
1.4782149184618454	1.4796901398407927	17506	4.242074479544177e-09
1.5159243784996594	1.51738925168387	9834	5.7569362030858264e-09
1.6089941466792486	1.6084954386379742	13803	1.8884484566141643e-08
1.6235186441411031	1.624203401905923	19358	4.6652444244648105e-09
1.5400747328642619	1.5393804002589988	15459	3.9216565919136776e-09
1.5369208977475144	1.536238807605409	16227	1.493558839331876e-08
1.6749920673929999	1.6744688843633597	29646	1.7216410569872387e-08
1.6089941466792486	1.6084954386379742	18964	1.8884484566141643e-08
1.6811156572741408	1.6807520696705394	7872	6.490877168765405e-09
1.6235186441411031	1.624203401905923	16776	4.523693447836624e-09
1.7211384393777331	1.7215927741672068	3900	1.8686356785017662e-08
1.6811156572741408	1.6807520696705394	1855	6.2945732698889125e-09
1.7345642464162965	1.7435839227423353	19507	3.2692660018588996e-08
1.6749920673929999	1.6744688843633597	3121	1.7216410569872387e-08
1.7710443127022057	1.7718582566246435	6303	4.583825241988279e-09
1.7211384393777331	1.7215927741672068	17167	1.8772263377118257e-08
1.7857468087775066	1.7844246272390025	18965	8.255036976134564e-09
1.7432223245107568	1.7435839227423353	19660	2.905087903301089e-08
1.7710443127022057	1.7718582566246435	26391	4.583825241988279e-09
1.7857468087775066	1.7844246272390025	10325	8.309441068243534e-09
1.8229338284452385	1.8221237390820801	21298	1.9047175251472832
1.8297288904382902	1.8284069243892598	3122	2.7430576567111123e-08
1.85476324108723	1.8535396656179781	27702	3.41155527586528e-08
2.0136449151457936	2.0137608909510574	28467	2.854809048463433e-08
1.8915653135131334	1.8912387774610555	21746	2.28159709220033e-08
1.9218013143387818	1.9226547039969535	9950	5.917343466455196e-09
1.9295988885778173	1.9289378893041331	7413	1.884340647335941e-08
1.9978749131936349	1.9980529276831085	27607	6.658041865588949e-09
2.0074573021912463	2.0074777056438777	18399	4.459269353469195
2.061829870760168	2.0608847807549044	29263	1.5254395534059834e-08
2.0777646737522155	2.0765927440228533	13005	2.8803923282901864e-08
2.1033949337367406	2.1048670779051615	19891	2.2419363935317167e-08
2.178649839032591	2.1802653015913167	14631	0.5603503471265024
2.1729934794265766	2.173982116284137	18474	3.1357702712456455e-09
2.1786498390316322	2.1771237089377267	14630	2.787106422683601e-09
2.1614957262246692	2.161415745669778	4726	4.494180157629625
2.2343216959233954	2.233672376702343	11703	3.184026138292074e-08
2.1639925542962204	2.1645573383233674	5850	3.8053243646972584e-08
2.2210844140511417	2.2211060060879837	17260	9.737879163863146e-09
2.271223130798051	2.2713714885454204	12081	9.660083118632884e-09
2.302554350312898	2.3027874150813186	5838	1.673683703505887e-08
2.3279877364194546	2.3279201563100367	3157	9.515022075817024e-09
2.349521010395691	2.349911304885165	18729	6.78003637515881e-09
2.505176851775885	2.5038493449110653	11148	1.0183160202000163e-08
2.567356576756545	2.566681197982861	14187	5.965698129305572e-09