
7412
391
4682
7022
4292
1562
0
5462
6242
6632
3902
1172
782
7802
3512
3122
5852
1952
2732
2342
5072
7413
392
1563
1
7023
783
4683
1173
4293
5463
6243
6633
3903
7803
3123
5853
3513
1953
2733
2343
5073
7414
393
2
1564
784
7024
1174
4684
4294
5464
6244
3904
6634
3124
7804
5854
3514
1954
2734
2344
5074
7415
394
3
1565
785
7025
1175
4685
4295
5465
6245
3905
6635
7805
3125
5855
3515
1955
2735
2345
5075
7416
395
4
1566
786
7026
1176
4686
4296
3906
5466
6246
6636
7806
3126
5856
3516
1956
2736
2346
5076
7417
396
7027
5
1567
787
1177
4687
4297
3907
5467
6637
7807
6247
3127
5857
3517
1957
2737
2347
5077
7418
397
7028
6
1568
1178
788
4688
4298
3908
7808
5468
6638
6248
3128
3518
5858
1958
2738
2348
5078