
7412
391
4682
7022
4292
1562
0
5462
6242
6632
3902
1172
782
7802
3512
3122
5852
1952
2732
2342
5072
7413
392
1563
1
7023
783
4683
1173
4293
5463
6243
6633
3903
7803
3123
5853
3513
1953
2733
2343
5073
7414
393
2
1564
784
7024
1174
4684
4294
5464
6244
3904
6634
3124
7804
5854
3514
1954
2734
2344
5074
7415
394
3
1565
785
7025
1175
4685
4295
5465
6245
3905
6635
7805
3125
5855
3515
1955
2735
2345
5075
7416
395
4
1566
786
7026
1176
4686
4296
3906
5466
6246
6636
7806
3126
5856
3516
1956
2736
2346
5076
7417
396
7027
5
1567
787
1177
4687
4297
3907
5467
6637
7807
6247
3127
5857
3517
1957
2737
2347
5077
7418
397
7028
6
1568
1178
788
4688
4298
3908
7808
5468
6638
6248
3128
3518
5858
1958
2738
2348
5078
7394
605
4601
6799
3208
7
6001
7198
809
408
5399
6995
2207
5203
7793
2809
5798
7597
1210
6400
3005
4202
1407
3803
3607
6596
2606
6197
3404
204
5602
2410
4804
2011
5000
1006
4405
1808
4006
7996
1611
7395
606
4602
3209
6800
8
6002
7199
810
409
5204
7794
2208
5400
205
6996
2810
5799
7598
1211
4203
3006
6401
1408
6597
7997
3608
3804
3405
6198
2411
5603
1007
4805
2012
4406
1809
5001
2607
4007
1612
7396
607
4603
3210
9
6801
7200
6003
811
410
7795
5205
206
5401
2209
6997
2811
7599
5800
3007
7998
4204
1212
6598
3609
6402
1409
3805
3406
6199
2412
5604
1008
4806
4407
2013
1810
5002
2608
4008
1613
7397
608
4604
10
3211
7201
6802
6004
7796
812
411
207
5206
5402
2210
7600
7999
2812
6998
3008
5801
1213
6599
3610
4205
1410
6403
3806
3407
6200
2413
1009
5605
4408
4807
1811
2014
5003
2609
4009
1614
7398
609
4605
11
7202
6803
3212
7797
6005
208
813
412
5403
8000
5207
7601
2211
2813
3009
1214
6999
5802
3611
6600
1411
4206
3408
6404
1010
3807
2414
6201
4409
5606
4808
1812
2015
1615
5004
2610
4010
7399
610
4606
12
7203
6804
3213
7798
209
6006
814
8001
413
5404
7602
5208
2212
2814
3010
1215
7000
5803
3612
6601
1412
4207
1011
3409
6405
6202
2415
3808
4410
5607
4809
1616
2016
1813
2611
4011
5005
7400
611
13
4607
7204
6805
3214
7799
210
6007
815
8002
414
5405
7603
5209
2213
2815
1216
3011
7001
5804
6602
3613
1413
4208
3410
6203
1012
6406
2416
4411
1617
3809
1814
5608
2017
4810
2612
4012
5006
7401
612
14
4608
7205
3215
211
6008
6806
816
415
5406
7800
1217
5210
8003
2214
7604
3012
2816
7002
6603
5805
3614
1414
6204
1013
4209
3411
6407
1618
4412
2417
5609
1815
3810
2018
4013
2613
4811
5007
7402
613
15
4609
7206
3216
212
6807
6009
416
817
5407
7801
1218
5211
8004
2215
7605
3013
7003
6604
2817
5806
3615
1415
6205
1014
4210
3412
6408
1619
4413
2418
5610
1816
3811
2019
4014
2614
5008
4812
7403
614
16
4610
7207
3217
213
6808
6010
417
7809
818
5408
1219
8005
5212
7606
3014
7004
6605
2216
5807
2818
3616
1416
6206
1015
4211
3413
1620
6409
2419
4414
1817
5611
2020
4015
2615
3812
4813
5009
7404
615
17
4611
7208
3218
214
6809
7810
418
6011
5409
819
1220
8006
7607
5213
3015
6606
7005
2217
3617
5808
2819
6207
1417
4212
1016
1621
3414
6410
2420
4415
1818
5612
2021
4016
2616
7405
4814
3813
5010
616
18
4612
215
7209
3219
6810
419
6012
7811
1221
5410
8007
820
7608
5214
3016
6607
7006
3618
6208
2218
5809
2820
1418
1017
4213
1622
3415
6411
2421
4416
1819
5613
2022
7406
4017
2617
4815
3814
5011
617
19
4613
216
7210
3220
6811
420
6013
7812
1222
5411
8008
821
5215
7609
3017
6608
7007
3619
6209
2219
5810
2821
1419
1018
1623
4214
3416
6412
2422
4417
1820
5614
2023
7407
4018
2618
4816
5012
3815
618
20
217
4614
7211
3221
6812
421
6014
7813
8009
5412
1223
7610
5216
822
6609
3018
7008
3620
6210
2220
5811
1019
2822
1420
1624
4215
3417
6413
2423
4418
1821
5615
7408
2024
4019
2619
4817
3816
5013
619
21
218
7212
4615
3222
6813
422
6015
8010
7814
5413
1224
7611
5217
6610
3019
823
3621
7009
6211
2221
1020
5812
2823
1421
1625
4216
3418
6414
2424
4419
7409
1822
5616
2025
4020
2620
620
4818
22
3817
5014
219
7213
4616
3223
6814
423
6016
8011
7815
5414
7612
1225
6611
5218
3020
3622
824
7010
6212
2222
1021
5813
2824
1626
1422
4217
3419
6415
2425
4420
7410
1823
5617
2026
4021
621
2621
4819
23
3818
220
5015
7214
4617
3224
6815
424
6017
8012
7816
5415
7613
1226
6612
5219
3021
3623
825
7011
6213
1022
2223
5814
1627
2825
1423
4218
3420
6416
2426
7411
4421
1824
5618
2027
4022
622
24
221
2622
4820
7215
3819
5016
4618
3225
6816
425
8013
6018
7817
5416
7614
1227
6613
3022
5220
3624
7012
826
6214
1023
2224
5815
1628
2826
1424
4219
3421
7419
6417
2427
4422
1825
5619
2028
4023
623
25
222
2623
7216
4821
4619
3820
5017
3226
6817
426
8014
7818
6019
5417
7615
1228
6614
3023
5221
3625
7013
6215
827
2225
1024
5816
1629
2827
1425
4220
3422
7420
6418
2428
4423
1826
5620
2029
4024
624
223
26
7217
2624
4620
4822
3821
5018
3227
6818
427
8015
7819
6020
5418
7616
1229
6615
3024
5222
3626
7014
6216
828
2226
1025
5817
1630
2828
1426
4221
3423
7421
6419
4424
2429
1827
5621
625
224
27
2030
4025
7218
4621
2625
4823
5019
3822
3228
6819
8016
428
7820
6021
7617
5419
1230
6616
3025
7015
5223
3627
6217
829
2227
1026
5818
1631
2829
1427
4222
7422
3424
4425
2430
6420
1828
5622
626
225
28
2031
7219
4026
4622
2626
4824
3229
8017
5020
6820
3823
429
7821
6022
7618
5420
1231
6617
3026
7016
3628
5224
2228
6218
830
1027
5819
1632
2830
1428
7423
4223
3425
4426
2431
6421
1829
5623
627
226
29
7220
2032
4027
4623
2627
4825
8018
3230
430
6821
5021
3824
7822
6023
7619
5421
1232
6618
3027
7017
3629
5225
2229
6219
1028
831
1633
5820
2831
7424
1429
4224
3426
4427
2432
6422
628
227
30
1830
5624
7221
2033
4028
4624
2628
8019
4826
3231
431
6822
5022
7823
3825
7620
6024
5422
1233
6619
3028
7018
3630
5226
2230
6220
1029
832
1634
7425
5821
2832
1430
4225
4428
3427
2433
6423
629
228
31
1831
7222
5625
2034
4625
4029
2629
8020
4827
3232
432
6823
7824
7621
5023
3826
6025
5423
1234
6620
3029
7019
3631
5227
2231
6221
1635
1030
833
7426
5822
2833
1431
4429
4226
3428
2434
6424
630
229
32
7223
1832
5626
2035
4626
4030
8021
2630
3233
4828
433
7825
7622
6824
3827
5024
6026
5424
1235
6621
3030
7020
3632
5228
2232
6222
7427
1636
1031
834
5823
2834
1432
4430
4227
3429
2435
6425
631
230
33
7224
1833
5627
2036
4627
4031
8022
3234
2631
434
4829
7826
7623
6825
3828
5025
6027
5425
1236
6622
3031
7021
3633
5229
7428
6223
2233
1637
1032
835
5824
2835
1433
4431
4228
3430
2436
632
231
6426
34
7225
1834
5628
4628
2037
4032
8023
3235
2632
435
7624
7827
6826
4830
5426
6028
3829
5026
6623
1237
3032
7029
3634
7429
5230
6224
2234
1638
1033
836
5825
2836
4432
1434
4229
3431
2437
633
232
35
6427
7226
1835
5629
4629
4033
2038
8024
3236
436
2633
7625
7828
6827
4831
5427
6029
3830
5027
6624
1238
3033
7030
3635
7430
5231
6225
1639
2235
1034
837
5826
4433
2837
1435
4230
3432
2438
634
233
36
7227
6428
1836
5630
4630
4034
2039
8025
3237
7626
437
7829
2634
6828
4832
5428
6030
3831
5028
6625
1239
3034
7031
7431
3636
5232
6226
1640
2236
1035
838
4434
5827
2838
1436
4231
3433
2439
635
234
37
7228
6429
1837
5631
4631
4035
2040
8026
3238
7627
438
7830
6829
2635
4833
5429
6031
3832
5029
6626
3035
1240
7032
7432
3637
6227
5233
1641
2237
1036
839
4435
5828
2839
1437
4232
3434
636
2440
235
38
7229
6430
1838
5632
4632
4036
8027
2041
3239
7628
439
7831
6830
2636
5430
4834
6032
3833
5030
6627
3036
1241
7033
7433
3638
6228
5234
1642
2238
1037
840
4436
5829
2840
4233
1438
637
39
236
3435
2441
7230
6431
4633
1839
5633
4037
8028
2042
7629
3240
7832
440
6831
5431
2637
4835
6033
3834
5031
6628
3037
1242
7434
7034
3639
6229
5235
1643
2239
1038
4437
841
5830
2841
4234
1439
638
40
237
7231
3436
2442
6432
4634
5634
1840
4038
8029
7630
2043
3241
7833
441
6832
5432
6629
6034
4836
3038
1243
2638
3835
5032
7435
7035
6230
3640
5236
1644
2240
1039
4438
842
5831
2842
4235
1440
639
238
41
7232
3437
2443
6433
4635
5635
1841
4039
8030
7631
3242
2044
7834
442
6833
5433
6630
3039
1244
4837
6035
2639
3836
5033
7436
7036
6231
3641
5237
1645
2241
1040
4439
843
5832
2843
4236
640
1441
239
42
7233
3438
2444
6434
4636
5636
8031
4040
1842
7632
3243
7835
2045
443
6834
5434
6631
3040
1245
6036
4838
2640
3837
5034
7437
7037
6232
3642
5238
2242
1646
1041
4440
844
641
5833
4237
2844
240
43
1442
7234
3439
2445
6435
4637
5637
8032
4041
1843
7633
3244
7836
444
2046
6835
5435
6639
3041
1246
6037
4839
2641
3838
5035
7438
7038
6233
3643
5239
1647
2243
4441
1042
845
642
5834
241
2845
4238
7235
44
1443
3440
2446
6436
4638
5638
8033
4042
7634
1844
3245
7837
445
2047
6836
5436
6640
3042
1247
6038
4840
2642
3839
7439
5036
7039
6234
3644
5240
1648
4442
2244
1043
846
643
242
7236
5835
45
2846
4239
1444
3441
2447
6437
4639
5639
8034
7635
4043
3246
7838
1845
446
6837
2048
5437
6641
3043
1248
6039
4841
2643
7440
3840
7040
5037
6235
3645
5241
1649
4443
2245
1044
847
644
243
7237
46
5836
2847
4240
1445
3442
2448
6438
8035
4640
5640
7636
4044
7839
3247
447
1846
6838
2049
5438
6642
3044
1249
6040
4842
2644
7441
7041
3841
5038
6236
3646
5242
1650
4444
1045
645
2246
7238
244
848
47
5837
2848
4241
1446
3443
2449
8036
4641
6439
5641
7637
4045
7840
3248
448
1847
6839
2050
5439
6643
3045
1250
6041
7442
2645
4843
7042
3842
6237
5039
3647
5243
1651
4445
1046
646
7239
2247
245
48
5838
849
2849
4242
3444
1447
2450
8037
4642
6440
5642
7638
7841
4046
3249
449
1848
6840
2051
5440
6644
3046
1251
7443
6042
2646
4844
7043
6238
3843
5040
3648
5244
1652
4446
647
1047
7240
246
49
2248
5839
850
2850
4243
3445
2451
1448
8038
4643
6441
5643
7639
7842
3250
4047
450
6841
1849
2052
5441
6645
1252
3047
7444
6043
7044
4845
2647
6239
3844
5041
3649
5245
1653
648
7241
4447
1048
247
2249
50
5840
2851
851
4244
3446
2452
1449
8039
4644
7640
6442
5644
7843
3251
4048
451
6842
1850
2053
5442
6646
3048
7445
6044
1253
7045
4846
2648
6240
3845
5042
3650
649
7242
5246
248
1654
51
4448
2250
1049
5841
852
2852
4245
3447
2453
1450
8040
4645
7641
6443
5645
7844
3252
452
4049
6843
1851
2054
5443
6647
7446
3049
6045
1254
7046
4847
2649
6241
3846
5043
3651
650
7243
249
5247
1655
52
4449
2251
1050
5842
853
2853
4246
1451
8041
3448
2454
4646
7642
6444
5646
7845
3253
453
4050
6844
1852
5444
6648
2055
7447
3050
6046
1255
7047
4848
2650
6249
3847
5044
3652
651
7244
250
53
5248
1656
4450
2252
1051
5843
2854
854
4247
1452
8042
7643
3449
4647
2455
6445
5647
7846
3254
454
4051
6845
1853
6649
5445
2056
7448
3051
6047
1256
7048
4849
6250
2651
3848
5045
652
3653
7245
251
54
1657
5249
4451
2253
1052
5844
2855
855
4248
8043
1453
7644
4648
3450
2456
6446
7847
5648
3255
455
6846
4052
6650
5446
1854
2057
7449
3052
6048
1257
7049
4850
6251
2652
3849
5046
653
7246
3654
252
55
1658
4452
5250
2254
5845
1053
2856
856
4249
8044
7645
1454
4649
3451
2457
7848
6447
5649
3256
456
6847
4053
6651
5447
1855
2058
7450
3053
6049
1258
7050
6252
4851
2653
3850
654
5047
7247
3655
253
56
1659
4453
5251
2255
5846
1054
2857
857
8045
7646
4250
4650
1455
3452
2458
7849
6448
5650
3257
457
6848
4054
6652
5448
1856
2059
7451
3054
1259
6050
7051
6253
4852
655
7248
2654
3851
5048
254
3656
57
1660
4454
5252
2256
5847
1055
2858
858
8046
7647
4251
4651
1456
3453
2459
7850
6449
5651
3258
458
6849
4055
5449
6653
1857
2060
7452
3055
1260
6051
7052
6254
4853
656
7249
2655
3852
255
5049
58
3657
1661
4455
5253
2257
5848
7648
1056
4252
8047
2859
4652
7851
859
1457
3454
2460
6450
5652
3259
6850
459
5450
6654
4056
1858
2061
7453
1261
3056
6052
7053
6255
657
7250
2656
4854
256
3658
3853
59
1662
5050
4456
5254
7649
8048
2258
7852
5849
1057
4653
2860
4253
3455
1458
2461
860
5653
6451
3260
6851
460
6655
5451
4057
2062
7454
1859
3057
1262
6053
7054
658
7251
257
6256
60
1663
4457
3659
4855
2657
5255
3854
5051
7650
8049
7853
2259
4654
5850
1058
4254
2861
3456
1459
861
2462
6452
6852
3261
461
5654
6656
5452
4058
7455
2063
1860
3058
1263
6054
7055
659
7252
258
6257
61
1664
4458
3660
4856
2658
5256
3855
5052
7651
8050
7854
2260
4655
5851
1059
4255
2862
3457
1460
2463
862
6853
3262
462
6657
5453
6453
4059
5655
7456
2064
1861
3059
1264
6055
7056
660
7253
259
62
6258
1665
4459
3661
4857
5257
2659
3856
5053
7652
8051
7855
4656
2261
5859
1060
4256
2863
3458
1461
2464
863
6854
3263
463
5454
7457
4060
6454
5656
6658
2065
1862
3060
1265
661
6056
7254
260
7057
63
6259
1666
4460
3662
5258
4858
2660
3857
5054
8052
7653
7856
4657
2262
5860
6855
1061
4257
3459
2864
2465
1462
864
3264
464
7458
5455
6659
6455
4061
5657
2066
1863
3061
1266
662
7255
261
6057
7058
64
6260
1667
4461
3663
5259
4859
8053
7654
2661
7857
3858
5055
4658
6856
2263
3265
5861
1062
4258
2865
865
3460
2466
1463
7459
465
5456
6660
4062
6456
5658
2067
1864
3062
1267
663
7256
262
65
6058
7059
1668
6261
8054
3664
4462
7655
2662
5260
7858
4860
3859
5056
4659
6857
3266
2264
5862
1063
7460
4259
2866
3461
2467
866
1464
466
6661
5457
4063
6457
5659
2068
1865
3063
1268
664
7257
263
66
6059
7060
1669
8055
6262
7656
3665
7859
4463
5261
2663
4861
4660
3860
5057
6858
3267
2265
7461
5863
1064
2867
4260
3462
867
2468
1465
467
6662
5458
4064
6458
5660
3064
1866
2069
1269
665
7258
264
67
6060
8056
1670
7061
6263
7657
7860
3666
4464
5262
4661
4862
2664
3861
5058
6859
3268
2266
7462
5864
1065
2868
4261
3463
868
468
1466
2469
6663
5459
4065
6459
5661
3065
1867
2070
1270
666
7259
265
68
6061
8057
1671
7658
6264
7861
7062
3667
4465
5263
4662
4863
2665
3862
5059
6860
3269
7463
5865
469
2267
4262
1066
6664
2869
5460
3464
4066
869
6460
1467
5662
2470
3066
1868
2071
1271
667
7260
266
69
8058
6062
7659
1672
7862
6265
7063
3668
4466
4663
5264
4864
2666
3863
5060
6861
7464
3270
470
5866
6665
2268
4263
5461
1067
870
2870
4067
3465
6461
3067
5663
1272
2471
2072
1468
1869
668
7261
267
70
8059
6063
7660
7863
1673
6266
7064
3669
4467
4664
5265
4865
2667
3864
5061
6862
7465
3271
6666
471
5469
5867
2269
4264
871
1068
3068
2871
4068
6462
1273
5664
3466
2472
2073
1469
1870
669
7262
268
71
8060
7661
7864
6064
1674
6267
7065
4468
3670
4665
5266
4866
2668
3865
5062
6863
7466
3272
6667
472
5470
5868
2270
872
3069
4265
1069
2872
4069
1274
6463
5665
3467
2074
2473
1871
1470
670
7263
269
72
8061
7662
7865
6065
1675
6268
7066
4469
4666
3671
5267
4867
2669
3866
5063
6864
7467
3273
6668
473
5471
3070
873
2271
5869
4266
2873
4070
1275
6464
1070
5666
3468
2075
2474
1471
1872
671
7264
270
1676
6066
8062
73
3672
6269
7663
4470
7866
4667
7067
5268
4868
2670
3867
5064
6865
7468
3274
6669
474
5472
3071
874
2272
5870
2874
4267
1276
4071
1071
6465
5667
3469
2475
2076
1472
1873
672
7265
8063
271
1677
7664
74
6270
7867
6067
3673
4471
4668
5269
7068
4869
2671
3868
5065
6866
7469
3275
6670
475
5473
875
3072
2273
1277
5871
2875
4268
1072
4072
6466
5668
3470
2476
2077
673
1473
1874
8064
7266
272
7665
1678
75
7868
6271
3674
4669
4472
6068
5270
7069
4870
2672
6867
3869
5066
7470
3276
6671
476
5474
3073
876
2274
1278
5872
2876
6467
4269
4073
1073
5669
674
3471
2078
2477
1474
1875
8065
7267
7666
273
7869
76
1679
6272
4670
3675
4473
6069
5271
7070
4871
6868
2673
3870
5067
7471
3277
6672
477
5475
3074
877
2275
1279
5873
6468
2877
675
4270
4074
1074
5670
3472
2478
2079
1475
1876
8066
7268
7667
274
7870
77
1680
6273
4671
3676
4474
6070
5272
7071
6869
4872
2674
3871
5068
7472
3278
6673
478
5476
878
3075
2276
676
1280
5874
6469
2878
4271
4075
5671
1075
3473
2080
2479
1476
1877
8067
7269
7668
275
7871
78
1681
6274
4672
3677
4475
6071
5273
6870
7072
4873
2675
3872
5069
7473
3279
6674
479
5477
879
677
3076
2277
1281
5875
6470
4272
2879
4076
5672
1076
3474
2081
2480
1477
1878
8068
7270
7669
276
7872
79
1682
4673
6275
3678
4476
6072
6871
5274
7073
4874
2676
3873
5070
7474
3280
6675
480
5478
678
880
3077
2278
1282
5876
6471
2880
4077
4273
5673
1077
3475
2082
2481
1478
1879
8069
7271
7670
277
7873
80
1683
4674
6276
3679
4477
6872
6073
5275
7074
4875
2677
3874
5071
7475
3281
6676
481
679
5479
3078
2279
881
1283
5877
6472
2881
4078
4274
5674
1078
3476
2083
2482
1479
1880
8070
7272
7671
278
7874
1684
81
4675
6277
6873
3680
4478
6074
5276
7075
4876
2678
3875
5079
7476
3282
6677
482
680
5480
3079
2280
882
1284
5878
6473
4079
2882
4275
5675
1079
3477
2084
2483
1480
1881
8071
7273
7672
7875
279
82
1685
6278
4676
6874
4479
3681
6075
5277
7076
4877
3876
2679
5080
7477
3283
6678
483
681
403
800
4334
7485
3549
7880
1978
5907
1192
6301
2762
3942
4729
2370
83
1585
5121
5515
7089
3155
6695
404
801
4335
7486
5908
3550
1979
2763
1193
7881
6302
5122
3943
1586
2371
4730
84
7090
5516
3156
6696
405
802
4336
5909
7487
1980
3551
2764
1194
7882
1587
6303
2372
3944
5123
4731
85
7091
5517
3157
6697
406
803
4337
5910
7488
1981
2765
3552
1195
7883
1588
2373
3945
6304
4732
5124
86
7092
5518
3158
6698
407
804
4338
7489
1982
5911
2766
3553
1196
7884
1589
2374
3946
6305
4733
5125
87
7093
5519
3159
6699
805
484
4339
1983
7490
5912
2767
3554
1197
7885
1590
2375
3947
6306
4734
5126
88
7094
5520
3160
6700
806
485
4340
1984
7491
5913
2768
3555
1198
7886
1591
2376
3948
4735
6307
5127
89
7095
5521
3161
6701
807
486
4341
1985
7492
5914
2769
3556
1199
7887
1592
2377
3949
4736
5128
6308
90
7096
5522
3162
6702
808
487
4342
1986
7493
5915
2770
3557
1200
7888
1593
2378
4737
5129
3950
6309
91
7097
5523
3163
6703
883
488
4343
1987
7494
5916
2771
3558
1201
7889
1594
2379
4738
5130
3951
6310
92
5524
7098
3164
6704
884
489
4344
1988
7495
3559
2772
5917
1202
1595
7890
2380
4739
5131
3952
6311
93
5525
7099
3165
6705
885
490
4345
1989
7496
3560
2773
5918
1203
1596
7891
2381
4740
5132
3953
6312
94
5526
7100
3166
6706
886
491
4346
1990
7497
3561
2774
1204
5919
1597
7892
2382
4741
3954
5133
6313
95
5527
7101
3167
6707
887
492
4347
1991
7498
3562
2775
1205
5920
1598
7893
3955
4742
2383
5134
6314
96
5528
7102
3168
6708
888
493
4348
1992
7499
3563
2776
1206
5921
1599
7894
3956
6315
4743
2384
5135
97
5529
7103
3169
6709
889
494
4349
1993
3564
7500
1207
2777
1600
5922
3957
7895
4744
6316
5136
2385
98
5530
7104
3170
6710
890
495
4350
1994
3565
7501
1208
2778
1601
5923
3958
7896
4745
6317
5137
99
2386
5531
7105
3171
6711
891
496
4351
1995
3566
7502
2779
1209
1602
3959
5924
7897
100
6318
5138
2387
4746
5532
7106
3172
6712
892
4352
497
1996
3567
7503
1285
2780
1603
3960
5925
7898
101
6319
4747
2388
5139
5533
7107
3173
6713
893
4353
498
1997
3568
1286
7504
2781
1604
3961
5926
7899
102
4748
5140
6320
2389
5534
7108
3174
6714
894
4354
499
1998
3569
1287
7505
2782
1605
5927
3962
7900
5141
4749
103
2390
6321
5535
7109
3175
6715
895
4355
500
1999
3570
1288
7506
2783
1606
5928
3963
7901
4750
5142
104
2391
6322
5536
7110
3176
6716
896
501
4356
2000
3571
1289
7507
2784
1607
5929
3964
7902
4751
5143
105
2392
6323
5537
7111
3177
6717
897
502
4357
2001
3572
1290
7508
2785
1608
5930
3965
4752
7903
5144
106
2393
6324
5538
7112
3178
6718
898
503
4358
3573
2002
1291
7509
2786
1609
5931
3966
4753
7904
5145
107
2394
6325
5539
7113
3179
6719
899
504
4359
3574
2003
1292
7510
2787
1610
5932
3967
4754
7905
5146
108
2395
6326
5540
7114
3180
6720
900
505
4360
3575
1293
2004
7511
2788
5933
1686
4755
3968
7906
5147
109
2396
5541
6327
7115
3181
6721
901
506
4361
3576
1294
2005
7512
2789
5934
1687
4756
3969
5148
7907
110
2397
5542
6328
7116
3182
6722
902
507
4362
3577
1295
2006
7513
2790
5935
1688
4757
3970
5149
7908
111
2398
5543
6329
7117
3183
6723
903
508
4363
3578
1296
2007
7514
2791
1689
5936
4758
5150
3971
7909
112
2399
5544
6330
7118
3184
6724
904
509
4364
3579
1297
2008
7515
2792
1690
5937
4759
5151
3972
7910
113
2400
5545
6331
7119
3185
6725
905
510
4365
3580
1298
2009
7516
2793
1691
5938
4760
5152
3973
7911
114
2401
5546
6332
7120
3186
6726
906
511
4366
3581
1299
2010
7517
2794
1692
4761
5939
5153
3974
7912
115
2402
5547
6333
7121
3187
6727
907
512
4367
3582
1300
2085
7518
2795
1693
4762
5940
5154
3975
7913
116
2403
5548
6334
7122
3188
908
513
6728
4368
3583
1301
2086
7519
2796
1694
4763
5941
5155
3976
7914
2404
117
5549
6335
7123
3189
514
909
4369
6729
3584
1302
2087
7520
2797
1695
4764
5942
5156
3977
7915
2405
118
5550
6336
7124
3190
515
910
4370
6730
3585
1303
2088
7521
2798
1696
4765
5943
5157
3978
7916
2406
119
5551
6337
7125
3191
516
911
4371
6731
3586
1304
2089
7522
2799
1697
4766
5944
5158
3979
7917
2407
120
5552
6338
7126
3192
517
912
4372
6732
3587
1305
2090
7523
2800
1698
4767
5945
5159
3980
7918
121
2408
5553
6339
7127
3193
518
913
4373
6733
3588
1306
2091
7524
2801
1699
4768
5946
5160
3981
7919
2409
122
5554
6340
7128
3194
519
914
4374
6734
3589
1307
2092
7525
2802
1700
4769
5947
5161
3982
7920
123
2484
5555
6341
7129
3195
520
915
4375
6735
3590
1308
2093
7526
2803
1701
4770
5948
5162
3983
7921
124
2485
5556
6342
7130
3196
521
916
4376
3591
6736
1309
2094
7527
2804
1702
4771
5949
5163
3984
7922
125
2486
5557
6343
7131
3197
522
917
4377
3592
6737
1310
2095
7528
2805
1703
4772
5950
5164
3985
7923
126
2487
5558
6344
7132
3198
523
918
4378
3593
1311
6738
2096
7529
2806
1704
4773
5951
5165
3986
7924
127
2488
5559
6345
7133
3199
524
919
4379
3594
1312
2097
6739
7530
2807
1705
4774
5952
5166
3987
7925
128
2489
5560
6346
7134
3200
525
920
4380
3595
1313
2098
6740
7531
2808
1706
4775
5953
5167
3988
7926
129
2490
5561
6347
7135
526
3201
921
4381
3596
1314
2099
7532
6741
2883
1707
4776
5954
5168
3989
7927
130
2491
5562
6348
7136
527
3202
922
4382
3597
1315
2100
7533
6742
2884
1708
4777
5955
5169
3990
7928
131
2492
5563
6349
7137
528
923
3203
4383
3598
1316
2101
7534
2885
6743
1709
4778
5956
5170
3991
7929
132
2493
5564
6350
7138
529
924
3204
4384
3599
1317
2102
7535
2886
6744
1710
4779
5957
5171
3992
7930
133
2494
5565
6351
530
7139
925
4385
3205
3600
1318
2103
7536
2887
6745
1711
4780
5958
5172
3993
7931
134
2495
5566
6352
531
7140
926
4386
3206
3601
1319
2104
7537
2888
6746
1712
4781
5959
5173
3994
7932
135
2496
5567
6353
532
927
7141
4387
3207
3602
1320
2105
7538
2889
1713
6747
4782
5174
5960
3995
7933
136
2497
5568
6354
533
928
7142
4388
3284
3603
1321
2106
7539
2890
1714
6748
4783
5961
5175
3996
7934
137
2498
5569
6355
534
929
4389
7143
3285
3604
1322
2107
7540
2891
1715
4784
6749
5962
5176
3997
7935
138
2499
5570
6356
535
930
4390
7144
3286
3605
1323
2108
7541
2892
1716
4785
6750
5963
5177
3998
7936
139
2500
5571
6357
536
931
4391
7145
3287
3606
1324
2109
7542
2893
1717
4786
6751
5964
5178
3999
7937
2501
140
5572
6358
537
932
4392
7146
3288
3682
1325
2110
7543
2894
1718
4787
5965
5179
6752
4000
7938
2502
141
5573
538
6359
933
4393
7147
3289
3683
1326
2111
7544
2895
1719
4788
5966
5180
6753
4001
7939
2503
142
539
5574
6360
934
4394
7148
3290
3684
1327
2112
7545
2896
1720
4789
5967
5181
4002
6754
7940
2504
540
143
5575
6361
935
4395
7149
3291
3685
1328
2113
7546
2897
1721
4790
5968
5182
4003
7941
6755
541
2505
144
5576
6362
936
4396
7150
3292
3686
1329
2114
7547
2898
1722
4791
5969
5183
4004
7942
6756
542
2506
145
5577
6363
937
4397
7151
3293
3687
1330
2115
7548
2899
1723
4792
5184
5970
4005
7943
543
6757
2507
146
5578
938
6364
4398
7152
3688
3294
1331
2116
7549
2900
1724
4793
5185
5971
4080
7944
544
6758
2508
147
5579
939
4399
6365
7153
3689
3295
1332
2117
7550
2901
1725
4794
5186
5972
4081
7945
545
6759
2509
148
940
5580
4400
6366
7154
3690
3296
1333
2118
7551
2902
1726
4795
5187
5973
546
7946
4082
2510
6760
941
149
5581
4401
6367
7155
3691
3297
1334
2119
7552
2903
1727
4796
5188
5974
547
7947
4083
2511
942
4402
150
6761
5582
6368
7156
3692
3298
1335
2120
7553
2904
1728
4797
5189
5975
548
7948
4084
943
2512
4403
151
5583
6762
6369
7157
3693
3299
1336
2121
7554
2905
1729
4798
5190
549
5976
7949
4085
944
4404
2513
152
5584
6763
6370
7158
3694
1337
3300
2122
7555
2906
1730
4799
550
5191
5977
7950
4086
945
4480
2514
5585
153
6371
6764
3695
7159
1338
3301
2123
7556
2907
1731
4800
551
5192
5978
7951
4087
946
4481
2515
5586
154
6372
6765
3696
7160
1339
3302
2124
7557
2908
1732
4801
552
5193
5979
7952
4088
947
4482
2516
5587
155
6373
6766
3697
7161
1340
3303
2125
7558
2909
1733
553
4802
5194
5980
7953
4089
948
4483
2517
5588
156
6374
6767
3698
7162
1341
3304
2126
7559
2910
1734
554
4803
5195
5981
7954
4090
949
4484
2518
5589
157
6375
6768
3699
7163
1342
3305
2127
7560
2911
1735
555
4878
5196
5982
7955
4091
950
4485
2519
5590
158
6376
6769
3700
7164
1343
3306
2128
7561
2912
1736
556
4879
5197
5983
7956
4092
951
4486
2520
5591
159
6377
6770
3701
7165
1344
3307
2129
7562
2913
1737
557
4880
5198
5984
7957
4093
952
4487
2521
5592
160
6378
3702
6771
7166
1345
3308
2130
7563
2914
1738
558
4881
5199
7958
5985
953
4094
4488
2522
5593
161
6379
3703
6772
7167
1346
3309
2131
7564
2915
559
1739
4882
5200
5986
954
7959
4489
4095
2523
5594
162
6380
3704
6773
7168
1347
3310
2132
7565
560
2916
1740
4883
5201
955
4490
5987
7960
4096
2524
5595
163
6381
3705
6774
7169
1348
3311
2133
7566
561
2917
1741
4884
5202
956
4491
7961
5988
4097
2525
5596
164
6382
3706
6775
7170
1349
3312
2134
7567
562
2918
1742
4885
5278
957
4492
7962
5989
4098
2526
5597
165
3707
6383
6776
7171
1350
3313
2135
7568
563
2919
1743
4886
5279
958
4493
7963
5990
4099
2527
5598
3708
166
6384
1351
7172
6777
3314
2136
7569
564
2920
1744
4887
5280
959
4494
7964
5991
4100
2528
5599
3709
167
6385
1352
7173
6778
3315
2137
7570
565
2921
1745
4888
5281
960
4495
7965
5992
4101
2529
5600
3710
168
6386
1353
7174
6779
3316
2138
7571
566
2922
1746
4889
5282
961
4496
7966
5993
4102
2530
5601
3711
169
6387
1354
7175
6780
3317
567
2139
7572
2923
1747
4890
5283
4497
962
7967
5994
4103
2531
5676
3712
170
6388
1355
7176
6781
3318
568
2140
7573
2924
1748
4891
5284
4498
963
7968
5995
4104
2532
3713
5677
171
6389
1356
7177
6782
569
3319
2141
7574
1749
2925
4892
5285
4499
964
7969
5996
4105
2533
3714
5678
172
6390
1357
7178
6783
570
3320
2142
7575
1750
2926
4893
4500
5286
965
7970
5997
4106
2534
3715
5679
173
6391
1358
7179
6784
571
2143
7576
3321
2927
1751
4894
4501
5287
966
7971
5998
4107
2535
3716
5680
174
6392
1359
7180
572
6785
2144
7577
3322
2928
1752
4502
4895
967
5288
7972
5999
4108
2536
3717
5681
175
6393
1360
7181
573
6786
7578
2145
3323
2929
1753
4503
4896
968
5289
7973
6000
4109
2537
3718
5682
176
6394
1361
7182
574
6787
7579
2146
3324
2930
1754
4504
969
4897
5290
7974
6076
4110
2538
3719
5683
177
6395
1362
7183
575
7580
6788
2147
3325
2931
1755
4505
970
4898
5291
7975
6077
4111
3720
2539
5684
178
6396
1363
7184
576
7581
2148
6789
3326
2932
1756
4506
971
4899
5292
7976
6078
4112
3721
2540
5685
179
6397
1364
7185
577
7582
2149
6790
3327
2933
1757
4507
972
4900
5293
7977
6079
4113
3722
2541
5686
180
6398
1365
7186
578
7583
2150
6791
3328
2934
1758
4508
973
4901
5294
7978
6080
4114
3723
2542
5687
181
1366
6399
7187
579
7584
2151
3329
6792
2935
1759
4509
974
4902
5295
7979
6081
4115
3724
2543
5688
182
1367
6474
580
7188
7585
2152
3330
6793
4510
1760
2936
975
4903
5296
7980
6082
4116
3725
2544
5689
183
1368
6475
581
7189
7586
2153
3331
4511
1761
2937
976
6794
4904
5297
7981
6083
4117
3726
2545
5690
184
1369
6476
582
7190
7587
2154
4512
3332
1762
977
2938
6795
4905
5298
7982
6084
4118
3727
2546
5691
185
1370
6477
583
7191
7588
2155
4513
1763
978
3333
2939
6796
4906
5299
7983
6085
4119
3728
2547
5692
186
1371
6478
584
7192
7589
2156
4514
979
1764
3334
2940
4907
6797
5300
7984
6086
4120
3729
2548
5693
187
1372
6479
585
7193
7590
2157
4515
980
1765
2941
3335
4908
5301
6798
7985
6087
3730
4121
2549
5694
188
1373
6480
586
7194
7591
2158
4516
981
1766
2942
3336
4909
5302
6875
7986
6088
3731
4122
2550
5695
1374
189
587
6481
7195
7592
4517
2159
982
1767
2943
3337
4910
5303
6876
7987
3732
6089
4123
2551
5696
1375
190
588
6482
7196
7593
4518
2160
983
1768
2944
3338
4911
5304
6877
7988
3733
6090
4124
2552
5697
1376
191
589
6483
7197
7594
4519
2161
984
1769
2945
3339
4912
5305
6878
7989
3734
6091
4125
2553
5698
1377
192
590
6484
7274
7595
4520
6879
2162
7990
985
1770
2946
3340
4913
5306
3735
6092
4126
2554
5699
1378
591
193
6485
7275
7596
4521
3736
986
7991
1771
2163
5307
2947
4914
3341
6093
6880
4127
2555
5700
1379
592
194
6486
7276
7673
987
4522
3737
7992
4915
1772
5308
2948
2164
3342
6094
6881
4128
2556
5701
1380
593
195
6487
7277
7674
4523
3738
988
7993
4916
1773
5309
2165
2949
6095
3343
6882
4129
2557
5702
594
1381
196
6488
7278
7675
4524
3739
989
1774
4917
7994
5310
2166
2950
6096
3344
4130
6883
2558
595
5703
1382
197
6489
7279
7676
4525
3740
990
1775
4918
7995
5311
2167
2951
6097
3345
4131
6884
2559
596
1383
5704
198
6490
7280
7677
4526
3741
991
1776
4919
8072
5312
2168
2952
6098
3346
4132
6885
2560
597
1384
5705
199
6491
7281
7678
4527
3742
992
1777
4920
8073
5313
2953
2169
6099
3347
4133
6886
2561
598
1385
5706
200
6492
7282
7679
4528
3743
993
4921
1778
8074
5314
2954
2170
6100
4134
3348
2562
6887
599
1386
5707
201
6493
7283
7680
4529
3744
994
4922
1779
8075
5315
2955
2171
6101
4135
3349
2563
6888
600
1387
5708
202
6494
7284
7681
4530
3745
995
4923
1780
8076
5316
2956
2172
6102
4136
3350
2564
601
6889
1388
5709
203
6495
7285
7682
4531
3746
996
4924
1781
8077
5317
2957
2173
6103
4137
3351
2565
602
6890
1389
5710
280
6496
7286
7683
4532
3747
997
4925
1782
8078
5318
2958
2174
6104
4138
3352
603
2566
1390
6891
5711
281
6497
7287
7684
3748
4533
998
4926
1783
8079
5319
2959
2175
6105
4139
3353
604
2567
1391
6892
5712
282
6498
7288
7685
3749
4534
999
4927
1784
8080
2960
5320
2176
6106
4140
3354
682
2568
1392
6893
5713
283
6499
7289
7686
3750
4535
1000
4928
1785
8081
2961
5321
2177
6107
4141
683
3355
2569
1393
6894
5714
284
6500
7290
7687
3751
4536
1001
4929
1786
8082
2962
5322
2178
6108
684
4142
3356
2570
1394
6895
5715
285
7291
6501
7688
3752
4537
1002
4930
1787
8083
2963
5323
2179
6109
685
4143
3357
2571
1395
5716
6896
286
7292
6502
7689
3753
4538
1003
4931
1788
8084
2964
5324
2180
6110
686
4144
3358
2572
1396
5717
6897
287
7293
6503
7690
3754
4539
1004
4932
1789
8085
2965
5325
2181
6111
687
4145
3359
2573
1397
5718
288
6898
7294
6504
7691
3755
4540
1005
4933
1790
8086
2966
5326
2182
688
6112
4146
3360
2574
1398
5719
289
6899
7295
6505
7692
3756
4541
1080
4934
1791
8087
2967
5327
2183
689
6113
4147
3361
2575
1399
5720
290
6900
7296
6506
7693
3757
4542
1081
4935
1792
8088
690
2968
5328
2184
6114
4148
3362
2576
1400
5721
291
6901
7297
6507
7694
3758
4543
1082
4936
1793
691
8089
5329
2969
2185
6115
4149
3363
2577
1401
5722
292
6902
7298
6508
7695
3759
4544
1083
4937
1794
692
8090
5330
2970
2186
6116
4150
1402
2578
3364
5723
293
7299
6903
6509
7696
3760
4545
1084
4938
1795
693
8091
5331
2971
2187
6117
4151
1403
2579
3365
5724
294
7300
6904
6510
7697
3761
4546
1085
4939
694
1796
8092
2972
5332
2188
6118
4152
1404
2580
3366
5725
295
7301
6905
6511
7698
3762
4547
1086
695
4940
1797
8093
5333
2973
2189
6119
4153
1405
2581
3367
5726
296
7302
6512
6906
7699
3763
4548
1087
696
4941
1798
8094
5334
2974
2190
6120
4154
1406
2582
3368
5727
297
7303
6513
7700
6907
3764
4549
1088
697
4942
1799
8095
5335
2975
2191
6121
4155
1481
2583
3369
5728
298
7304
6514
7701
6908
3765
4550
1089
698
4943
1800
8096
5336
2976
2192
6122
4156
1482
2584
3370
5729
299
7305
6515
7702
6909
3766
4551
1090
699
4944
1801
8097
5337
2977
2193
6123
4157
1483
2585
3371
5730
300
7306
6516
7703
3767
6910
4552
1091
700
4945
1802
8098
5338
2978
2194
6124
4158
1484
2586
3372
5731
301
7307
6517
7704
3768
4553
6911
1092
701
4946
1803
8099
5339
2979
2195
6125
1485
4159
2587
3373
5732
302
7308
6518
7705
3769
4554
6912
1093
702
4947
1804
8100
5340
2980
2196
6126
1486
4160
2588
3374
5733
303
7309
6519
7706
3770
4555
6913
1094
703
4948
1805
8101
5341
2981
2197
6127
1487
4161
2589
3375
5734
304
7310
3771
6520
7707
4556
6914
704
1095
4949
1806
5342
8102
2982
2198
6128
1488
4162
2590
3376
305
5735
7311
3772
6521
7708
4557
6915
705
1096
4950
1807
5343
8103
2983
2199
6129
1489
4163
2591
3377
306
5736
7312
3773
6522
7709
4558
6916
706
1097
4951
1882
5344
8104
2984
2200
6130
1490
4164
2592
3378
307
5737
7313
3774
7710
6523
4559
707
6917
1098
4952
1883
5345
8105
2985
2201
6131
1491
4165
2593
3379
308
5738
7314
3775
4560
7711
6524
708
1099
6918
4953
1884
8106
5346
2986
2202
6132
1492
4166
2594
3380
309
5739
7315
3776
4561
6525
7712
709
1100
6919
4954
1885
8107
2987
5347
2203
6133
1493
4167
2595
3381
310
5740
3777
7316
4562
7713
6526
710
1101
6920
4955
1886
2988
8108
5348
2204
6134
1494
4168
2596
3382
311
5741
3778
7317
4563
7714
6527
711
1102
6921
4956
1887
8109
2989
5349
2205
6135
1495
4169
2597
3383
312
5742
3779
7318
4564
7715
6528
712
1103
6922
4957
1888
8110
2990
5350
2206
6136
1496
4170
2598
3384
313
3780
5743
7319
4565
7716
6529
713
1104
4958
6923
1889
8111
2991
5351
2281
6137
1497
4171
2599
3385
314
3781
5744
4566
7320
7717
6530
714
1105
4959
1890
6924
8112
5352
2992
2282
6138
1498
4172
2600
3386
315
3782
5745
4567
7321
7718
6531
715
1106
4960
1891
6925
8113
2993
2283
5353
6139
1499
4173
2601
3387
3783
316
5746
4568
7322
7719
6532
716
1107
4961
1892
6926
8114
2994
2284
5354
6140
1500
4174
2602
3388
3784
317
4569
5747
7323
7720
717
6533
1108
4962
1893
6927
8115
2995
2285
5355
6141
1501
4175
2603
3389
3785
318
4570
5748
7324
7721
718
6534
1109
4963
1894
6928
8116
2996
2286
5356
6142
1502
4176
2604
3390
3786
319
4571
5749
7325
719
7722
6535
1110
4964
1895
8117
6929
2997
2287
5357
6143
1503
4177
2605
3787
3391
320
4572
5750
7326
720
7723
6536
1111
4965
1896
8118
2998
2288
5358
6930
6144
1504
4178
2680
3788
3392
4573
321
5751
721
7327
7724
6537
1112
4966
1897
8119
2999
2289
5359
6931
6145
1505
4179
2681
3789
3393
4574
322
722
5752
7328
7725
6538
1113
4967
1898
8120
3000
2290
5360
6932
6146
1506
4180
2682
3790
3394
4575
323
723
5753
7726
7329
6539
1114
4968
1899
8121
3001
2291
5361
6147
6933
1507
4181
2683
3791
4576
3395
324
724
5754
7727
7330
6540
1115
4969
1900
8122
3002
2292
5362
6148
1508
6934
4182
2684
3792
4577
3396
325
725
5755
7728
7331
6541
1116
4970
1901
8123
2293
3003
5363
6149
1509
6935
4183
2685
3793
4578
3397
326
726
5756
7729
7332
6542
1117
4971
1902
8124
3004
2294
5364
6150
1510
6936
2686
4184
3794
4579
727
3398
327
5757
7730
7333
6543
1118
4972
1903
8125
2295
3080
5365
6151
1511
6937
2687
4185
3795
4580
728
328
3399
5758
7731
7334
6544
1119
4973
1904
8126
2296
3081
5366
1512
6152
6938
2688
4186
3796
4581
729
329
3400
5759
7732
7335
6545
1120
4974
1905
8127
2297
3082
5367
6153
1513
6939
2689
4187
3797
4582
730
330
3401
5760
7733
7336
6546
1121
4975
1906
8128
2298
3083
5368
6154
1514
6940
2690
4188
3798
4583
731
331
3402
5761
7734
7337
6547
1122
4976
1907
8129
2299
3084
5369
1515
6155
6941
2691
4189
3799
4584
732
332
3403
5762
7735
7338
6548
1123
4977
1908
8130
2300
3085
5370
1516
6156
2692
6942
4190
3800
4585
733
333
3478
5763
7736
7339
6549
1124
4978
1909
8131
2301
3086
5371
1517
6157
2693
4191
6943
3801
4586
734
334
3479
5764
7737
7340
6550
1125
4979
1910
8132
2302
5372
3087
1518
6158
2694
4192
3802
6944
735
4587
335
3480
5765
7738
7341
6551
1126
4980
1911
8133
2303
5373
3088
1519
6159
2695
4193
3877
6945
736
4588
336
3481
5766
7739
7342
6552
1127
4981
1912
8134
2304
5374
3089
1520
6160
2696
3878
4194
737
4589
6946
337
3482
5767
7740
7343
6553
1128
4982
1913
8135
2305
5375
1521
3090
6161
3879
2697
4195
738
4590
6947
338
3483
5768
7741
7344
6554
1129
4983
1914
8136
2306
5376
1522
3091
6162
3880
2698
4196
739
4591
6948
339
3484
5769
7742
7345
6555
1130
4984
1915
8137
2307
5377
1523
3092
6163
3881
2699
740
4197
4592
6949
340
5770
3485
7743
7346
6556
1131
4985
1916
8138
2308
5378
1524
3093
6164
3882
2700
741
4198
4593
6950
341
5771
3486
7744
7347
6557
1132
4986
1917
2309
8139
1525
5379
3094
6165
3883
742
2701
4594
4199
6951
342
5772
3487
7745
7348
1133
6558
4987
1918
2310
8140
1526
5380
3095
6166
3884
743
2702
4595
4200
6952
343
5773
7746
3488
7349
1134
6559
4988
1919
2311
8141
1527
5381
3096
6167
3885
744
2703
4596
4201
6953
344
5774
7747
3489
7350
1135
6560
4989
1920
2312
8142
1528
5382
3097
6168
3886
745
4597
2704
4276
6954
345
5775
7748
3490
7351
1136
6561
4990
1921
2313
8143
1529
5383
3098
6169
3887
746
4598
2705
4277
6955
346
5776
7749
3491
7352
1137
6562
4991
1922
2314
8144
1530
5384
6170
3099
3888
747
4599
2706
4278
6956
347
7750
5777
7353
3492
1138
6563
4992
1923
2315
8145
1531
5385
6171
3100
748
3889
4600
2707
4279
348
6957
7751
5778
7354
3493
1139
6564
4993
1924
2316
1532
8146
5386
6172
3101
3890
749
4677
2708
4280
349
6958
7752
5779
7355
3494
1140
6565
4994
1925
2317
1533
8147
5387
6173
3102
3891
750
4678
2709
4281
350
6959
7753
5780
7356
3495
1141
6566
4995
1926
2318
1534
8148
5388
6174
3103
3892
751
4679
2710
4282
351
6960
7754
5781
7357
1142
3496
6567
4996
1927
2319
1535
8149
5389
6175
3893
752
3104
4680
2711
4283
352
7755
6961
5782
7358
1143
3497
6568
4997
1928
2320
1536
8150
5390
753
3894
6176
3105
4681
2712
4284
353
7756
6962
5783
7359
1144
3498
6569
4998
1929
2321
1537
8151
5391
754
3895
6177
3106
4689
2713
4285
354
7757
6963
5784
7360
1145
3499
6570
4999
1930
2322
1538
8152
5392
755
3896
6178
3107
4690
2714
4286
355
7758
5785
6964
7361
1146
3500
6571
5081
1931
2323
1539
8153
5393
756
3897
6179
3108
4691
2715
4287
356
7759
5786
7362
1147
6965
3501
5082
6572
1932
2324
1540
5394
8154
757
3898
6180
3109
4692
2716
4288
357
7760
5787
7363
1148
6966
3502
5083
1933
6573
2325
1541
5395
8155
758
3899
6181
3110
4693
2717
4289
358
7761
5788
7364
1149
6967
3503
1934
5084
6574
2326
1542
5396
759
8156
3900
6182
3111
4694
2718
4290
359
7762
7365
5789
1150
6968
3504
1935
5085
6575
2327
1543
760
5397
3901
8157
6183
3112
4695
2719
4291
360
7763
7366
1151
5790
6969
3505
1936
5086
6576
2328
1544
761
5398
3909
8158
6184
3113
4696
2720
4299
361
7764
7367
1152
5791
6970
3506
5087
1937
6577
2329
1545
762
3910
5481
8159
6185
3114
4697
2721
4300
362
7765
7368
1153
5792
3507
5088
6971
1938
6578
2330
1546
763
3911
5482
8160
6186
4698
3115
2722
4301
363
7766
7369
1154
5793
5089
1939
3508
6972
6579
2331
1547
764
3912
5483
8161
6187
4699
3116
2723
4302
364
7767
1155
7370
5794
5090
1940
3509
6973
6580
2332
765
1548
3913
5484
8162
6188
4700
3117
2724
4303
365
7768
1156
7371
5795
5091
1941
3510
6581
2333
6974
766
1549
3914
5485
8163
6189
4701
3118
2725
4304
366
7769
1157
7372
5796
5092
1942
3511
2334
6582
767
6975
1550
3915
5486
8164
6190
4702
3119
2726
4305
367
7770
1158
7373
5797
5093
1943
3519
2335
768
6583
1551
6976
3916
5487
8165
6191
4703
3120
2727
4306
368
7771
1159
7374
5879
5094
1944
769
2336
3520
6584
1552
3917
6977
5488
8166
6192
4704
3121
2728
4307
369
7772
1160
7375
5880
5095
1945
770
2337
3521
3918
6585
1553
6978
5489
8167
6193
4705
3129
2729
4308
370
7773
1161
7376
5881
5096
771
1946
2338
3919
3522
6586
1554
5490
6979
8168
6194
4706
3130
2730
4309
371
7774
1162
7377
5882
772
5097
1947
2339
3920
1555
3523
6587
5491
6980
8169
6195
4707
3131
2731
4310
372
7775
1163
7378
5883
773
5098
1948
2340
3921
1556
6588
3524
5492
6981
8170
4708
6196
3132
2739
4311
373
7776
1164
7379
5884
774
5099
1949
3922
2341
1557
6589
3525
5493
8171
6982
4709
6279
3133
2740
4312
374
7777
1165
7380
5885
775
5100
1950
3923
2349
1558
6590
3526
5494
8172
6983
4710
6280
3134
2741
4313
375
7778
1166
7381
5886
776
5101
3924
1951
2350
1559
6591
3527
5495
8173
6984
4711
6281
3135
2742
4314
376
7779
1167
7382
5887
777
3925
5102
1959
2351
1560
6592
5496
3528
8174
4712
6282
6985
3136
2743
4315
377
7780
1168
7383
778
5888
3926
5103
1960
2352
1561
6593
5497
3529
8175
4713
6283
6986
3137
2744
4316
378
7781
1169
7384
779
5889
3927
5104
2353
1961
1569
5498
6594
3530
8176
4714
6284
6987
3138
2745
4317
379
7782
1170
7385
780
5890
3928
5105
2354
1962
1570
5499
6595
3531
8177
4715
6285
6988
3139
2746
4318
380
7783
1171
7386
781
5891
3929
2355
5106
1963
1571
5500
6679
3532
8178
4716
6286
6989
3140
2747
4319
381
7784
1179
7387
789
5892
3930
2356
1964
5107
1572
5501
6680
3533
8179
4717
6287
6990
3141
2748
4320
382
7785
1180
790
7388
3931
5893
2357
1965
5108
1573
5502
6681
3534
8180
4718
6288
6991
3142
2749
4321
383
7786
1181
791
7389
3932
5894
2358
1966
5109
1574
5503
6682
3535
8181
4719
6289
6992
3143
2750
4322
7787
384
1182
792
7390
3933
5895
2359
1967
5110
1575
5504
6683
8182
3536
4720
6290
3144
6993
2751
4323
7788
385
1183
793
7391
3934
5896
2360
1968
5111
1576
5505
6684
8183
3537
4721
6291
3145
6994
2752
4324
386
7789
1184
794
7392
3935
5897
2361
1969
5112
1577
5506
6685
8184
4722
3538
6292
3146
2753
4325
7077
7790
1185
387
795
3936
7393
5898
2362
1970
5113
1578
5507
6686
8185
4723
3539
6293
3147
2754
4326
7078
1186
7791
388
796
3937
7478
5899
2363
1971
5114
1579
5508
6687
8186
4724
6294
3540
3148
2755
4327
7079
1187
797
7792
389
3938
7479
5900
2364
1972
1580
5115
5509
6688
8187
4725
6295
3541
3149
2756
4328
7080
798
1188
7876
390
3939
7480
2365
5901
1973
1581
5116
5510
8188
4726
6689
6296
3542
3150
2757
4329
7081
799
1189
7877
398
3940
7481
2366
5902
1974
1582
5117
5511
8189
4727
6690
6297
3543
3151
2758
4330
7082
1190
7878
399
3941
7482
2367
5903
1975
1583
5118
5512
4728
8190
6691
6298
3544
3152
2759
4331
7083
1191
7879
400
7483
2368
1976
5904
1584
5119
5513
8191
6692
6299
3545
4332
2760
3153
7084
401
7484
2369
1977
5905
5120
5514
6300
6693
3546
2761
4333
3154
7085
402
5906
3547
6694
7086
3548
7087
7088