0.5189413449907924
0.8853828498419616
1.4077701463392527
1.1153223495036595
1.4154719913005755
0.6540982610729927
1.373287204989654
1.3922187618948263
1.0998964730874525
1.1286979430071569
2.2649889594329777
2.4841436572734596
2.5346001497178765
0.6933584960411282
0.8065791082174524
0.603151903647135
2.2261954369056896
2.0049152214282384
0.9827408737464587
1.0340325508418455
1.9106332362532317
0.5876363139168594
0.6077144936317498
1.861217535571972
0.8029597542189869
0.5327167972260544
2.0379876065659253
0.8120118627328149