1.3883007675795103	24	(-1, -1, -1, -1, -1, -1, 1, 1, -1, -1, -1)	9.298381130239441
1.3883007675795103	96	(-1, -1, -1, -1, 1, 1, -1, -1, -1, -1, -1)	9.29838113024236
1.3883007675795103	97	(-1, -1, -1, -1, 1, 1, -1, -1, -1, -1, 1)	9.29838113024236
1.3883007675795103	98	(-1, -1, -1, -1, 1, 1, -1, -1, -1, 1, -1)	9.29838113024236
1.3883007675795103	99	(-1, -1, -1, -1, 1, 1, -1, -1, -1, 1, 1)	9.29838113024236
1.3883007675795103	120	(-1, -1, -1, -1, 1, 1, 1, 1, -1, -1, -1)	9.298381130216438
1.3883007675795103	121	(-1, -1, -1, -1, 1, 1, 1, 1, -1, -1, 1)	9.298381130216438
1.3883007675795103	231	(-1, -1, -1, 1, 1, 1, -1, -1, 1, 1, 1)	9.298381130229336
1.3883007675795103	280	(-1, -1, 1, -1, -1, -1, 1, 1, -1, -1, -1)	9.29838113024303
1.3883007675795103	390	(-1, -1, 1, 1, -1, -1, -1, -1, 1, 1, -1)	9.29838113025059
1.3883007675795103	391	(-1, -1, 1, 1, -1, -1, -1, -1, 1, 1, 1)	9.29838113025059
1.3883007675795103	480	(-1, -1, 1, 1, 1, 1, -1, -1, -1, -1, -1)	9.298381130233032
1.3883007675795103	481	(-1, -1, 1, 1, 1, 1, -1, -1, -1, -1, 1)	9.298381130233032
1.3883007675795103	482	(-1, -1, 1, 1, 1, 1, -1, -1, -1, 1, -1)	9.298381130233032
1.3883007675795103	483	(-1, -1, 1, 1, 1, 1, -1, -1, -1, 1, 1)	9.298381130233032
1.3883007675795103	484	(-1, -1, 1, 1, 1, 1, -1, -1, 1, -1, -1)	9.298381130233032
1.3883007675795103	485	(-1, -1, 1, 1, 1, 1, -1, -1, 1, -1, 1)	9.298381130233032
1.3883007675795103	486	(-1, -1, 1, 1, 1, 1, -1, -1, 1, 1, -1)	9.298381130233032
1.3883007675795103	487	(-1, -1, 1, 1, 1, 1, -1, -1, 1, 1, 1)	9.298381130232519
1.3883007675795103	536	(-1, 1, -1, -1, -1, -1, 1, 1, -1, -1, -1)	9.298381130264184
1.3883007675795103	632	(-1, 1, -1, -1, 1, 1, 1, 1, -1, -1, -1)	9.298381130270052
1.3883007675795103	633	(-1, 1, -1, -1, 1, 1, 1, 1, -1, -1, 1)	9.298381130270052
1.3883007675795103	743	(-1, 1, -1, 1, 1, 1, -1, -1, 1, 1, 1)	9.29838113031415
1.3883007675795103	792	(-1, 1, 1, -1, -1, -1, 1, 1, -1, -1, -1)	9.298381130275414
1.3883007675795103	902	(-1, 1, 1, 1, -1, -1, -1, -1, 1, 1, -1)	9.298381130185186
1.3883007675795103	903	(-1, 1, 1, 1, -1, -1, -1, -1, 1, 1, 1)	9.298381130185186
1.3883007675795103	924	(-1, 1, 1, 1, -1, -1, 1, 1, 1, -1, -1)	9.298381130206291
1.3883007675795103	925	(-1, 1, 1, 1, -1, -1, 1, 1, 1, -1, 1)	9.298381130206291
1.3883007675795103	926	(-1, 1, 1, 1, -1, -1, 1, 1, 1, 1, -1)	9.298381130206291
1.3883007675795103	927	(-1, 1, 1, 1, -1, -1, 1, 1, 1, 1, 1)	9.298381130206291
1.3883007675795103	999	(-1, 1, 1, 1, 1, 1, -1, -1, 1, 1, 1)	9.298381130260914
1.3883007675795103	1048	(1, -1, -1, -1, -1, -1, 1, 1, -1, -1, -1)	9.298381130260914
1.3883007675795103	1120	(1, -1, -1, -1, 1, 1, -1, -1, -1, -1, -1)	9.298381130206291
1.3883007675795103	1121	(1, -1, -1, -1, 1, 1, -1, -1, -1, -1, 1)	9.298381130206291
1.3883007675795103	1122	(1, -1, -1, -1, 1, 1, -1, -1, -1, 1, -1)	9.298381130206291
1.3883007675795103	1123	(1, -1, -1, -1, 1, 1, -1, -1, -1, 1, 1)	9.298381130206291
1.3883007675795103	1144	(1, -1, -1, -1, 1, 1, 1, 1, -1, -1, -1)	9.298381130185186
1.3883007675795103	1145	(1, -1, -1, -1, 1, 1, 1, 1, -1, -1, 1)	9.298381130185186
1.3883007675795103	1255	(1, -1, -1, 1, 1, 1, -1, -1, 1, 1, 1)	9.298381130275414
1.3883007675795103	1304	(1, -1, 1, -1, -1, -1, 1, 1, -1, -1, -1)	9.29838113031415
1.3883007675795103	1414	(1, -1, 1, 1, -1, -1, -1, -1, 1, 1, -1)	9.298381130270052
1.3883007675795103	1415	(1, -1, 1, 1, -1, -1, -1, -1, 1, 1, 1)	9.298381130270052
1.3883007675795103	1511	(1, -1, 1, 1, 1, 1, -1, -1, 1, 1, 1)	9.298381130264184
1.3883007675795103	1560	(1, 1, -1, -1, -1, -1, 1, 1, -1, -1, -1)	9.298381130232519
1.3883007675795103	1561	(1, 1, -1, -1, -1, -1, 1, 1, -1, -1, 1)	9.298381130233032
1.3883007675795103	1562	(1, 1, -1, -1, -1, -1, 1, 1, -1, 1, -1)	9.298381130233032
1.3883007675795103	1563	(1, 1, -1, -1, -1, -1, 1, 1, -1, 1, 1)	9.298381130233032
1.3883007675795103	1564	(1, 1, -1, -1, -1, -1, 1, 1, 1, -1, -1)	9.298381130233032
1.3883007675795103	1565	(1, 1, -1, -1, -1, -1, 1, 1, 1, -1, 1)	9.298381130233032
1.3883007675795103	1566	(1, 1, -1, -1, -1, -1, 1, 1, 1, 1, -1)	9.298381130233032
1.3883007675795103	1567	(1, 1, -1, -1, -1, -1, 1, 1, 1, 1, 1)	9.298381130233032
1.3883007675795103	1656	(1, 1, -1, -1, 1, 1, 1, 1, -1, -1, -1)	9.29838113025059
1.3883007675795103	1657	(1, 1, -1, -1, 1, 1, 1, 1, -1, -1, 1)	9.29838113025059
1.3883007675795103	1767	(1, 1, -1, 1, 1, 1, -1, -1, 1, 1, 1)	9.29838113024303
1.3883007675795103	1816	(1, 1, 1, -1, -1, -1, 1, 1, -1, -1, -1)	9.298381130229336
1.3883007675795103	1926	(1, 1, 1, 1, -1, -1, -1, -1, 1, 1, -1)	9.298381130216438
1.3883007675795103	1927	(1, 1, 1, 1, -1, -1, -1, -1, 1, 1, 1)	9.298381130216438
1.3883007675795103	1948	(1, 1, 1, 1, -1, -1, 1, 1, 1, -1, -1)	9.29838113024236
1.3883007675795103	1949	(1, 1, 1, 1, -1, -1, 1, 1, 1, -1, 1)	9.29838113024236
1.3883007675795103	1950	(1, 1, 1, 1, -1, -1, 1, 1, 1, 1, -1)	9.29838113024236
1.3883007675795103	1951	(1, 1, 1, 1, -1, -1, 1, 1, 1, 1, 1)	9.29838113024236
1.3883007675795103	2023	(1, 1, 1, 1, 1, 1, -1, -1, 1, 1, 1)	9.298381130239441
1.3913423602331	24	(-1, -1, -1, -1, -1, -1, 1, 1, -1, -1, -1)	8.1445559055025
1.3913423602331	25	(-1, -1, -1, -1, -1, -1, 1, 1, -1, -1, 1)	8.1445559055025
1.3913423602331	96	(-1, -1, -1, -1, 1, 1, -1, -1, -1, -1, -1)	8.14455590553673
1.3913423602331	97	(-1, -1, -1, -1, 1, 1, -1, -1, -1, -1, 1)	8.14455590553673
1.3913423602331	98	(-1, -1, -1, -1, 1, 1, -1, -1, -1, 1, -1)	8.14455590553673
1.3913423602331	99	(-1, -1, -1, -1, 1, 1, -1, -1, -1, 1, 1)	8.14455590553673
1.3913423602331	100	(-1, -1, -1, -1, 1, 1, -1, -1, 1, -1, -1)	8.14455590553673
1.3913423602331	101	(-1, -1, -1, -1, 1, 1, -1, -1, 1, -1, 1)	8.14455590553673
1.3913423602331	102	(-1, -1, -1, -1, 1, 1, -1, -1, 1, 1, -1)	8.144555905540305
1.3913423602331	103	(-1, -1, -1, -1, 1, 1, -1, -1, 1, 1, 1)	8.144555905540305
1.3913423602331	152	(-1, -1, -1, 1, -1, -1, 1, 1, -1, -1, -1)	8.144555905522514
1.3913423602331	153	(-1, -1, -1, 1, -1, -1, 1, 1, -1, -1, 1)	8.144555905522514
1.3913423602331	230	(-1, -1, -1, 1, 1, 1, -1, -1, 1, 1, -1)	8.144555905534405
1.3913423602331	231	(-1, -1, -1, 1, 1, 1, -1, -1, 1, 1, 1)	8.144555905534405
1.3913423602331	280	(-1, -1, 1, -1, -1, -1, 1, 1, -1, -1, -1)	8.144555905504518
1.3913423602331	281	(-1, -1, 1, -1, -1, -1, 1, 1, -1, -1, 1)	8.144555905504518
1.3913423602331	358	(-1, -1, 1, -1, 1, 1, -1, -1, 1, 1, -1)	8.1445559055509
1.3913423602331	359	(-1, -1, 1, -1, 1, 1, -1, -1, 1, 1, 1)	8.1445559055509
1.3913423602331	384	(-1, -1, 1, 1, -1, -1, -1, -1, -1, -1, -1)	8.144555905497432
1.3913423602331	385	(-1, -1, 1, 1, -1, -1, -1, -1, -1, -1, 1)	8.144555905497432
1.3913423602331	386	(-1, -1, 1, 1, -1, -1, -1, -1, -1, 1, -1)	8.144555905497432
1.3913423602331	387	(-1, -1, 1, 1, -1, -1, -1, -1, -1, 1, 1)	8.144555905497432
1.3913423602331	388	(-1, -1, 1, 1, -1, -1, -1, -1, 1, -1, -1)	8.144555905497432
1.3913423602331	389	(-1, -1, 1, 1, -1, -1, -1, -1, 1, -1, 1)	8.144555905497432
1.3913423602331	390	(-1, -1, 1, 1, -1, -1, -1, -1, 1, 1, -1)	8.144555905497432
1.3913423602331	391	(-1, -1, 1, 1, -1, -1, -1, -1, 1, 1, 1)	8.144555905497432
1.3913423602331	392	(-1, -1, 1, 1, -1, -1, -1, 1, -1, -1, -1)	8.144555905497432
1.3913423602331	393	(-1, -1, 1, 1, -1, -1, -1, 1, -1, -1, 1)	8.144555905497432
1.3913423602331	393	(-1, -1, 1, 1, -1, -1, -1, 1, -1, -1, 1)	8.144555905497432
1.3913423602331	394	(-1, -1, 1, 1, -1, -1, -1, 1, -1, 1, -1)	8.144555905497432
1.3913423602331	395	(-1, -1, 1, 1, -1, -1, -1, 1, -1, 1, 1)	8.144555905497432
1.3913423602331	396	(-1, -1, 1, 1, -1, -1, -1, 1, 1, -1, -1)	8.144555905497432
1.3913423602331	397	(-1, -1, 1, 1, -1, -1, -1, 1, 1, -1, 1)	8.144555905497432
1.3913423602331	398	(-1, -1, 1, 1, -1, -1, -1, 1, 1, 1, -1)	8.144555905497432
1.3913423602331	399	(-1, -1, 1, 1, -1, -1, -1, 1, 1, 1, 1)	8.144555905497432
1.3913423602331	400	(-1, -1, 1, 1, -1, -1, 1, -1, -1, -1, -1)	8.144555905497432
1.3913423602331	401	(-1, -1, 1, 1, -1, -1, 1, -1, -1, -1, 1)	8.144555905497432
1.3913423602331	402	(-1, -1, 1, 1, -1, -1, 1, -1, -1, 1, -1)	8.144555905497432
1.3913423602331	403	(-1, -1, 1, 1, -1, -1, 1, -1, -1, 1, 1)	8.144555905497432
1.3913423602331	404	(-1, -1, 1, 1, -1, -1, 1, -1, 1, -1, -1)	8.144555905497432
1.3913423602331	405	(-1, -1, 1, 1, -1, -1, 1, -1, 1, -1, 1)	8.144555905497432
1.3913423602331	406	(-1, -1, 1, 1, -1, -1, 1, -1, 1, 1, -1)	8.144555905497432
1.3913423602331	407	(-1, -1, 1, 1, -1, -1, 1, -1, 1, 1, 1)	8.144555905497432
1.3913423602331	408	(-1, -1, 1, 1, -1, -1, 1, 1, -1, -1, -1)	8.14455590550707
1.3913423602331	409	(-1, -1, 1, 1, -1, -1, 1, 1, -1, -1, 1)	8.14455590550707
1.3913423602331	410	(-1, -1, 1, 1, -1, -1, 1, 1, -1, 1, -1)	8.144555905502251
1.3913423602331	411	(-1, -1, 1, 1, -1, -1, 1, 1, -1, 1, 1)	8.144555905502251
1.3913423602331	412	(-1, -1, 1, 1, -1, -1, 1, 1, 1, -1, -1)	8.144555905502251
1.3913423602331	413	(-1, -1, 1, 1, -1, -1, 1, 1, 1, -1, 1)	8.144555905502251
1.3913423602331	414	(-1, -1, 1, 1, -1, -1, 1, 1, 1, 1, -1)	8.144555905502251
1.3913423602331	415	(-1, -1, 1, 1, -1, -1, 1, 1, 1, 1, 1)	8.144555905502251
1.3913423602331	486	(-1, -1, 1, 1, 1, 1, -1, -1, 1, 1, -1)	8.144555905521699
1.3913423602331	487	(-1, -1, 1, 1, 1, 1, -1, -1, 1, 1, 1)	8.144555905521699
1.3913423602331	536	(-1, 1, -1, -1, -1, -1, 1, 1, -1, -1, -1)	8.144555905556567
1.3913423602331	537	(-1, 1, -1, -1, -1, -1, 1, 1, -1, -1, 1)	8.144555905556567
1.3913423602331	608	(-1, 1, -1, -1, 1, 1, -1, -1, -1, -1, -1)	8.144555905509144
1.3913423602331	609	(-1, 1, -1, -1, 1, 1, -1, -1, -1, -1, 1)	8.144555905509144
1.3913423602331	610	(-1, 1, -1, -1, 1, 1, -1, -1, -1, 1, -1)	8.144555905509144
1.3913423602331	611	(-1, 1, -1, -1, 1, 1, -1, -1, -1, 1, 1)	8.144555905509144
1.3913423602331	612	(-1, 1, -1, -1, 1, 1, -1, -1, 1, -1, -1)	8.144555905509144
1.3913423602331	613	(-1, 1, -1, -1, 1, 1, -1, -1, 1, -1, 1)	8.144555905509144
1.3913423602331	614	(-1, 1, -1, -1, 1, 1, -1, -1, 1, 1, -1)	8.144555905510167
1.3913423602331	615	(-1, 1, -1, -1, 1, 1, -1, -1, 1, 1, 1)	8.144555905510167
1.3913423602331	664	(-1, 1, -1, 1, -1, -1, 1, 1, -1, -1, -1)	8.144555905526735
1.3913423602331	665	(-1, 1, -1, 1, -1, -1, 1, 1, -1, -1, 1)	8.144555905526735
1.3913423602331	742	(-1, 1, -1, 1, 1, 1, -1, -1, 1, 1, -1)	8.14455590550802
1.3913423602331	743	(-1, 1, -1, 1, 1, 1, -1, -1, 1, 1, 1)	8.14455590550802
1.3913423602331	792	(-1, 1, 1, -1, -1, -1, 1, 1, -1, -1, -1)	8.144555905518885
1.3913423602331	793	(-1, 1, 1, -1, -1, -1, 1, 1, -1, -1, 1)	8.144555905518885
1.3913423602331	870	(-1, 1, 1, -1, 1, 1, -1, -1, 1, 1, -1)	8.144555905498468
1.3913423602331	871	(-1, 1, 1, -1, 1, 1, -1, -1, 1, 1, 1)	8.144555905498468
1.3913423602331	920	(-1, 1, 1, 1, -1, -1, 1, 1, -1, -1, -1)	8.144555905562362
1.3913423602331	921	(-1, 1, 1, 1, -1, -1, 1, 1, -1, -1, 1)	8.144555905562362
1.3913423602331	922	(-1, 1, 1, 1, -1, -1, 1, 1, -1, 1, -1)	8.144555905545529
1.3913423602331	923	(-1, 1, 1, 1, -1, -1, 1, 1, -1, 1, 1)	8.144555905545529
1.3913423602331	924	(-1, 1, 1, 1, -1, -1, 1, 1, 1, -1, -1)	8.144555905545529
1.3913423602331	925	(-1, 1, 1, 1, -1, -1, 1, 1, 1, -1, 1)	8.144555905545529
1.3913423602331	926	(-1, 1, 1, 1, -1, -1, 1, 1, 1, 1, -1)	8.144555905545529
1.3913423602331	927	(-1, 1, 1, 1, -1, -1, 1, 1, 1, 1, 1)	8.144555905545529
1.3913423602331	998	(-1, 1, 1, 1, 1, 1, -1, -1, 1, 1, -1)	8.144555905482356
1.3913423602331	999	(-1, 1, 1, 1, 1, 1, -1, -1, 1, 1, 1)	8.144555905482356
1.3913423602331	1048	(1, -1, -1, -1, -1, -1, 1, 1, -1, -1, -1)	8.144555905482356
1.3913423602331	1049	(1, -1, -1, -1, -1, -1, 1, 1, -1, -1, 1)	8.144555905482356
1.3913423602331	1120	(1, -1, -1, -1, 1, 1, -1, -1, -1, -1, -1)	8.144555905545529
1.3913423602331	1121	(1, -1, -1, -1, 1, 1, -1, -1, -1, -1, 1)	8.144555905545529
1.3913423602331	1122	(1, -1, -1, -1, 1, 1, -1, -1, -1, 1, -1)	8.144555905545529
1.3913423602331	1123	(1, -1, -1, -1, 1, 1, -1, -1, -1, 1, 1)	8.144555905545529
1.3913423602331	1124	(1, -1, -1, -1, 1, 1, -1, -1, 1, -1, -1)	8.144555905545529
1.3913423602331	1125	(1, -1, -1, -1, 1, 1, -1, -1, 1, -1, 1)	8.144555905545529
1.3913423602331	1126	(1, -1, -1, -1, 1, 1, -1, -1, 1, 1, -1)	8.144555905562362
1.3913423602331	1127	(1, -1, -1, -1, 1, 1, -1, -1, 1, 1, 1)	8.144555905562362
1.3913423602331	1176	(1, -1, -1, 1, -1, -1, 1, 1, -1, -1, -1)	8.144555905498468
1.3913423602331	1177	(1, -1, -1, 1, -1, -1, 1, 1, -1, -1, 1)	8.144555905498468
1.3913423602331	1254	(1, -1, -1, 1, 1, 1, -1, -1, 1, 1, -1)	8.144555905518885
1.3913423602331	1255	(1, -1, -1, 1, 1, 1, -1, -1, 1, 1, 1)	8.144555905518885
1.3913423602331	1304	(1, -1, 1, -1, -1, -1, 1, 1, -1, -1, -1)	8.14455590550802
1.3913423602331	1305	(1, -1, 1, -1, -1, -1, 1, 1, -1, -1, 1)	8.14455590550802
1.3913423602331	1382	(1, -1, 1, -1, 1, 1, -1, -1, 1, 1, -1)	8.144555905526735
1.3913423602331	1383	(1, -1, 1, -1, 1, 1, -1, -1, 1, 1, 1)	8.144555905526735
1.3913423602331	1432	(1, -1, 1, 1, -1, -1, 1, 1, -1, -1, -1)	8.144555905510167
1.3913423602331	1433	(1, -1, 1, 1, -1, -1, 1, 1, -1, -1, 1)	8.144555905510167
1.3913423602331	1434	(1, -1, 1, 1, -1, -1, 1, 1, -1, 1, -1)	8.144555905509144
1.3913423602331	1435	(1, -1, 1, 1, -1, -1, 1, 1, -1, 1, 1)	8.144555905509144
1.3913423602331	1436	(1, -1, 1, 1, -1, -1, 1, 1, 1, -1, -1)	8.144555905509144
1.3913423602331	1437	(1, -1, 1, 1, -1, -1, 1, 1, 1, -1, 1)	8.144555905509144
1.3913423602331	1438	(1, -1, 1, 1, -1, -1, 1, 1, 1, 1, -1)	8.144555905509144
1.3913423602331	1439	(1, -1, 1, 1, -1, -1, 1, 1, 1, 1, 1)	8.144555905509144
1.3913423602331	1510	(1, -1, 1, 1, 1, 1, -1, -1, 1, 1, -1)	8.144555905556567
1.3913423602331	1511	(1, -1, 1, 1, 1, 1, -1, -1, 1, 1, 1)	8.144555905556567
1.3913423602331	1560	(1, 1, -1, -1, -1, -1, 1, 1, -1, -1, -1)	8.144555905521699
1.3913423602331	1561	(1, 1, -1, -1, -1, -1, 1, 1, -1, -1, 1)	8.144555905521699
1.3913423602331	1632	(1, 1, -1, -1, 1, 1, -1, -1, -1, -1, -1)	8.144555905502251
1.3913423602331	1633	(1, 1, -1, -1, 1, 1, -1, -1, -1, -1, 1)	8.144555905502251
1.3913423602331	1634	(1, 1, -1, -1, 1, 1, -1, -1, -1, 1, -1)	8.144555905502251
1.3913423602331	1635	(1, 1, -1, -1, 1, 1, -1, -1, -1, 1, 1)	8.144555905502251
1.3913423602331	1636	(1, 1, -1, -1, 1, 1, -1, -1, 1, -1, -1)	8.144555905502251
1.3913423602331	1637	(1, 1, -1, -1, 1, 1, -1, -1, 1, -1, 1)	8.144555905502251
1.3913423602331	1638	(1, 1, -1, -1, 1, 1, -1, -1, 1, 1, -1)	8.14455590550707
1.3913423602331	1639	(1, 1, -1, -1, 1, 1, -1, -1, 1, 1, 1)	8.14455590550707
1.3913423602331	1640	(1, 1, -1, -1, 1, 1, -1, 1, -1, -1, -1)	8.144555905497432
1.3913423602331	1641	(1, 1, -1, -1, 1, 1, -1, 1, -1, -1, 1)	8.144555905497432
1.3913423602331	1642	(1, 1, -1, -1, 1, 1, -1, 1, -1, 1, -1)	8.144555905497432
1.3913423602331	1643	(1, 1, -1, -1, 1, 1, -1, 1, -1, 1, 1)	8.144555905497432
1.3913423602331	1644	(1, 1, -1, -1, 1, 1, -1, 1, 1, -1, -1)	8.144555905497432
1.3913423602331	1645	(1, 1, -1, -1, 1, 1, -1, 1, 1, -1, 1)	8.144555905497432
1.3913423602331	1646	(1, 1, -1, -1, 1, 1, -1, 1, 1, 1, -1)	8.144555905497432
1.3913423602331	1647	(1, 1, -1, -1, 1, 1, -1, 1, 1, 1, 1)	8.144555905497432
1.3913423602331	1648	(1, 1, -1, -1, 1, 1, 1, -1, -1, -1, -1)	8.144555905497432
1.3913423602331	1649	(1, 1, -1, -1, 1, 1, 1, -1, -1, -1, 1)	8.144555905497432
1.3913423602331	1650	(1, 1, -1, -1, 1, 1, 1, -1, -1, 1, -1)	8.144555905497432
1.3913423602331	1651	(1, 1, -1, -1, 1, 1, 1, -1, -1, 1, 1)	8.144555905497432
1.3913423602331	1652	(1, 1, -1, -1, 1, 1, 1, -1, 1, -1, -1)	8.144555905497432
1.3913423602331	1653	(1, 1, -1, -1, 1, 1, 1, -1, 1, -1, 1)	8.144555905497432
1.3913423602331	1654	(1, 1, -1, -1, 1, 1, 1, -1, 1, 1, -1)	8.144555905497432
1.3913423602331	1655	(1, 1, -1, -1, 1, 1, 1, -1, 1, 1, 1)	8.144555905497432
1.3913423602331	1656	(1, 1, -1, -1, 1, 1, 1, 1, -1, -1, -1)	8.144555905497432
1.3913423602331	1657	(1, 1, -1, -1, 1, 1, 1, 1, -1, -1, 1)	8.144555905497432
1.3913423602331	1658	(1, 1, -1, -1, 1, 1, 1, 1, -1, 1, -1)	8.144555905497432
1.3913423602331	1659	(1, 1, -1, -1, 1, 1, 1, 1, -1, 1, 1)	8.144555905497432
1.3913423602331	1660	(1, 1, -1, -1, 1, 1, 1, 1, 1, -1, -1)	8.144555905497432
1.3913423602331	1661	(1, 1, -1, -1, 1, 1, 1, 1, 1, -1, 1)	8.144555905497432
1.3913423602331	1662	(1, 1, -1, -1, 1, 1, 1, 1, 1, 1, -1)	8.144555905497432
1.3913423602331	1663	(1, 1, -1, -1, 1, 1, 1, 1, 1, 1, 1)	8.144555905497432
1.3913423602331	1688	(1, 1, -1, 1, -1, -1, 1, 1, -1, -1, -1)	8.1445559055509
1.3913423602331	1689	(1, 1, -1, 1, -1, -1, 1, 1, -1, -1, 1)	8.1445559055509
1.3913423602331	1766	(1, 1, -1, 1, 1, 1, -1, -1, 1, 1, -1)	8.144555905504518
1.3913423602331	1767	(1, 1, -1, 1, 1, 1, -1, -1, 1, 1, 1)	8.144555905504518
1.3913423602331	1816	(1, 1, 1, -1, -1, -1, 1, 1, -1, -1, -1)	8.144555905534405
1.3913423602331	1817	(1, 1, 1, -1, -1, -1, 1, 1, -1, -1, 1)	8.144555905534405
1.3913423602331	1894	(1, 1, 1, -1, 1, 1, -1, -1, 1, 1, -1)	8.144555905522514
1.3913423602331	1895	(1, 1, 1, -1, 1, 1, -1, -1, 1, 1, 1)	8.144555905522514
1.3913423602331	1944	(1, 1, 1, 1, -1, -1, 1, 1, -1, -1, -1)	8.144555905540305
1.3913423602331	1945	(1, 1, 1, 1, -1, -1, 1, 1, -1, -1, 1)	8.144555905540305
1.3913423602331	1946	(1, 1, 1, 1, -1, -1, 1, 1, -1, 1, -1)	8.14455590553673
1.3913423602331	1947	(1, 1, 1, 1, -1, -1, 1, 1, -1, 1, 1)	8.14455590553673
1.3913423602331	1948	(1, 1, 1, 1, -1, -1, 1, 1, 1, -1, -1)	8.14455590553673
1.3913423602331	1949	(1, 1, 1, 1, -1, -1, 1, 1, 1, -1, 1)	8.14455590553673
1.3913423602331	1950	(1, 1, 1, 1, -1, -1, 1, 1, 1, 1, -1)	8.14455590553673
1.3913423602331	1951	(1, 1, 1, 1, -1, -1, 1, 1, 1, 1, 1)	8.14455590553673
1.3913423602331	2022	(1, 1, 1, 1, 1, 1, -1, -1, 1, 1, -1)	8.1445559055025
1.3913423602331	2023	(1, 1, 1, 1, 1, 1, -1, -1, 1, 1, 1)	8.1445559055025
1.39438395288669	24	(-1, -1, -1, -1, -1, -1, 1, 1, -1, -1, -1)	4.611676438739089
1.39438395288669	25	(-1, -1, -1, -1, -1, -1, 1, 1, -1, -1, 1)	5.543505341900728
1.39438395288669	96	(-1, -1, -1, -1, 1, 1, -1, -1, -1, -1, -1)	4.611676438769516
1.39438395288669	97	(-1, -1, -1, -1, 1, 1, -1, -1, -1, -1, 1)	4.611676438769516
1.39438395288669	98	(-1, -1, -1, -1, 1, 1, -1, -1, -1, 1, -1)	4.611676438769516
1.39438395288669	99	(-1, -1, -1, -1, 1, 1, -1, -1, -1, 1, 1)	4.611676438769516
1.39438395288669	100	(-1, -1, -1, -1, 1, 1, -1, -1, 1, -1, -1)	5.543505341937637
1.39438395288669	101	(-1, -1, -1, -1, 1, 1, -1, -1, 1, -1, 1)	5.543505341937637
1.39438395288669	102	(-1, -1, -1, -1, 1, 1, -1, -1, 1, 1, -1)	6.475334245087593
1.39438395288669	103	(-1, -1, -1, -1, 1, 1, -1, -1, 1, 1, 1)	5.543505341930183
1.39438395288669	152	(-1, -1, -1, 1, -1, -1, 1, 1, -1, -1, -1)	5.5435053418883165
1.39438395288669	153	(-1, -1, -1, 1, -1, -1, 1, 1, -1, -1, 1)	6.475334245038044
1.39438395288669	230	(-1, -1, -1, 1, 1, 1, -1, -1, 1, 1, -1)	5.543505341934969
1.39438395288669	231	(-1, -1, -1, 1, 1, 1, -1, -1, 1, 1, 1)	4.611676438751601
1.39438395288669	280	(-1, -1, 1, -1, -1, -1, 1, 1, -1, -1, -1)	4.6116764387439035
1.39438395288669	281	(-1, -1, 1, -1, -1, -1, 1, 1, -1, -1, 1)	5.543505341916316
1.39438395288669	358	(-1, -1, 1, -1, 1, 1, -1, -1, 1, 1, -1)	6.475334245050088
1.39438395288669	359	(-1, -1, 1, -1, 1, 1, -1, -1, 1, 1, 1)	5.543505341896534
1.39438395288669	384	(-1, -1, 1, 1, -1, -1, -1, -1, -1, -1, -1)	4.611676438715718
1.39438395288669	385	(-1, -1, 1, 1, -1, -1, -1, -1, -1, -1, 1)	4.611676438715718
1.39438395288669	386	(-1, -1, 1, 1, -1, -1, -1, -1, -1, 1, -1)	4.611676438715718
1.39438395288669	387	(-1, -1, 1, 1, -1, -1, -1, -1, -1, 1, 1)	4.611676438715718
1.39438395288669	388	(-1, -1, 1, 1, -1, -1, -1, -1, 1, -1, -1)	4.611676438715718
1.39438395288669	389	(-1, -1, 1, 1, -1, -1, -1, -1, 1, -1, 1)	4.611676438715718
1.39438395288669	390	(-1, -1, 1, 1, -1, -1, -1, -1, 1, 1, -1)	4.611676438715718
1.39438395288669	391	(-1, -1, 1, 1, -1, -1, -1, -1, 1, 1, 1)	4.611676438715718
1.39438395288669	392	(-1, -1, 1, 1, -1, -1, -1, 1, -1, -1, -1)	4.611676438715718
1.39438395288669	393	(-1, -1, 1, 1, -1, -1, -1, 1, -1, -1, 1)	4.611676438715718
1.39438395288669	394	(-1, -1, 1, 1, -1, -1, -1, 1, -1, 1, -1)	4.611676438715718
1.39438395288669	395	(-1, -1, 1, 1, -1, -1, -1, 1, -1, 1, 1)	4.611676438715718
1.39438395288669	396	(-1, -1, 1, 1, -1, -1, -1, 1, 1, -1, -1)	4.611676438715718
1.39438395288669	397	(-1, -1, 1, 1, -1, -1, -1, 1, 1, -1, 1)	4.611676438715718
1.39438395288669	398	(-1, -1, 1, 1, -1, -1, -1, 1, 1, 1, -1)	4.611676438715718
1.39438395288669	399	(-1, -1, 1, 1, -1, -1, -1, 1, 1, 1, 1)	4.611676438715718
1.39438395288669	400	(-1, -1, 1, 1, -1, -1, 1, -1, -1, -1, -1)	5.543505341881042
1.39438395288669	401	(-1, -1, 1, 1, -1, -1, 1, -1, -1, -1, 1)	5.543505341881042
1.39438395288669	402	(-1, -1, 1, 1, -1, -1, 1, -1, -1, 1, -1)	5.543505341881042
1.39438395288669	403	(-1, -1, 1, 1, -1, -1, 1, -1, -1, 1, 1)	5.543505341881042
1.39438395288669	404	(-1, -1, 1, 1, -1, -1, 1, -1, 1, -1, -1)	5.543505341881042
1.39438395288669	405	(-1, -1, 1, 1, -1, -1, 1, -1, 1, -1, 1)	5.543505341881042
1.39438395288669	406	(-1, -1, 1, 1, -1, -1, 1, -1, 1, 1, -1)	5.543505341881042
1.39438395288669	407	(-1, -1, 1, 1, -1, -1, 1, -1, 1, 1, 1)	5.543505341881042
1.39438395288669	408	(-1, -1, 1, 1, -1, -1, 1, 1, -1, -1, -1)	6.475334245044101
1.39438395288669	409	(-1, -1, 1, 1, -1, -1, 1, 1, -1, -1, 1)	6.475334245043948
1.39438395288669	410	(-1, -1, 1, 1, -1, -1, 1, 1, -1, 1, -1)	6.475334245046367
1.39438395288669	411	(-1, -1, 1, 1, -1, -1, 1, 1, -1, 1, 1)	6.475334245046367
1.39438395288669	412	(-1, -1, 1, 1, -1, -1, 1, 1, 1, -1, -1)	5.543505341895674
1.39438395288669	413	(-1, -1, 1, 1, -1, -1, 1, 1, 1, -1, 1)	5.543505341895674
1.39438395288669	414	(-1, -1, 1, 1, -1, -1, 1, 1, 1, 1, -1)	5.543505341895674
1.39438395288669	415	(-1, -1, 1, 1, -1, -1, 1, 1, 1, 1, 1)	5.543505341895674
1.39438395288669	486	(-1, -1, 1, 1, 1, 1, -1, -1, 1, 1, -1)	5.543505341937372
1.39438395288669	487	(-1, -1, 1, 1, 1, 1, -1, -1, 1, 1, 1)	4.611676438752081
1.39438395288669	536	(-1, 1, -1, -1, -1, -1, 1, 1, -1, -1, -1)	4.611676438728777
1.39438395288669	537	(-1, 1, -1, -1, -1, -1, 1, 1, -1, -1, 1)	5.543505341911623
1.39438395288669	608	(-1, 1, -1, -1, 1, 1, -1, -1, -1, -1, -1)	5.543505341898664
1.39438395288669	609	(-1, 1, -1, -1, 1, 1, -1, -1, -1, -1, 1)	5.543505341898664
1.39438395288669	610	(-1, 1, -1, -1, 1, 1, -1, -1, -1, 1, -1)	5.543505341898664
1.39438395288669	611	(-1, 1, -1, -1, 1, 1, -1, -1, -1, 1, 1)	5.543505341898664
1.39438395288669	612	(-1, 1, -1, -1, 1, 1, -1, -1, 1, -1, -1)	6.475334245054286
1.39438395288669	613	(-1, 1, -1, -1, 1, 1, -1, -1, 1, -1, 1)	6.475334245054286
1.39438395288669	614	(-1, 1, -1, -1, 1, 1, -1, -1, 1, 1, -1)	6.475334245044551
1.39438395288669	615	(-1, 1, -1, -1, 1, 1, -1, -1, 1, 1, 1)	6.475334245034816
1.39438395288669	664	(-1, 1, -1, 1, -1, -1, 1, 1, -1, -1, -1)	5.5435053419246
1.39438395288669	665	(-1, 1, -1, 1, -1, -1, 1, 1, -1, -1, 1)	6.475334245092583
1.39438395288669	742	(-1, 1, -1, 1, 1, 1, -1, -1, 1, 1, -1)	5.54350534187307
1.39438395288669	743	(-1, 1, -1, 1, 1, 1, -1, -1, 1, 1, 1)	4.611676438694625
1.39438395288669	792	(-1, 1, 1, -1, -1, -1, 1, 1, -1, -1, -1)	4.611676438731014
1.39438395288669	793	(-1, 1, 1, -1, -1, -1, 1, 1, -1, -1, 1)	5.54350534190978
1.39438395288669	870	(-1, 1, 1, -1, 1, 1, -1, -1, 1, 1, -1)	6.475334245040291
1.39438395288669	871	(-1, 1, 1, -1, 1, 1, -1, -1, 1, 1, 1)	5.543505341884531
1.39438395288669	920	(-1, 1, 1, 1, -1, -1, 1, 1, -1, -1, -1)	5.543505341901012
1.39438395288669	921	(-1, 1, 1, 1, -1, -1, 1, 1, -1, -1, 1)	6.475334245064908
1.39438395288669	922	(-1, 1, 1, 1, -1, -1, 1, 1, -1, 1, -1)	5.543505341907094
1.39438395288669	923	(-1, 1, 1, 1, -1, -1, 1, 1, -1, 1, 1)	5.543505341907094
1.39438395288669	924	(-1, 1, 1, 1, -1, -1, 1, 1, 1, -1, -1)	4.611676438737116
1.39438395288669	925	(-1, 1, 1, 1, -1, -1, 1, 1, 1, -1, 1)	4.611676438737116
1.39438395288669	926	(-1, 1, 1, 1, -1, -1, 1, 1, 1, 1, -1)	4.611676438737116
1.39438395288669	927	(-1, 1, 1, 1, -1, -1, 1, 1, 1, 1, 1)	4.611676438737116
1.39438395288669	998	(-1, 1, 1, 1, 1, 1, -1, -1, 1, 1, -1)	5.543505341882174
1.39438395288669	999	(-1, 1, 1, 1, 1, 1, -1, -1, 1, 1, 1)	4.611676438715138
1.39438395288669	1048	(1, -1, -1, -1, -1, -1, 1, 1, -1, -1, -1)	4.611676438715138
1.39438395288669	1049	(1, -1, -1, -1, -1, -1, 1, 1, -1, -1, 1)	5.543505341882174
1.39438395288669	1120	(1, -1, -1, -1, 1, 1, -1, -1, -1, -1, -1)	4.611676438737116
1.39438395288669	1121	(1, -1, -1, -1, 1, 1, -1, -1, -1, -1, 1)	4.611676438737116
1.39438395288669	1122	(1, -1, -1, -1, 1, 1, -1, -1, -1, 1, -1)	4.611676438737116
1.39438395288669	1123	(1, -1, -1, -1, 1, 1, -1, -1, -1, 1, 1)	4.611676438737116
1.39438395288669	1124	(1, -1, -1, -1, 1, 1, -1, -1, 1, -1, -1)	5.543505341907094
1.39438395288669	1125	(1, -1, -1, -1, 1, 1, -1, -1, 1, -1, 1)	5.543505341907094
1.39438395288669	1126	(1, -1, -1, -1, 1, 1, -1, -1, 1, 1, -1)	6.475334245064908
1.39438395288669	1127	(1, -1, -1, -1, 1, 1, -1, -1, 1, 1, 1)	5.543505341901012
1.39438395288669	1176	(1, -1, -1, 1, -1, -1, 1, 1, -1, -1, -1)	5.543505341884531
1.39438395288669	1177	(1, -1, -1, 1, -1, -1, 1, 1, -1, -1, 1)	6.475334245040291
1.39438395288669	1254	(1, -1, -1, 1, 1, 1, -1, -1, 1, 1, -1)	5.54350534190978
1.39438395288669	1255	(1, -1, -1, 1, 1, 1, -1, -1, 1, 1, 1)	4.611676438731014
1.39438395288669	1304	(1, -1, 1, -1, -1, -1, 1, 1, -1, -1, -1)	4.611676438694625
1.39438395288669	1305	(1, -1, 1, -1, -1, -1, 1, 1, -1, -1, 1)	5.54350534187307
1.39438395288669	1382	(1, -1, 1, -1, 1, 1, -1, -1, 1, 1, -1)	6.475334245092583
1.39438395288669	1383	(1, -1, 1, -1, 1, 1, -1, -1, 1, 1, 1)	5.5435053419246
1.39438395288669	1432	(1, -1, 1, 1, -1, -1, 1, 1, -1, -1, -1)	6.475334245034816
1.39438395288669	1433	(1, -1, 1, 1, -1, -1, 1, 1, -1, -1, 1)	6.475334245044551
1.39438395288669	1434	(1, -1, 1, 1, -1, -1, 1, 1, -1, 1, -1)	6.475334245054286
1.39438395288669	1435	(1, -1, 1, 1, -1, -1, 1, 1, -1, 1, 1)	6.475334245054286
1.39438395288669	1436	(1, -1, 1, 1, -1, -1, 1, 1, 1, -1, -1)	5.543505341898664
1.39438395288669	1437	(1, -1, 1, 1, -1, -1, 1, 1, 1, -1, 1)	5.543505341898664
1.39438395288669	1438	(1, -1, 1, 1, -1, -1, 1, 1, 1, 1, -1)	5.543505341898664
1.39438395288669	1439	(1, -1, 1, 1, -1, -1, 1, 1, 1, 1, 1)	5.543505341898664
1.39438395288669	1510	(1, -1, 1, 1, 1, 1, -1, -1, 1, 1, -1)	5.543505341911623
1.39438395288669	1511	(1, -1, 1, 1, 1, 1, -1, -1, 1, 1, 1)	4.611676438728777
1.39438395288669	1560	(1, 1, -1, -1, -1, -1, 1, 1, -1, -1, -1)	4.611676438752081
1.39438395288669	1561	(1, 1, -1, -1, -1, -1, 1, 1, -1, -1, 1)	5.543505341937372
1.39438395288669	1632	(1, 1, -1, -1, 1, 1, -1, -1, -1, -1, -1)	5.543505341895674
1.39438395288669	1633	(1, 1, -1, -1, 1, 1, -1, -1, -1, -1, 1)	5.543505341895674
1.39438395288669	1634	(1, 1, -1, -1, 1, 1, -1, -1, -1, 1, -1)	5.543505341895674
1.39438395288669	1635	(1, 1, -1, -1, 1, 1, -1, -1, -1, 1, 1)	5.543505341895674
1.39438395288669	1636	(1, 1, -1, -1, 1, 1, -1, -1, 1, -1, -1)	6.475334245046367
1.39438395288669	1637	(1, 1, -1, -1, 1, 1, -1, -1, 1, -1, 1)	6.475334245046367
1.39438395288669	1638	(1, 1, -1, -1, 1, 1, -1, -1, 1, 1, -1)	6.475334245043948
1.39438395288669	1639	(1, 1, -1, -1, 1, 1, -1, -1, 1, 1, 1)	6.475334245044101
1.39438395288669	1640	(1, 1, -1, -1, 1, 1, -1, 1, -1, -1, -1)	5.543505341881042
1.39438395288669	1641	(1, 1, -1, -1, 1, 1, -1, 1, -1, -1, 1)	5.543505341881042
1.39438395288669	1642	(1, 1, -1, -1, 1, 1, -1, 1, -1, 1, -1)	5.543505341881042
1.39438395288669	1643	(1, 1, -1, -1, 1, 1, -1, 1, -1, 1, 1)	5.543505341881042
1.39438395288669	1644	(1, 1, -1, -1, 1, 1, -1, 1, 1, -1, -1)	5.543505341881042
1.39438395288669	1645	(1, 1, -1, -1, 1, 1, -1, 1, 1, -1, 1)	5.543505341881042
1.39438395288669	1646	(1, 1, -1, -1, 1, 1, -1, 1, 1, 1, -1)	5.543505341881042
1.39438395288669	1647	(1, 1, -1, -1, 1, 1, -1, 1, 1, 1, 1)	5.543505341881042
1.39438395288669	1648	(1, 1, -1, -1, 1, 1, 1, -1, -1, -1, -1)	4.611676438715718
1.39438395288669	1649	(1, 1, -1, -1, 1, 1, 1, -1, -1, -1, 1)	4.611676438715718
1.39438395288669	1650	(1, 1, -1, -1, 1, 1, 1, -1, -1, 1, -1)	4.611676438715718
1.39438395288669	1651	(1, 1, -1, -1, 1, 1, 1, -1, -1, 1, 1)	4.611676438715718
1.39438395288669	1652	(1, 1, -1, -1, 1, 1, 1, -1, 1, -1, -1)	4.611676438715718
1.39438395288669	1653	(1, 1, -1, -1, 1, 1, 1, -1, 1, -1, 1)	4.611676438715718
1.39438395288669	1654	(1, 1, -1, -1, 1, 1, 1, -1, 1, 1, -1)	4.611676438715718
1.39438395288669	1655	(1, 1, -1, -1, 1, 1, 1, -1, 1, 1, 1)	4.611676438715718
1.39438395288669	1656	(1, 1, -1, -1, 1, 1, 1, 1, -1, -1, -1)	4.611676438715718
1.39438395288669	1657	(1, 1, -1, -1, 1, 1, 1, 1, -1, -1, 1)	4.611676438715718
1.39438395288669	1658	(1, 1, -1, -1, 1, 1, 1, 1, -1, 1, -1)	4.611676438715718
1.39438395288669	1659	(1, 1, -1, -1, 1, 1, 1, 1, -1, 1, 1)	4.611676438715718
1.39438395288669	1660	(1, 1, -1, -1, 1, 1, 1, 1, 1, -1, -1)	4.611676438715718
1.39438395288669	1661	(1, 1, -1, -1, 1, 1, 1, 1, 1, -1, 1)	4.611676438715718
1.39438395288669	1662	(1, 1, -1, -1, 1, 1, 1, 1, 1, 1, -1)	4.611676438715718
1.39438395288669	1663	(1, 1, -1, -1, 1, 1, 1, 1, 1, 1, 1)	4.611676438715718
1.39438395288669	1688	(1, 1, -1, 1, -1, -1, 1, 1, -1, -1, -1)	5.543505341896534
1.39438395288669	1689	(1, 1, -1, 1, -1, -1, 1, 1, -1, -1, 1)	6.475334245050088
1.39438395288669	1766	(1, 1, -1, 1, 1, 1, -1, -1, 1, 1, -1)	5.543505341916316
1.39438395288669	1767	(1, 1, -1, 1, 1, 1, -1, -1, 1, 1, 1)	4.6116764387439035
1.39438395288669	1816	(1, 1, 1, -1, -1, -1, 1, 1, -1, -1, -1)	4.611676438751601
1.39438395288669	1817	(1, 1, 1, -1, -1, -1, 1, 1, -1, -1, 1)	5.543505341934969
1.39438395288669	1894	(1, 1, 1, -1, 1, 1, -1, -1, 1, 1, -1)	6.475334245038044
1.39438395288669	1895	(1, 1, 1, -1, 1, 1, -1, -1, 1, 1, 1)	5.5435053418883165
1.39438395288669	1944	(1, 1, 1, 1, -1, -1, 1, 1, -1, -1, -1)	5.543505341930183
1.39438395288669	1945	(1, 1, 1, 1, -1, -1, 1, 1, -1, -1, 1)	6.475334245087593
1.39438395288669	1946	(1, 1, 1, 1, -1, -1, 1, 1, -1, 1, -1)	5.543505341937637
1.39438395288669	1947	(1, 1, 1, 1, -1, -1, 1, 1, -1, 1, 1)	5.543505341937637
1.39438395288669	1948	(1, 1, 1, 1, -1, -1, 1, 1, 1, -1, -1)	4.611676438769516
1.39438395288669	1949	(1, 1, 1, 1, -1, -1, 1, 1, 1, -1, 1)	4.611676438769516
1.39438395288669	1950	(1, 1, 1, 1, -1, -1, 1, 1, 1, 1, -1)	4.611676438769516
1.39438395288669	1951	(1, 1, 1, 1, -1, -1, 1, 1, 1, 1, 1)	4.611676438769516
1.39438395288669	2022	(1, 1, 1, 1, 1, 1, -1, -1, 1, 1, -1)	5.543505341900728
1.39438395288669	2023	(1, 1, 1, 1, 1, 1, -1, -1, 1, 1, 1)	4.611676438739089
1.3974255455402798	24	(-1, -1, -1, -1, -1, -1, 1, 1, -1, -1, -1)	1.0910660675642918
1.3974255455402798	25	(-1, -1, -1, -1, -1, -1, 1, 1, -1, -1, 1)	1.312045156045676
1.3974255455402798	96	(-1, -1, -1, -1, 1, 1, -1, -1, -1, -1, -1)	1.0910660676065471
1.3974255455402798	97	(-1, -1, -1, -1, 1, 1, -1, -1, -1, -1, 1)	1.0910660676065471
1.3974255455402798	98	(-1, -1, -1, -1, 1, 1, -1, -1, -1, 1, -1)	1.0910660676065471
1.3974255455402798	99	(-1, -1, -1, -1, 1, 1, -1, -1, -1, 1, 1)	1.0910660676065471
1.3974255455402798	100	(-1, -1, -1, -1, 1, 1, -1, -1, 1, -1, -1)	1.3120451560988367
1.3974255455402798	101	(-1, -1, -1, -1, 1, 1, -1, -1, 1, -1, 1)	1.3120451560988367
1.3974255455402798	102	(-1, -1, -1, -1, 1, 1, -1, -1, 1, 1, -1)	1.5330242445281967
1.3974255455402798	103	(-1, -1, -1, -1, 1, 1, -1, -1, 1, 1, 1)	1.3120451560831023
1.3974255455402798	152	(-1, -1, -1, 1, -1, -1, 1, 1, -1, -1, -1)	1.312045156086281
1.3974255455402798	153	(-1, -1, -1, 1, -1, -1, 1, 1, -1, -1, 1)	1.5330242445728108
1.3974255455402798	230	(-1, -1, -1, 1, 1, 1, -1, -1, 1, 1, -1)	1.3120451560005646
1.3974255455402798	231	(-1, -1, -1, 1, 1, 1, -1, -1, 1, 1, 1)	1.0910660675185437
1.3974255455402798	280	(-1, -1, 1, -1, -1, -1, 1, 1, -1, -1, -1)	1.0910660675632486
1.3974255455402798	281	(-1, -1, 1, -1, -1, -1, 1, 1, -1, -1, 1)	1.3120451560547255
1.3974255455402798	358	(-1, -1, 1, -1, 1, 1, -1, -1, 1, 1, -1)	1.533024244520929
1.3974255455402798	359	(-1, -1, 1, -1, 1, 1, -1, -1, 1, 1, 1)	1.312045156051966
1.3974255455402798	384	(-1, -1, 1, 1, -1, -1, -1, -1, -1, -1, -1)	1.0910660675413848
1.3974255455402798	385	(-1, -1, 1, 1, -1, -1, -1, -1, -1, -1, 1)	1.0910660675413848
1.3974255455402798	386	(-1, -1, 1, 1, -1, -1, -1, -1, -1, 1, -1)	1.0910660675413848
1.3974255455402798	387	(-1, -1, 1, 1, -1, -1, -1, -1, -1, 1, 1)	1.0910660675413848
1.3974255455402798	388	(-1, -1, 1, 1, -1, -1, -1, -1, 1, -1, -1)	1.0910660675413848
1.3974255455402798	389	(-1, -1, 1, 1, -1, -1, -1, -1, 1, -1, 1)	1.0910660675413848
1.3974255455402798	390	(-1, -1, 1, 1, -1, -1, -1, -1, 1, 1, -1)	1.0910660675413848
1.3974255455402798	391	(-1, -1, 1, 1, -1, -1, -1, -1, 1, 1, 1)	1.0910660675413848
1.3974255455402798	392	(-1, -1, 1, 1, -1, -1, -1, 1, -1, -1, -1)	1.0910660675413848
1.3974255455402798	393	(-1, -1, 1, 1, -1, -1, -1, 1, -1, -1, 1)	1.0910660675413848
1.3974255455402798	394	(-1, -1, 1, 1, -1, -1, -1, 1, -1, 1, -1)	1.0910660675413848
1.3974255455402798	395	(-1, -1, 1, 1, -1, -1, -1, 1, -1, 1, 1)	1.0910660675413848
1.3974255455402798	396	(-1, -1, 1, 1, -1, -1, -1, 1, 1, -1, -1)	1.0910660675413848
1.3974255455402798	397	(-1, -1, 1, 1, -1, -1, -1, 1, 1, -1, 1)	1.0910660675413848
1.3974255455402798	398	(-1, -1, 1, 1, -1, -1, -1, 1, 1, 1, -1)	1.0910660675413848
1.3974255455402798	399	(-1, -1, 1, 1, -1, -1, -1, 1, 1, 1, 1)	1.0910660675413848
1.3974255455402798	400	(-1, -1, 1, 1, -1, -1, 1, -1, -1, -1, -1)	1.3120451560296433
1.3974255455402798	401	(-1, -1, 1, 1, -1, -1, 1, -1, -1, -1, 1)	1.3120451560296433
1.3974255455402798	402	(-1, -1, 1, 1, -1, -1, 1, -1, -1, 1, -1)	1.3120451560296433
1.3974255455402798	403	(-1, -1, 1, 1, -1, -1, 1, -1, -1, 1, 1)	1.3120451560296433
1.3974255455402798	404	(-1, -1, 1, 1, -1, -1, 1, -1, 1, -1, -1)	1.3120451560296433
1.3974255455402798	405	(-1, -1, 1, 1, -1, -1, 1, -1, 1, -1, 1)	1.3120451560296433
1.3974255455402798	406	(-1, -1, 1, 1, -1, -1, 1, -1, 1, 1, -1)	1.3120451560296433
1.3974255455402798	407	(-1, -1, 1, 1, -1, -1, 1, -1, 1, 1, 1)	1.3120451560296433
1.3974255455402798	408	(-1, -1, 1, 1, -1, -1, 1, 1, -1, -1, -1)	1.533024244517902
1.3974255455402798	409	(-1, -1, 1, 1, -1, -1, 1, 1, -1, -1, 1)	1.533024244521056
1.3974255455402798	410	(-1, -1, 1, 1, -1, -1, 1, 1, -1, 1, -1)	1.533024244517902
1.3974255455402798	411	(-1, -1, 1, 1, -1, -1, 1, 1, -1, 1, 1)	1.533024244517902
1.3974255455402798	412	(-1, -1, 1, 1, -1, -1, 1, 1, 1, -1, -1)	1.312045156034697
1.3974255455402798	413	(-1, -1, 1, 1, -1, -1, 1, 1, 1, -1, 1)	1.312045156034697
1.3974255455402798	414	(-1, -1, 1, 1, -1, -1, 1, 1, 1, 1, -1)	1.312045156034697
1.3974255455402798	415	(-1, -1, 1, 1, -1, -1, 1, 1, 1, 1, 1)	1.312045156034697
1.3974255455402798	486	(-1, -1, 1, 1, 1, 1, -1, -1, 1, 1, -1)	1.3120451560572963
1.3974255455402798	487	(-1, -1, 1, 1, 1, 1, -1, -1, 1, 1, 1)	1.0910660675624275
1.3974255455402798	536	(-1, 1, -1, -1, -1, -1, 1, 1, -1, -1, -1)	1.0910660675495947
1.3974255455402798	537	(-1, 1, -1, -1, -1, -1, 1, 1, -1, -1, 1)	1.312045156034163
1.3974255455402798	608	(-1, 1, -1, -1, 1, 1, -1, -1, -1, -1, -1)	1.3120451560553181
1.3974255455402798	609	(-1, 1, -1, -1, 1, 1, -1, -1, -1, -1, 1)	1.3120451560553181
1.3974255455402798	610	(-1, 1, -1, -1, 1, 1, -1, -1, -1, 1, -1)	1.3120451560553181
1.3974255455402798	611	(-1, 1, -1, -1, 1, 1, -1, -1, -1, 1, 1)	1.3120451560553181
1.3974255455402798	612	(-1, 1, -1, -1, 1, 1, -1, -1, 1, -1, -1)	1.5330242445509976
1.3974255455402798	613	(-1, 1, -1, -1, 1, 1, -1, -1, 1, -1, 1)	1.5330242445509976
1.3974255455402798	614	(-1, 1, -1, -1, 1, 1, -1, -1, 1, 1, -1)	1.5330242445507223
1.3974255455402798	615	(-1, 1, -1, -1, 1, 1, -1, -1, 1, 1, 1)	1.533024244550447
1.3974255455402798	664	(-1, 1, -1, 1, -1, -1, 1, 1, -1, -1, -1)	1.3120451560318462
1.3974255455402798	665	(-1, 1, -1, 1, -1, -1, 1, 1, -1, -1, 1)	1.5330242445173583
1.3974255455402798	742	(-1, 1, -1, 1, 1, 1, -1, -1, 1, 1, -1)	1.312045156059892
1.3974255455402798	743	(-1, 1, -1, 1, 1, 1, -1, -1, 1, 1, 1)	1.0910660675462318
1.3974255455402798	792	(-1, 1, 1, -1, -1, -1, 1, 1, -1, -1, -1)	1.0910660675157116
1.3974255455402798	793	(-1, 1, 1, -1, -1, -1, 1, 1, -1, -1, 1)	1.3120451559904875
1.3974255455402798	870	(-1, 1, 1, -1, 1, 1, -1, -1, 1, 1, -1)	1.5330242445567381
1.3974255455402798	871	(-1, 1, 1, -1, 1, 1, -1, -1, 1, 1, 1)	1.3120451560630433
1.3974255455402798	920	(-1, 1, 1, 1, -1, -1, 1, 1, -1, -1, -1)	1.3120451560384454
1.3974255455402798	921	(-1, 1, 1, 1, -1, -1, 1, 1, -1, -1, 1)	1.533024244514334
1.3974255455402798	922	(-1, 1, 1, 1, -1, -1, 1, 1, -1, 1, -1)	1.3120451560476474
1.3974255455402798	923	(-1, 1, 1, 1, -1, -1, 1, 1, -1, 1, 1)	1.3120451560476474
1.3974255455402798	924	(-1, 1, 1, 1, -1, -1, 1, 1, 1, -1, -1)	1.0910660675625568
1.3974255455402798	925	(-1, 1, 1, 1, -1, -1, 1, 1, 1, -1, 1)	1.0910660675625568
1.3974255455402798	926	(-1, 1, 1, 1, -1, -1, 1, 1, 1, 1, -1)	1.0910660675625568
1.3974255455402798	927	(-1, 1, 1, 1, -1, -1, 1, 1, 1, 1, 1)	1.0910660675625568
1.3974255455402798	998	(-1, 1, 1, 1, 1, 1, -1, -1, 1, 1, -1)	1.312045156069546
1.3974255455402798	999	(-1, 1, 1, 1, 1, 1, -1, -1, 1, 1, 1)	1.0910660675700137
1.3974255455402798	1048	(1, -1, -1, -1, -1, -1, 1, 1, -1, -1, -1)	1.0910660675700137
1.3974255455402798	1049	(1, -1, -1, -1, -1, -1, 1, 1, -1, -1, 1)	1.312045156069546
1.3974255455402798	1120	(1, -1, -1, -1, 1, 1, -1, -1, -1, -1, -1)	1.0910660675625568
1.3974255455402798	1121	(1, -1, -1, -1, 1, 1, -1, -1, -1, -1, 1)	1.0910660675625568
1.3974255455402798	1122	(1, -1, -1, -1, 1, 1, -1, -1, -1, 1, -1)	1.0910660675625568
1.3974255455402798	1123	(1, -1, -1, -1, 1, 1, -1, -1, -1, 1, 1)	1.0910660675625568
1.3974255455402798	1124	(1, -1, -1, -1, 1, 1, -1, -1, 1, -1, -1)	1.3120451560476474
1.3974255455402798	1125	(1, -1, -1, -1, 1, 1, -1, -1, 1, -1, 1)	1.3120451560476474
1.3974255455402798	1126	(1, -1, -1, -1, 1, 1, -1, -1, 1, 1, -1)	1.533024244514334
1.3974255455402798	1127	(1, -1, -1, -1, 1, 1, -1, -1, 1, 1, 1)	1.3120451560384454
1.3974255455402798	1176	(1, -1, -1, 1, -1, -1, 1, 1, -1, -1, -1)	1.3120451560630433
1.3974255455402798	1177	(1, -1, -1, 1, -1, -1, 1, 1, -1, -1, 1)	1.5330242445567381
1.3974255455402798	1254	(1, -1, -1, 1, 1, 1, -1, -1, 1, 1, -1)	1.3120451559904875
1.3974255455402798	1255	(1, -1, -1, 1, 1, 1, -1, -1, 1, 1, 1)	1.0910660675157116
1.3974255455402798	1304	(1, -1, 1, -1, -1, -1, 1, 1, -1, -1, -1)	1.0910660675462318
1.3974255455402798	1305	(1, -1, 1, -1, -1, -1, 1, 1, -1, -1, 1)	1.312045156059892
1.3974255455402798	1382	(1, -1, 1, -1, 1, 1, -1, -1, 1, 1, -1)	1.5330242445173583
1.3974255455402798	1383	(1, -1, 1, -1, 1, 1, -1, -1, 1, 1, 1)	1.3120451560318462
1.3974255455402798	1432	(1, -1, 1, 1, -1, -1, 1, 1, -1, -1, -1)	1.533024244550447
1.3974255455402798	1433	(1, -1, 1, 1, -1, -1, 1, 1, -1, -1, 1)	1.5330242445507223
1.3974255455402798	1434	(1, -1, 1, 1, -1, -1, 1, 1, -1, 1, -1)	1.5330242445509976
1.3974255455402798	1435	(1, -1, 1, 1, -1, -1, 1, 1, -1, 1, 1)	1.5330242445509976
1.3974255455402798	1436	(1, -1, 1, 1, -1, -1, 1, 1, 1, -1, -1)	1.3120451560553181
1.3974255455402798	1437	(1, -1, 1, 1, -1, -1, 1, 1, 1, -1, 1)	1.3120451560553181
1.3974255455402798	1438	(1, -1, 1, 1, -1, -1, 1, 1, 1, 1, -1)	1.3120451560553181
1.3974255455402798	1439	(1, -1, 1, 1, -1, -1, 1, 1, 1, 1, 1)	1.3120451560553181
1.3974255455402798	1510	(1, -1, 1, 1, 1, 1, -1, -1, 1, 1, -1)	1.312045156034163
1.3974255455402798	1511	(1, -1, 1, 1, 1, 1, -1, -1, 1, 1, 1)	1.0910660675495947
1.3974255455402798	1560	(1, 1, -1, -1, -1, -1, 1, 1, -1, -1, -1)	1.0910660675624275
1.3974255455402798	1561	(1, 1, -1, -1, -1, -1, 1, 1, -1, -1, 1)	1.3120451560572963
1.3974255455402798	1632	(1, 1, -1, -1, 1, 1, -1, -1, -1, -1, -1)	1.312045156034697
1.3974255455402798	1633	(1, 1, -1, -1, 1, 1, -1, -1, -1, -1, 1)	1.312045156034697
1.3974255455402798	1634	(1, 1, -1, -1, 1, 1, -1, -1, -1, 1, -1)	1.312045156034697
1.3974255455402798	1635	(1, 1, -1, -1, 1, 1, -1, -1, -1, 1, 1)	1.312045156034697
1.3974255455402798	1636	(1, 1, -1, -1, 1, 1, -1, -1, 1, -1, -1)	1.533024244517902
1.3974255455402798	1637	(1, 1, -1, -1, 1, 1, -1, -1, 1, -1, 1)	1.533024244517902
1.3974255455402798	1638	(1, 1, -1, -1, 1, 1, -1, -1, 1, 1, -1)	1.533024244521056
1.3974255455402798	1639	(1, 1, -1, -1, 1, 1, -1, -1, 1, 1, 1)	1.533024244517902
1.3974255455402798	1640	(1, 1, -1, -1, 1, 1, -1, 1, -1, -1, -1)	1.3120451560296433
1.3974255455402798	1641	(1, 1, -1, -1, 1, 1, -1, 1, -1, -1, 1)	1.3120451560296433
1.3974255455402798	1642	(1, 1, -1, -1, 1, 1, -1, 1, -1, 1, -1)	1.3120451560296433
1.3974255455402798	1643	(1, 1, -1, -1, 1, 1, -1, 1, -1, 1, 1)	1.3120451560296433
1.3974255455402798	1644	(1, 1, -1, -1, 1, 1, -1, 1, 1, -1, -1)	1.3120451560296433
1.3974255455402798	1645	(1, 1, -1, -1, 1, 1, -1, 1, 1, -1, 1)	1.3120451560296433
1.3974255455402798	1646	(1, 1, -1, -1, 1, 1, -1, 1, 1, 1, -1)	1.3120451560296433
1.3974255455402798	1647	(1, 1, -1, -1, 1, 1, -1, 1, 1, 1, 1)	1.3120451560296433
1.3974255455402798	1648	(1, 1, -1, -1, 1, 1, 1, -1, -1, -1, -1)	1.0910660675413848
1.3974255455402798	1649	(1, 1, -1, -1, 1, 1, 1, -1, -1, -1, 1)	1.0910660675413848
1.3974255455402798	1650	(1, 1, -1, -1, 1, 1, 1, -1, -1, 1, -1)	1.0910660675413848
1.3974255455402798	1651	(1, 1, -1, -1, 1, 1, 1, -1, -1, 1, 1)	1.0910660675413848
1.3974255455402798	1652	(1, 1, -1, -1, 1, 1, 1, -1, 1, -1, -1)	1.0910660675413848
1.3974255455402798	1653	(1, 1, -1, -1, 1, 1, 1, -1, 1, -1, 1)	1.0910660675413848
1.3974255455402798	1654	(1, 1, -1, -1, 1, 1, 1, -1, 1, 1, -1)	1.0910660675413848
1.3974255455402798	1655	(1, 1, -1, -1, 1, 1, 1, -1, 1, 1, 1)	1.0910660675413848
1.3974255455402798	1656	(1, 1, -1, -1, 1, 1, 1, 1, -1, -1, -1)	1.0910660675413848
1.3974255455402798	1657	(1, 1, -1, -1, 1, 1, 1, 1, -1, -1, 1)	1.0910660675413848
1.3974255455402798	1658	(1, 1, -1, -1, 1, 1, 1, 1, -1, 1, -1)	1.0910660675413848
1.3974255455402798	1659	(1, 1, -1, -1, 1, 1, 1, 1, -1, 1, 1)	1.0910660675413848
1.3974255455402798	1660	(1, 1, -1, -1, 1, 1, 1, 1, 1, -1, -1)	1.0910660675413848
1.3974255455402798	1661	(1, 1, -1, -1, 1, 1, 1, 1, 1, -1, 1)	1.0910660675413848
1.3974255455402798	1662	(1, 1, -1, -1, 1, 1, 1, 1, 1, 1, -1)	1.0910660675413848
1.3974255455402798	1663	(1, 1, -1, -1, 1, 1, 1, 1, 1, 1, 1)	1.0910660675413848
1.3974255455402798	1688	(1, 1, -1, 1, -1, -1, 1, 1, -1, -1, -1)	1.312045156051966
1.3974255455402798	1689	(1, 1, -1, 1, -1, -1, 1, 1, -1, -1, 1)	1.533024244520929
1.3974255455402798	1766	(1, 1, -1, 1, 1, 1, -1, -1, 1, 1, -1)	1.3120451560547255
1.3974255455402798	1767	(1, 1, -1, 1, 1, 1, -1, -1, 1, 1, 1)	1.0910660675632486
1.3974255455402798	1816	(1, 1, 1, -1, -1, -1, 1, 1, -1, -1, -1)	1.0910660675185437
1.3974255455402798	1817	(1, 1, 1, -1, -1, -1, 1, 1, -1, -1, 1)	1.3120451560005646
1.3974255455402798	1894	(1, 1, 1, -1, 1, 1, -1, -1, 1, 1, -1)	1.5330242445728108
1.3974255455402798	1895	(1, 1, 1, -1, 1, 1, -1, -1, 1, 1, 1)	1.312045156086281
1.3974255455402798	1944	(1, 1, 1, 1, -1, -1, 1, 1, -1, -1, -1)	1.3120451560831023
1.3974255455402798	1945	(1, 1, 1, 1, -1, -1, 1, 1, -1, -1, 1)	1.5330242445281967
1.3974255455402798	1946	(1, 1, 1, 1, -1, -1, 1, 1, -1, 1, -1)	1.3120451560988367
1.3974255455402798	1947	(1, 1, 1, 1, -1, -1, 1, 1, -1, 1, 1)	1.3120451560988367
1.3974255455402798	1948	(1, 1, 1, 1, -1, -1, 1, 1, 1, -1, -1)	1.0910660676065471
1.3974255455402798	1949	(1, 1, 1, 1, -1, -1, 1, 1, 1, -1, 1)	1.0910660676065471
1.3974255455402798	1950	(1, 1, 1, 1, -1, -1, 1, 1, 1, 1, -1)	1.0910660676065471
1.3974255455402798	1951	(1, 1, 1, 1, -1, -1, 1, 1, 1, 1, 1)	1.0910660676065471
1.3974255455402798	2022	(1, 1, 1, 1, 1, 1, -1, -1, 1, 1, -1)	1.312045156045676
1.3974255455402798	2023	(1, 1, 1, 1, 1, 1, -1, -1, 1, 1, 1)	1.0910660675642918
1.4004671381938696	24	(-1, -1, -1, -1, -1, -1, 1, 1, -1, -1, -1)	2.4171912376331464
1.4004671381938696	25	(-1, -1, -1, -1, -1, -1, 1, 1, -1, -1, 1)	2.9079136691498917
1.4004671381938696	96	(-1, -1, -1, -1, 1, 1, -1, -1, -1, -1, -1)	2.417191237638983
1.4004671381938696	97	(-1, -1, -1, -1, 1, 1, -1, -1, -1, -1, 1)	2.417191237638983
1.4004671381938696	98	(-1, -1, -1, -1, 1, 1, -1, -1, -1, 1, -1)	2.417191237638983
1.4004671381938696	99	(-1, -1, -1, -1, 1, 1, -1, -1, -1, 1, 1)	2.417191237638983
1.4004671381938696	100	(-1, -1, -1, -1, 1, 1, -1, -1, 1, -1, -1)	2.907913669202808
1.4004671381938696	101	(-1, -1, -1, -1, 1, 1, -1, -1, 1, -1, 1)	2.907913669202808
1.4004671381938696	102	(-1, -1, -1, -1, 1, 1, -1, -1, 1, 1, -1)	3.398636100766633
1.4004671381938696	103	(-1, -1, -1, -1, 1, 1, -1, -1, 1, 1, 1)	2.9079136692210854
1.4004671381938696	152	(-1, -1, -1, 1, -1, -1, 1, 1, -1, -1, -1)	2.9079136692004877
1.4004671381938696	153	(-1, -1, -1, 1, -1, -1, 1, 1, -1, -1, 1)	3.3986361006695938
1.4004671381938696	230	(-1, -1, -1, 1, 1, 1, -1, -1, 1, 1, -1)	2.907913669218136
1.4004671381938696	231	(-1, -1, -1, 1, 1, 1, -1, -1, 1, 1, 1)	2.417191237671401
1.4004671381938696	280	(-1, -1, 1, -1, -1, -1, 1, 1, -1, -1, -1)	2.4171912376183715
1.4004671381938696	281	(-1, -1, 1, -1, -1, -1, 1, 1, -1, -1, 1)	2.907913669148896
1.4004671381938696	358	(-1, -1, 1, -1, 1, 1, -1, -1, 1, 1, -1)	3.398636100769738
1.4004671381938696	359	(-1, -1, 1, -1, 1, 1, -1, -1, 1, 1, 1)	2.9079136692371055
1.4004671381938696	384	(-1, -1, 1, 1, -1, -1, -1, -1, -1, -1, -1)	2.4171912376786113
1.4004671381938696	385	(-1, -1, 1, 1, -1, -1, -1, -1, -1, -1, 1)	2.4171912376786113
1.4004671381938696	386	(-1, -1, 1, 1, -1, -1, -1, -1, -1, 1, -1)	2.4171912376786113
1.4004671381938696	387	(-1, -1, 1, 1, -1, -1, -1, -1, -1, 1, 1)	2.4171912376786113
1.4004671381938696	388	(-1, -1, 1, 1, -1, -1, -1, -1, 1, -1, -1)	2.4171912376786113
1.4004671381938696	389	(-1, -1, 1, 1, -1, -1, -1, -1, 1, -1, 1)	2.4171912376786113
1.4004671381938696	390	(-1, -1, 1, 1, -1, -1, -1, -1, 1, 1, -1)	2.4171912376786113
1.4004671381938696	391	(-1, -1, 1, 1, -1, -1, -1, -1, 1, 1, 1)	2.4171912376786113
1.4004671381938696	392	(-1, -1, 1, 1, -1, -1, -1, 1, -1, -1, -1)	2.4171912376786113
1.4004671381938696	393	(-1, -1, 1, 1, -1, -1, -1, 1, -1, -1, 1)	2.4171912376786113
1.4004671381938696	394	(-1, -1, 1, 1, -1, -1, -1, 1, -1, 1, -1)	2.4171912376786113
1.4004671381938696	395	(-1, -1, 1, 1, -1, -1, -1, 1, -1, 1, 1)	2.4171912376786113
1.4004671381938696	396	(-1, -1, 1, 1, -1, -1, -1, 1, 1, -1, -1)	2.4171912376786113
1.4004671381938696	397	(-1, -1, 1, 1, -1, -1, -1, 1, 1, -1, 1)	2.4171912376786113
1.4004671381938696	398	(-1, -1, 1, 1, -1, -1, -1, 1, 1, 1, -1)	2.4171912376786113
1.4004671381938696	399	(-1, -1, 1, 1, -1, -1, -1, 1, 1, 1, 1)	2.4171912376786113
1.4004671381938696	400	(-1, -1, 1, 1, -1, -1, 1, -1, -1, -1, -1)	2.9079136692162075
1.4004671381938696	401	(-1, -1, 1, 1, -1, -1, 1, -1, -1, -1, 1)	2.9079136692162075
1.4004671381938696	402	(-1, -1, 1, 1, -1, -1, 1, -1, -1, 1, -1)	2.9079136692162075
1.4004671381938696	403	(-1, -1, 1, 1, -1, -1, 1, -1, -1, 1, 1)	2.9079136692162075
1.4004671381938696	404	(-1, -1, 1, 1, -1, -1, 1, -1, 1, -1, -1)	2.9079136692162075
1.4004671381938696	405	(-1, -1, 1, 1, -1, -1, 1, -1, 1, -1, 1)	2.9079136692162075
1.4004671381938696	406	(-1, -1, 1, 1, -1, -1, 1, -1, 1, 1, -1)	2.9079136692162075
1.4004671381938696	407	(-1, -1, 1, 1, -1, -1, 1, -1, 1, 1, 1)	2.9079136692162075
1.4004671381938696	408	(-1, -1, 1, 1, -1, -1, 1, 1, -1, -1, -1)	3.3986361007482513
1.4004671381938696	409	(-1, -1, 1, 1, -1, -1, 1, 1, -1, -1, 1)	3.398636100731677
1.4004671381938696	409	(-1, -1, 1, 1, -1, -1, 1, 1, -1, -1, 1)	3.398636100731677
1.4004671381938696	410	(-1, -1, 1, 1, -1, -1, 1, 1, -1, 1, -1)	3.3986361007482513
1.4004671381938696	411	(-1, -1, 1, 1, -1, -1, 1, 1, -1, 1, 1)	3.3986361007482513
1.4004671381938696	412	(-1, -1, 1, 1, -1, -1, 1, 1, 1, -1, -1)	2.907913669213431
1.4004671381938696	413	(-1, -1, 1, 1, -1, -1, 1, 1, 1, -1, 1)	2.907913669213431
1.4004671381938696	414	(-1, -1, 1, 1, -1, -1, 1, 1, 1, 1, -1)	2.907913669213431
1.4004671381938696	415	(-1, -1, 1, 1, -1, -1, 1, 1, 1, 1, 1)	2.907913669213431
1.4004671381938696	486	(-1, -1, 1, 1, 1, 1, -1, -1, 1, 1, -1)	2.907913669229377
1.4004671381938696	487	(-1, -1, 1, 1, 1, 1, -1, -1, 1, 1, 1)	2.4171912376900324
1.4004671381938696	536	(-1, 1, -1, -1, -1, -1, 1, 1, -1, -1, -1)	2.417191237696575
1.4004671381938696	537	(-1, 1, -1, -1, -1, -1, 1, 1, -1, -1, 1)	2.907913669234971
1.4004671381938696	608	(-1, 1, -1, -1, 1, 1, -1, -1, -1, -1, -1)	2.9079136691972955
1.4004671381938696	609	(-1, 1, -1, -1, 1, 1, -1, -1, -1, -1, 1)	2.9079136691972955
1.4004671381938696	610	(-1, 1, -1, -1, 1, 1, -1, -1, -1, 1, -1)	2.9079136691972955
1.4004671381938696	611	(-1, 1, -1, -1, 1, 1, -1, -1, -1, 1, 1)	2.9079136691972955
1.4004671381938696	612	(-1, 1, -1, -1, 1, 1, -1, -1, 1, -1, -1)	3.3986361007358434
1.4004671381938696	613	(-1, 1, -1, -1, 1, 1, -1, -1, 1, -1, 1)	3.3986361007358434
1.4004671381938696	614	(-1, 1, -1, -1, 1, 1, -1, -1, 1, 1, -1)	3.3986361007254975
1.4004671381938696	615	(-1, 1, -1, -1, 1, 1, -1, -1, 1, 1, 1)	3.3986361007358434
1.4004671381938696	664	(-1, 1, -1, 1, -1, -1, 1, 1, -1, -1, -1)	2.9079136692295267
1.4004671381938696	665	(-1, 1, -1, 1, -1, -1, 1, 1, -1, -1, 1)	3.3986361007705668
1.4004671381938696	742	(-1, 1, -1, 1, 1, 1, -1, -1, 1, 1, -1)	2.907913669198275
1.4004671381938696	743	(-1, 1, -1, 1, 1, 1, -1, -1, 1, 1, 1)	2.417191237654884
1.4004671381938696	792	(-1, 1, 1, -1, -1, -1, 1, 1, -1, -1, -1)	2.417191237624648
1.4004671381938696	793	(-1, 1, 1, -1, -1, -1, 1, 1, -1, -1, 1)	2.907913669166714
1.4004671381938696	870	(-1, 1, 1, -1, 1, 1, -1, -1, 1, 1, -1)	3.398636100759966
1.4004671381938696	871	(-1, 1, 1, -1, 1, 1, -1, -1, 1, 1, 1)	2.907913669247081
1.4004671381938696	920	(-1, 1, 1, 1, -1, -1, 1, 1, -1, -1, -1)	2.9079136691835243
1.4004671381938696	921	(-1, 1, 1, 1, -1, -1, 1, 1, -1, -1, 1)	3.3986361007114403
1.4004671381938696	922	(-1, 1, 1, 1, -1, -1, 1, 1, -1, 1, -1)	2.9079136691903384
1.4004671381938696	923	(-1, 1, 1, 1, -1, -1, 1, 1, -1, 1, 1)	2.9079136691903384
1.4004671381938696	924	(-1, 1, 1, 1, -1, -1, 1, 1, 1, -1, -1)	2.417191237650657
1.4004671381938696	925	(-1, 1, 1, 1, -1, -1, 1, 1, 1, -1, 1)	2.417191237650657
1.4004671381938696	926	(-1, 1, 1, 1, -1, -1, 1, 1, 1, 1, -1)	2.417191237650657
1.4004671381938696	927	(-1, 1, 1, 1, -1, -1, 1, 1, 1, 1, 1)	2.417191237650657
1.4004671381938696	998	(-1, 1, 1, 1, 1, 1, -1, -1, 1, 1, -1)	2.907913669224972
1.4004671381938696	999	(-1, 1, 1, 1, 1, 1, -1, -1, 1, 1, 1)	2.4171912376923967
1.4004671381938696	1048	(1, -1, -1, -1, -1, -1, 1, 1, -1, -1, -1)	2.4171912376923967
1.4004671381938696	1049	(1, -1, -1, -1, -1, -1, 1, 1, -1, -1, 1)	2.907913669224972
1.4004671381938696	1120	(1, -1, -1, -1, 1, 1, -1, -1, -1, -1, -1)	2.417191237650657
1.4004671381938696	1121	(1, -1, -1, -1, 1, 1, -1, -1, -1, -1, 1)	2.417191237650657
1.4004671381938696	1122	(1, -1, -1, -1, 1, 1, -1, -1, -1, 1, -1)	2.417191237650657
1.4004671381938696	1123	(1, -1, -1, -1, 1, 1, -1, -1, -1, 1, 1)	2.417191237650657
1.4004671381938696	1124	(1, -1, -1, -1, 1, 1, -1, -1, 1, -1, -1)	2.9079136691903384
1.4004671381938696	1125	(1, -1, -1, -1, 1, 1, -1, -1, 1, -1, 1)	2.9079136691903384
1.4004671381938696	1126	(1, -1, -1, -1, 1, 1, -1, -1, 1, 1, -1)	3.3986361007114403
1.4004671381938696	1127	(1, -1, -1, -1, 1, 1, -1, -1, 1, 1, 1)	2.9079136691835243
1.4004671381938696	1176	(1, -1, -1, 1, -1, -1, 1, 1, -1, -1, -1)	2.907913669247081
1.4004671381938696	1177	(1, -1, -1, 1, -1, -1, 1, 1, -1, -1, 1)	3.398636100759966
1.4004671381938696	1254	(1, -1, -1, 1, 1, 1, -1, -1, 1, 1, -1)	2.907913669166714
1.4004671381938696	1255	(1, -1, -1, 1, 1, 1, -1, -1, 1, 1, 1)	2.417191237624648
1.4004671381938696	1304	(1, -1, 1, -1, -1, -1, 1, 1, -1, -1, -1)	2.417191237654884
1.4004671381938696	1305	(1, -1, 1, -1, -1, -1, 1, 1, -1, -1, 1)	2.907913669198275
1.4004671381938696	1382	(1, -1, 1, -1, 1, 1, -1, -1, 1, 1, -1)	3.3986361007705668
1.4004671381938696	1383	(1, -1, 1, -1, 1, 1, -1, -1, 1, 1, 1)	2.9079136692295267
1.4004671381938696	1432	(1, -1, 1, 1, -1, -1, 1, 1, -1, -1, -1)	3.3986361007358434
1.4004671381938696	1433	(1, -1, 1, 1, -1, -1, 1, 1, -1, -1, 1)	3.3986361007254975
1.4004671381938696	1434	(1, -1, 1, 1, -1, -1, 1, 1, -1, 1, -1)	3.3986361007358434
1.4004671381938696	1435	(1, -1, 1, 1, -1, -1, 1, 1, -1, 1, 1)	3.3986361007358434
1.4004671381938696	1436	(1, -1, 1, 1, -1, -1, 1, 1, 1, -1, -1)	2.9079136691972955
1.4004671381938696	1437	(1, -1, 1, 1, -1, -1, 1, 1, 1, -1, 1)	2.9079136691972955
1.4004671381938696	1438	(1, -1, 1, 1, -1, -1, 1, 1, 1, 1, -1)	2.9079136691972955
1.4004671381938696	1439	(1, -1, 1, 1, -1, -1, 1, 1, 1, 1, 1)	2.9079136691972955
1.4004671381938696	1510	(1, -1, 1, 1, 1, 1, -1, -1, 1, 1, -1)	2.907913669234971
1.4004671381938696	1511	(1, -1, 1, 1, 1, 1, -1, -1, 1, 1, 1)	2.417191237696575
1.4004671381938696	1560	(1, 1, -1, -1, -1, -1, 1, 1, -1, -1, -1)	2.4171912376900324
1.4004671381938696	1561	(1, 1, -1, -1, -1, -1, 1, 1, -1, -1, 1)	2.907913669229377
1.4004671381938696	1632	(1, 1, -1, -1, 1, 1, -1, -1, -1, -1, -1)	2.907913669213431
1.4004671381938696	1633	(1, 1, -1, -1, 1, 1, -1, -1, -1, -1, 1)	2.907913669213431
1.4004671381938696	1634	(1, 1, -1, -1, 1, 1, -1, -1, -1, 1, -1)	2.907913669213431
1.4004671381938696	1635	(1, 1, -1, -1, 1, 1, -1, -1, -1, 1, 1)	2.907913669213431
1.4004671381938696	1636	(1, 1, -1, -1, 1, 1, -1, -1, 1, -1, -1)	3.3986361007482513
1.4004671381938696	1637	(1, 1, -1, -1, 1, 1, -1, -1, 1, -1, 1)	3.3986361007482513
1.4004671381938696	1638	(1, 1, -1, -1, 1, 1, -1, -1, 1, 1, -1)	3.398636100731677
1.4004671381938696	1639	(1, 1, -1, -1, 1, 1, -1, -1, 1, 1, 1)	3.3986361007482513
1.4004671381938696	1640	(1, 1, -1, -1, 1, 1, -1, 1, -1, -1, -1)	2.9079136692162075
1.4004671381938696	1641	(1, 1, -1, -1, 1, 1, -1, 1, -1, -1, 1)	2.9079136692162075
1.4004671381938696	1642	(1, 1, -1, -1, 1, 1, -1, 1, -1, 1, -1)	2.9079136692162075
1.4004671381938696	1643	(1, 1, -1, -1, 1, 1, -1, 1, -1, 1, 1)	2.9079136692162075
1.4004671381938696	1644	(1, 1, -1, -1, 1, 1, -1, 1, 1, -1, -1)	2.9079136692162075
1.4004671381938696	1645	(1, 1, -1, -1, 1, 1, -1, 1, 1, -1, 1)	2.9079136692162075
1.4004671381938696	1646	(1, 1, -1, -1, 1, 1, -1, 1, 1, 1, -1)	2.9079136692162075
1.4004671381938696	1647	(1, 1, -1, -1, 1, 1, -1, 1, 1, 1, 1)	2.9079136692162075
1.4004671381938696	1648	(1, 1, -1, -1, 1, 1, 1, -1, -1, -1, -1)	2.4171912376786113
1.4004671381938696	1649	(1, 1, -1, -1, 1, 1, 1, -1, -1, -1, 1)	2.4171912376786113
1.4004671381938696	1650	(1, 1, -1, -1, 1, 1, 1, -1, -1, 1, -1)	2.4171912376786113
1.4004671381938696	1651	(1, 1, -1, -1, 1, 1, 1, -1, -1, 1, 1)	2.4171912376786113
1.4004671381938696	1652	(1, 1, -1, -1, 1, 1, 1, -1, 1, -1, -1)	2.4171912376786113
1.4004671381938696	1653	(1, 1, -1, -1, 1, 1, 1, -1, 1, -1, 1)	2.4171912376786113
1.4004671381938696	1654	(1, 1, -1, -1, 1, 1, 1, -1, 1, 1, -1)	2.4171912376786113
1.4004671381938696	1655	(1, 1, -1, -1, 1, 1, 1, -1, 1, 1, 1)	2.4171912376786113
1.4004671381938696	1656	(1, 1, -1, -1, 1, 1, 1, 1, -1, -1, -1)	2.4171912376786113
1.4004671381938696	1657	(1, 1, -1, -1, 1, 1, 1, 1, -1, -1, 1)	2.4171912376786113
1.4004671381938696	1658	(1, 1, -1, -1, 1, 1, 1, 1, -1, 1, -1)	2.4171912376786113
1.4004671381938696	1659	(1, 1, -1, -1, 1, 1, 1, 1, -1, 1, 1)	2.4171912376786113
1.4004671381938696	1660	(1, 1, -1, -1, 1, 1, 1, 1, 1, -1, -1)	2.4171912376786113
1.4004671381938696	1661	(1, 1, -1, -1, 1, 1, 1, 1, 1, -1, 1)	2.4171912376786113
1.4004671381938696	1662	(1, 1, -1, -1, 1, 1, 1, 1, 1, 1, -1)	2.4171912376786113
1.4004671381938696	1663	(1, 1, -1, -1, 1, 1, 1, 1, 1, 1, 1)	2.4171912376786113
1.4004671381938696	1688	(1, 1, -1, 1, -1, -1, 1, 1, -1, -1, -1)	2.9079136692371055
1.4004671381938696	1689	(1, 1, -1, 1, -1, -1, 1, 1, -1, -1, 1)	3.398636100769738
1.4004671381938696	1766	(1, 1, -1, 1, 1, 1, -1, -1, 1, 1, -1)	2.907913669148896
1.4004671381938696	1767	(1, 1, -1, 1, 1, 1, -1, -1, 1, 1, 1)	2.4171912376183715
1.4004671381938696	1816	(1, 1, 1, -1, -1, -1, 1, 1, -1, -1, -1)	2.417191237671401
1.4004671381938696	1817	(1, 1, 1, -1, -1, -1, 1, 1, -1, -1, 1)	2.907913669218136
1.4004671381938696	1894	(1, 1, 1, -1, 1, 1, -1, -1, 1, 1, -1)	3.3986361006695938
1.4004671381938696	1895	(1, 1, 1, -1, 1, 1, -1, -1, 1, 1, 1)	2.9079136692004877
1.4004671381938696	1944	(1, 1, 1, 1, -1, -1, 1, 1, -1, -1, -1)	2.9079136692210854
1.4004671381938696	1945	(1, 1, 1, 1, -1, -1, 1, 1, -1, -1, 1)	3.398636100766633
1.4004671381938696	1946	(1, 1, 1, 1, -1, -1, 1, 1, -1, 1, -1)	2.907913669202808
1.4004671381938696	1947	(1, 1, 1, 1, -1, -1, 1, 1, -1, 1, 1)	2.907913669202808
1.4004671381938696	1948	(1, 1, 1, 1, -1, -1, 1, 1, 1, -1, -1)	2.417191237638983
1.4004671381938696	1949	(1, 1, 1, 1, -1, -1, 1, 1, 1, -1, 1)	2.417191237638983
1.4004671381938696	1950	(1, 1, 1, 1, -1, -1, 1, 1, 1, 1, -1)	2.417191237638983
1.4004671381938696	1951	(1, 1, 1, 1, -1, -1, 1, 1, 1, 1, 1)	2.417191237638983
1.4004671381938696	2022	(1, 1, 1, 1, 1, 1, -1, -1, 1, 1, -1)	2.9079136691498917
1.4004671381938696	2023	(1, 1, 1, 1, 1, 1, -1, -1, 1, 1, 1)	2.4171912376331464
1.3883007675795103	24	(-1, -1, -1, -1, -1, -1, 1, 1, -1, -1, -1)	9.298381130239441
1.3883007675795103	96	(-1, -1, -1, -1, 1, 1, -1, -1, -1, -1, -1)	9.29838113024236
1.3883007675795103	97	(-1, -1, -1, -1, 1, 1, -1, -1, -1, -1, 1)	9.29838113024236
1.3883007675795103	98	(-1, -1, -1, -1, 1, 1, -1, -1, -1, 1, -1)	9.29838113024236
1.3883007675795103	99	(-1, -1, -1, -1, 1, 1, -1, -1, -1, 1, 1)	9.29838113024236
1.3883007675795103	120	(-1, -1, -1, -1, 1, 1, 1, 1, -1, -1, -1)	9.298381130216438
1.3883007675795103	121	(-1, -1, -1, -1, 1, 1, 1, 1, -1, -1, 1)	9.298381130216438
1.3883007675795103	231	(-1, -1, -1, 1, 1, 1, -1, -1, 1, 1, 1)	9.298381130229336
1.3883007675795103	280	(-1, -1, 1, -1, -1, -1, 1, 1, -1, -1, -1)	9.29838113024303
1.3883007675795103	390	(-1, -1, 1, 1, -1, -1, -1, -1, 1, 1, -1)	9.29838113025059
1.3883007675795103	391	(-1, -1, 1, 1, -1, -1, -1, -1, 1, 1, 1)	9.29838113025059
1.3883007675795103	480	(-1, -1, 1, 1, 1, 1, -1, -1, -1, -1, -1)	9.298381130233032
1.3883007675795103	481	(-1, -1, 1, 1, 1, 1, -1, -1, -1, -1, 1)	9.298381130233032
1.3883007675795103	482	(-1, -1, 1, 1, 1, 1, -1, -1, -1, 1, -1)	9.298381130233032
1.3883007675795103	483	(-1, -1, 1, 1, 1, 1, -1, -1, -1, 1, 1)	9.298381130233032
1.3883007675795103	484	(-1, -1, 1, 1, 1, 1, -1, -1, 1, -1, -1)	9.298381130233032
1.3883007675795103	485	(-1, -1, 1, 1, 1, 1, -1, -1, 1, -1, 1)	9.298381130233032
1.3883007675795103	486	(-1, -1, 1, 1, 1, 1, -1, -1, 1, 1, -1)	9.298381130233032
1.3883007675795103	487	(-1, -1, 1, 1, 1, 1, -1, -1, 1, 1, 1)	9.298381130232519
1.3883007675795103	536	(-1, 1, -1, -1, -1, -1, 1, 1, -1, -1, -1)	9.298381130264184
1.3883007675795103	632	(-1, 1, -1, -1, 1, 1, 1, 1, -1, -1, -1)	9.298381130270052
1.3883007675795103	633	(-1, 1, -1, -1, 1, 1, 1, 1, -1, -1, 1)	9.298381130270052
1.3883007675795103	743	(-1, 1, -1, 1, 1, 1, -1, -1, 1, 1, 1)	9.29838113031415
1.3883007675795103	792	(-1, 1, 1, -1, -1, -1, 1, 1, -1, -1, -1)	9.298381130275414
1.3883007675795103	902	(-1, 1, 1, 1, -1, -1, -1, -1, 1, 1, -1)	9.298381130185186
1.3883007675795103	903	(-1, 1, 1, 1, -1, -1, -1, -1, 1, 1, 1)	9.298381130185186
1.3883007675795103	924	(-1, 1, 1, 1, -1, -1, 1, 1, 1, -1, -1)	9.298381130206291
1.3883007675795103	925	(-1, 1, 1, 1, -1, -1, 1, 1, 1, -1, 1)	9.298381130206291
1.3883007675795103	926	(-1, 1, 1, 1, -1, -1, 1, 1, 1, 1, -1)	9.298381130206291
1.3883007675795103	927	(-1, 1, 1, 1, -1, -1, 1, 1, 1, 1, 1)	9.298381130206291
1.3883007675795103	999	(-1, 1, 1, 1, 1, 1, -1, -1, 1, 1, 1)	9.298381130260914
1.3883007675795103	1048	(1, -1, -1, -1, -1, -1, 1, 1, -1, -1, -1)	9.298381130260914
1.3883007675795103	1120	(1, -1, -1, -1, 1, 1, -1, -1, -1, -1, -1)	9.298381130206291
1.3883007675795103	1121	(1, -1, -1, -1, 1, 1, -1, -1, -1, -1, 1)	9.298381130206291
1.3883007675795103	1122	(1, -1, -1, -1, 1, 1, -1, -1, -1, 1, -1)	9.298381130206291
1.3883007675795103	1123	(1, -1, -1, -1, 1, 1, -1, -1, -1, 1, 1)	9.298381130206291
1.3883007675795103	1144	(1, -1, -1, -1, 1, 1, 1, 1, -1, -1, -1)	9.298381130185186
1.3883007675795103	1145	(1, -1, -1, -1, 1, 1, 1, 1, -1, -1, 1)	9.298381130185186
1.3883007675795103	1255	(1, -1, -1, 1, 1, 1, -1, -1, 1, 1, 1)	9.298381130275414
1.3883007675795103	1304	(1, -1, 1, -1, -1, -1, 1, 1, -1, -1, -1)	9.29838113031415
1.3883007675795103	1414	(1, -1, 1, 1, -1, -1, -1, -1, 1, 1, -1)	9.298381130270052
1.3883007675795103	1415	(1, -1, 1, 1, -1, -1, -1, -1, 1, 1, 1)	9.298381130270052
1.3883007675795103	1511	(1, -1, 1, 1, 1, 1, -1, -1, 1, 1, 1)	9.298381130264184
1.3883007675795103	1560	(1, 1, -1, -1, -1, -1, 1, 1, -1, -1, -1)	9.298381130232519
1.3883007675795103	1561	(1, 1, -1, -1, -1, -1, 1, 1, -1, -1, 1)	9.298381130233032
1.3883007675795103	1562	(1, 1, -1, -1, -1, -1, 1, 1, -1, 1, -1)	9.298381130233032
1.3883007675795103	1563	(1, 1, -1, -1, -1, -1, 1, 1, -1, 1, 1)	9.298381130233032
1.3883007675795103	1564	(1, 1, -1, -1, -1, -1, 1, 1, 1, -1, -1)	9.298381130233032
1.3883007675795103	1565	(1, 1, -1, -1, -1, -1, 1, 1, 1, -1, 1)	9.298381130233032
1.3883007675795103	1566	(1, 1, -1, -1, -1, -1, 1, 1, 1, 1, -1)	9.298381130233032
1.3883007675795103	1567	(1, 1, -1, -1, -1, -1, 1, 1, 1, 1, 1)	9.298381130233032
1.3883007675795103	1656	(1, 1, -1, -1, 1, 1, 1, 1, -1, -1, -1)	9.29838113025059
1.3883007675795103	1657	(1, 1, -1, -1, 1, 1, 1, 1, -1, -1, 1)	9.29838113025059
1.3883007675795103	1767	(1, 1, -1, 1, 1, 1, -1, -1, 1, 1, 1)	9.29838113024303
1.3883007675795103	1816	(1, 1, 1, -1, -1, -1, 1, 1, -1, -1, -1)	9.298381130229336
1.3883007675795103	1926	(1, 1, 1, 1, -1, -1, -1, -1, 1, 1, -1)	9.298381130216438
1.3883007675795103	1927	(1, 1, 1, 1, -1, -1, -1, -1, 1, 1, 1)	9.298381130216438
1.3883007675795103	1948	(1, 1, 1, 1, -1, -1, 1, 1, 1, -1, -1)	9.29838113024236
1.3883007675795103	1949	(1, 1, 1, 1, -1, -1, 1, 1, 1, -1, 1)	9.29838113024236
1.3883007675795103	1950	(1, 1, 1, 1, -1, -1, 1, 1, 1, 1, -1)	9.29838113024236
1.3883007675795103	1951	(1, 1, 1, 1, -1, -1, 1, 1, 1, 1, 1)	9.29838113024236
1.3883007675795103	2023	(1, 1, 1, 1, 1, 1, -1, -1, 1, 1, 1)	9.298381130239441
1.3913423602331	24	(-1, -1, -1, -1, -1, -1, 1, 1, -1, -1, -1)	8.1445559055025
1.3913423602331	25	(-1, -1, -1, -1, -1, -1, 1, 1, -1, -1, 1)	8.1445559055025
1.3913423602331	96	(-1, -1, -1, -1, 1, 1, -1, -1, -1, -1, -1)	8.14455590553673
1.3913423602331	97	(-1, -1, -1, -1, 1, 1, -1, -1, -1, -1, 1)	8.14455590553673
1.3913423602331	98	(-1, -1, -1, -1, 1, 1, -1, -1, -1, 1, -1)	8.14455590553673
1.3913423602331	99	(-1, -1, -1, -1, 1, 1, -1, -1, -1, 1, 1)	8.14455590553673
1.3913423602331	100	(-1, -1, -1, -1, 1, 1, -1, -1, 1, -1, -1)	8.14455590553673
1.3913423602331	101	(-1, -1, -1, -1, 1, 1, -1, -1, 1, -1, 1)	8.14455590553673
1.3913423602331	102	(-1, -1, -1, -1, 1, 1, -1, -1, 1, 1, -1)	8.144555905540305
1.3913423602331	103	(-1, -1, -1, -1, 1, 1, -1, -1, 1, 1, 1)	8.144555905540305
1.3913423602331	152	(-1, -1, -1, 1, -1, -1, 1, 1, -1, -1, -1)	8.144555905522514
1.3913423602331	153	(-1, -1, -1, 1, -1, -1, 1, 1, -1, -1, 1)	8.144555905522514
1.3913423602331	230	(-1, -1, -1, 1, 1, 1, -1, -1, 1, 1, -1)	8.144555905534405
1.3913423602331	231	(-1, -1, -1, 1, 1, 1, -1, -1, 1, 1, 1)	8.144555905534405
1.3913423602331	280	(-1, -1, 1, -1, -1, -1, 1, 1, -1, -1, -1)	8.144555905504518
1.3913423602331	281	(-1, -1, 1, -1, -1, -1, 1, 1, -1, -1, 1)	8.144555905504518
1.3913423602331	358	(-1, -1, 1, -1, 1, 1, -1, -1, 1, 1, -1)	8.1445559055509
1.3913423602331	359	(-1, -1, 1, -1, 1, 1, -1, -1, 1, 1, 1)	8.1445559055509
1.3913423602331	384	(-1, -1, 1, 1, -1, -1, -1, -1, -1, -1, -1)	8.144555905497432
1.3913423602331	385	(-1, -1, 1, 1, -1, -1, -1, -1, -1, -1, 1)	8.144555905497432
1.3913423602331	386	(-1, -1, 1, 1, -1, -1, -1, -1, -1, 1, -1)	8.144555905497432
1.3913423602331	387	(-1, -1, 1, 1, -1, -1, -1, -1, -1, 1, 1)	8.144555905497432
1.3913423602331	388	(-1, -1, 1, 1, -1, -1, -1, -1, 1, -1, -1)	8.144555905497432
1.3913423602331	389	(-1, -1, 1, 1, -1, -1, -1, -1, 1, -1, 1)	8.144555905497432
1.3913423602331	390	(-1, -1, 1, 1, -1, -1, -1, -1, 1, 1, -1)	8.144555905497432
1.3913423602331	391	(-1, -1, 1, 1, -1, -1, -1, -1, 1, 1, 1)	8.144555905497432
1.3913423602331	392	(-1, -1, 1, 1, -1, -1, -1, 1, -1, -1, -1)	8.144555905497432
1.3913423602331	393	(-1, -1, 1, 1, -1, -1, -1, 1, -1, -1, 1)	8.144555905497432
1.3913423602331	394	(-1, -1, 1, 1, -1, -1, -1, 1, -1, 1, -1)	8.144555905497432
1.3913423602331	395	(-1, -1, 1, 1, -1, -1, -1, 1, -1, 1, 1)	8.144555905497432
1.3913423602331	396	(-1, -1, 1, 1, -1, -1, -1, 1, 1, -1, -1)	8.144555905497432
1.3913423602331	397	(-1, -1, 1, 1, -1, -1, -1, 1, 1, -1, 1)	8.144555905497432
1.3913423602331	398	(-1, -1, 1, 1, -1, -1, -1, 1, 1, 1, -1)	8.144555905497432
1.3913423602331	399	(-1, -1, 1, 1, -1, -1, -1, 1, 1, 1, 1)	8.144555905497432
1.3913423602331	400	(-1, -1, 1, 1, -1, -1, 1, -1, -1, -1, -1)	8.144555905497432
1.3913423602331	401	(-1, -1, 1, 1, -1, -1, 1, -1, -1, -1, 1)	8.144555905497432
1.3913423602331	402	(-1, -1, 1, 1, -1, -1, 1, -1, -1, 1, -1)	8.144555905497432
1.3913423602331	403	(-1, -1, 1, 1, -1, -1, 1, -1, -1, 1, 1)	8.144555905497432
1.3913423602331	404	(-1, -1, 1, 1, -1, -1, 1, -1, 1, -1, -1)	8.144555905497432
1.3913423602331	405	(-1, -1, 1, 1, -1, -1, 1, -1, 1, -1, 1)	8.144555905497432
1.3913423602331	406	(-1, -1, 1, 1, -1, -1, 1, -1, 1, 1, -1)	8.144555905497432
1.3913423602331	407	(-1, -1, 1, 1, -1, -1, 1, -1, 1, 1, 1)	8.144555905497432
1.3913423602331	408	(-1, -1, 1, 1, -1, -1, 1, 1, -1, -1, -1)	8.14455590550707
1.3913423602331	409	(-1, -1, 1, 1, -1, -1, 1, 1, -1, -1, 1)	8.14455590550707
1.3913423602331	410	(-1, -1, 1, 1, -1, -1, 1, 1, -1, 1, -1)	8.144555905502251
1.3913423602331	411	(-1, -1, 1, 1, -1, -1, 1, 1, -1, 1, 1)	8.144555905502251
1.3913423602331	412	(-1, -1, 1, 1, -1, -1, 1, 1, 1, -1, -1)	8.144555905502251
1.3913423602331	413	(-1, -1, 1, 1, -1, -1, 1, 1, 1, -1, 1)	8.144555905502251
1.3913423602331	414	(-1, -1, 1, 1, -1, -1, 1, 1, 1, 1, -1)	8.144555905502251
1.3913423602331	415	(-1, -1, 1, 1, -1, -1, 1, 1, 1, 1, 1)	8.144555905502251
1.3913423602331	486	(-1, -1, 1, 1, 1, 1, -1, -1, 1, 1, -1)	8.144555905521699
1.3913423602331	487	(-1, -1, 1, 1, 1, 1, -1, -1, 1, 1, 1)	8.144555905521699
1.3913423602331	536	(-1, 1, -1, -1, -1, -1, 1, 1, -1, -1, -1)	8.144555905556567
1.3913423602331	537	(-1, 1, -1, -1, -1, -1, 1, 1, -1, -1, 1)	8.144555905556567
1.3913423602331	608	(-1, 1, -1, -1, 1, 1, -1, -1, -1, -1, -1)	8.144555905509144
1.3913423602331	609	(-1, 1, -1, -1, 1, 1, -1, -1, -1, -1, 1)	8.144555905509144
1.3913423602331	610	(-1, 1, -1, -1, 1, 1, -1, -1, -1, 1, -1)	8.144555905509144
1.3913423602331	611	(-1, 1, -1, -1, 1, 1, -1, -1, -1, 1, 1)	8.144555905509144
1.3913423602331	612	(-1, 1, -1, -1, 1, 1, -1, -1, 1, -1, -1)	8.144555905509144
1.3913423602331	613	(-1, 1, -1, -1, 1, 1, -1, -1, 1, -1, 1)	8.144555905509144
1.3913423602331	614	(-1, 1, -1, -1, 1, 1, -1, -1, 1, 1, -1)	8.144555905510167
1.3913423602331	615	(-1, 1, -1, -1, 1, 1, -1, -1, 1, 1, 1)	8.144555905510167
1.3913423602331	664	(-1, 1, -1, 1, -1, -1, 1, 1, -1, -1, -1)	8.144555905526735
1.3913423602331	665	(-1, 1, -1, 1, -1, -1, 1, 1, -1, -1, 1)	8.144555905526735
1.3913423602331	742	(-1, 1, -1, 1, 1, 1, -1, -1, 1, 1, -1)	8.14455590550802
1.3913423602331	743	(-1, 1, -1, 1, 1, 1, -1, -1, 1, 1, 1)	8.14455590550802
1.3913423602331	792	(-1, 1, 1, -1, -1, -1, 1, 1, -1, -1, -1)	8.144555905518885
1.3913423602331	793	(-1, 1, 1, -1, -1, -1, 1, 1, -1, -1, 1)	8.144555905518885
1.3913423602331	870	(-1, 1, 1, -1, 1, 1, -1, -1, 1, 1, -1)	8.144555905498468
1.3913423602331	871	(-1, 1, 1, -1, 1, 1, -1, -1, 1, 1, 1)	8.144555905498468
1.3913423602331	920	(-1, 1, 1, 1, -1, -1, 1, 1, -1, -1, -1)	8.144555905562362
1.3913423602331	921	(-1, 1, 1, 1, -1, -1, 1, 1, -1, -1, 1)	8.144555905562362
1.3913423602331	922	(-1, 1, 1, 1, -1, -1, 1, 1, -1, 1, -1)	8.144555905545529
1.3913423602331	923	(-1, 1, 1, 1, -1, -1, 1, 1, -1, 1, 1)	8.144555905545529
1.3913423602331	924	(-1, 1, 1, 1, -1, -1, 1, 1, 1, -1, -1)	8.144555905545529
1.3913423602331	925	(-1, 1, 1, 1, -1, -1, 1, 1, 1, -1, 1)	8.144555905545529
1.3913423602331	926	(-1, 1, 1, 1, -1, -1, 1, 1, 1, 1, -1)	8.144555905545529
1.3913423602331	927	(-1, 1, 1, 1, -1, -1, 1, 1, 1, 1, 1)	8.144555905545529
1.3913423602331	998	(-1, 1, 1, 1, 1, 1, -1, -1, 1, 1, -1)	8.144555905482356
1.3913423602331	999	(-1, 1, 1, 1, 1, 1, -1, -1, 1, 1, 1)	8.144555905482356
1.3913423602331	1048	(1, -1, -1, -1, -1, -1, 1, 1, -1, -1, -1)	8.144555905482356
1.3913423602331	1049	(1, -1, -1, -1, -1, -1, 1, 1, -1, -1, 1)	8.144555905482356
1.3913423602331	1120	(1, -1, -1, -1, 1, 1, -1, -1, -1, -1, -1)	8.144555905545529
1.3913423602331	1121	(1, -1, -1, -1, 1, 1, -1, -1, -1, -1, 1)	8.144555905545529
1.3913423602331	1122	(1, -1, -1, -1, 1, 1, -1, -1, -1, 1, -1)	8.144555905545529
1.3913423602331	1123	(1, -1, -1, -1, 1, 1, -1, -1, -1, 1, 1)	8.144555905545529
1.3913423602331	1124	(1, -1, -1, -1, 1, 1, -1, -1, 1, -1, -1)	8.144555905545529
1.3913423602331	1125	(1, -1, -1, -1, 1, 1, -1, -1, 1, -1, 1)	8.144555905545529
1.3913423602331	1126	(1, -1, -1, -1, 1, 1, -1, -1, 1, 1, -1)	8.144555905562362
1.3913423602331	1127	(1, -1, -1, -1, 1, 1, -1, -1, 1, 1, 1)	8.144555905562362
1.3913423602331	1176	(1, -1, -1, 1, -1, -1, 1, 1, -1, -1, -1)	8.144555905498468
1.3913423602331	1177	(1, -1, -1, 1, -1, -1, 1, 1, -1, -1, 1)	8.144555905498468
1.3913423602331	1254	(1, -1, -1, 1, 1, 1, -1, -1, 1, 1, -1)	8.144555905518885
1.3913423602331	1255	(1, -1, -1, 1, 1, 1, -1, -1, 1, 1, 1)	8.144555905518885
1.3913423602331	1304	(1, -1, 1, -1, -1, -1, 1, 1, -1, -1, -1)	8.14455590550802
1.3913423602331	1305	(1, -1, 1, -1, -1, -1, 1, 1, -1, -1, 1)	8.14455590550802
1.3913423602331	1382	(1, -1, 1, -1, 1, 1, -1, -1, 1, 1, -1)	8.144555905526735
1.3913423602331	1383	(1, -1, 1, -1, 1, 1, -1, -1, 1, 1, 1)	8.144555905526735
1.3913423602331	1432	(1, -1, 1, 1, -1, -1, 1, 1, -1, -1, -1)	8.144555905510167
1.3913423602331	1433	(1, -1, 1, 1, -1, -1, 1, 1, -1, -1, 1)	8.144555905510167
1.3913423602331	1434	(1, -1, 1, 1, -1, -1, 1, 1, -1, 1, -1)	8.144555905509144
1.3913423602331	1435	(1, -1, 1, 1, -1, -1, 1, 1, -1, 1, 1)	8.144555905509144
1.3913423602331	1436	(1, -1, 1, 1, -1, -1, 1, 1, 1, -1, -1)	8.144555905509144
1.3913423602331	1437	(1, -1, 1, 1, -1, -1, 1, 1, 1, -1, 1)	8.144555905509144
1.3913423602331	1438	(1, -1, 1, 1, -1, -1, 1, 1, 1, 1, -1)	8.144555905509144
1.3913423602331	1439	(1, -1, 1, 1, -1, -1, 1, 1, 1, 1, 1)	8.144555905509144
1.3913423602331	1510	(1, -1, 1, 1, 1, 1, -1, -1, 1, 1, -1)	8.144555905556567
1.3913423602331	1511	(1, -1, 1, 1, 1, 1, -1, -1, 1, 1, 1)	8.144555905556567
1.3913423602331	1560	(1, 1, -1, -1, -1, -1, 1, 1, -1, -1, -1)	8.144555905521699
1.3913423602331	1561	(1, 1, -1, -1, -1, -1, 1, 1, -1, -1, 1)	8.144555905521699
1.3913423602331	1632	(1, 1, -1, -1, 1, 1, -1, -1, -1, -1, -1)	8.144555905502251
1.3913423602331	1633	(1, 1, -1, -1, 1, 1, -1, -1, -1, -1, 1)	8.144555905502251
1.3913423602331	1634	(1, 1, -1, -1, 1, 1, -1, -1, -1, 1, -1)	8.144555905502251
1.3913423602331	1635	(1, 1, -1, -1, 1, 1, -1, -1, -1, 1, 1)	8.144555905502251
1.3913423602331	1636	(1, 1, -1, -1, 1, 1, -1, -1, 1, -1, -1)	8.144555905502251
1.3913423602331	1637	(1, 1, -1, -1, 1, 1, -1, -1, 1, -1, 1)	8.144555905502251
1.3913423602331	1638	(1, 1, -1, -1, 1, 1, -1, -1, 1, 1, -1)	8.14455590550707
1.3913423602331	1639	(1, 1, -1, -1, 1, 1, -1, -1, 1, 1, 1)	8.14455590550707
1.3913423602331	1640	(1, 1, -1, -1, 1, 1, -1, 1, -1, -1, -1)	8.144555905497432
1.3913423602331	1641	(1, 1, -1, -1, 1, 1, -1, 1, -1, -1, 1)	8.144555905497432
1.3913423602331	1642	(1, 1, -1, -1, 1, 1, -1, 1, -1, 1, -1)	8.144555905497432
1.3913423602331	1643	(1, 1, -1, -1, 1, 1, -1, 1, -1, 1, 1)	8.144555905497432
1.3913423602331	1644	(1, 1, -1, -1, 1, 1, -1, 1, 1, -1, -1)	8.144555905497432
1.3913423602331	1645	(1, 1, -1, -1, 1, 1, -1, 1, 1, -1, 1)	8.144555905497432
1.3913423602331	1646	(1, 1, -1, -1, 1, 1, -1, 1, 1, 1, -1)	8.144555905497432
1.3913423602331	1647	(1, 1, -1, -1, 1, 1, -1, 1, 1, 1, 1)	8.144555905497432
1.3913423602331	1648	(1, 1, -1, -1, 1, 1, 1, -1, -1, -1, -1)	8.144555905497432
1.3913423602331	1649	(1, 1, -1, -1, 1, 1, 1, -1, -1, -1, 1)	8.144555905497432
1.3913423602331	1650	(1, 1, -1, -1, 1, 1, 1, -1, -1, 1, -1)	8.144555905497432
1.3913423602331	1651	(1, 1, -1, -1, 1, 1, 1, -1, -1, 1, 1)	8.144555905497432
1.3913423602331	1652	(1, 1, -1, -1, 1, 1, 1, -1, 1, -1, -1)	8.144555905497432
1.3913423602331	1653	(1, 1, -1, -1, 1, 1, 1, -1, 1, -1, 1)	8.144555905497432
1.3913423602331	1654	(1, 1, -1, -1, 1, 1, 1, -1, 1, 1, -1)	8.144555905497432
1.3913423602331	1655	(1, 1, -1, -1, 1, 1, 1, -1, 1, 1, 1)	8.144555905497432
1.3913423602331	1656	(1, 1, -1, -1, 1, 1, 1, 1, -1, -1, -1)	8.144555905497432
1.3913423602331	1657	(1, 1, -1, -1, 1, 1, 1, 1, -1, -1, 1)	8.144555905497432
1.3913423602331	1658	(1, 1, -1, -1, 1, 1, 1, 1, -1, 1, -1)	8.144555905497432
1.3913423602331	1659	(1, 1, -1, -1, 1, 1, 1, 1, -1, 1, 1)	8.144555905497432
1.3913423602331	1660	(1, 1, -1, -1, 1, 1, 1, 1, 1, -1, -1)	8.144555905497432
1.3913423602331	1661	(1, 1, -1, -1, 1, 1, 1, 1, 1, -1, 1)	8.144555905497432
1.3913423602331	1662	(1, 1, -1, -1, 1, 1, 1, 1, 1, 1, -1)	8.144555905497432
1.3913423602331	1663	(1, 1, -1, -1, 1, 1, 1, 1, 1, 1, 1)	8.144555905497432
1.3913423602331	1688	(1, 1, -1, 1, -1, -1, 1, 1, -1, -1, -1)	8.1445559055509
1.3913423602331	1689	(1, 1, -1, 1, -1, -1, 1, 1, -1, -1, 1)	8.1445559055509
1.3913423602331	1766	(1, 1, -1, 1, 1, 1, -1, -1, 1, 1, -1)	8.144555905504518
1.3913423602331	1767	(1, 1, -1, 1, 1, 1, -1, -1, 1, 1, 1)	8.144555905504518
1.3913423602331	1816	(1, 1, 1, -1, -1, -1, 1, 1, -1, -1, -1)	8.144555905534405
1.3913423602331	1817	(1, 1, 1, -1, -1, -1, 1, 1, -1, -1, 1)	8.144555905534405
1.3913423602331	1894	(1, 1, 1, -1, 1, 1, -1, -1, 1, 1, -1)	8.144555905522514
1.3913423602331	1895	(1, 1, 1, -1, 1, 1, -1, -1, 1, 1, 1)	8.144555905522514
1.3913423602331	1944	(1, 1, 1, 1, -1, -1, 1, 1, -1, -1, -1)	8.144555905540305
1.3913423602331	1945	(1, 1, 1, 1, -1, -1, 1, 1, -1, -1, 1)	8.144555905540305
1.3913423602331	1946	(1, 1, 1, 1, -1, -1, 1, 1, -1, 1, -1)	8.14455590553673
1.3913423602331	1947	(1, 1, 1, 1, -1, -1, 1, 1, -1, 1, 1)	8.14455590553673
1.3913423602331	1948	(1, 1, 1, 1, -1, -1, 1, 1, 1, -1, -1)	8.14455590553673
1.3913423602331	1949	(1, 1, 1, 1, -1, -1, 1, 1, 1, -1, 1)	8.14455590553673
1.3913423602331	1950	(1, 1, 1, 1, -1, -1, 1, 1, 1, 1, -1)	8.14455590553673
1.3913423602331	1951	(1, 1, 1, 1, -1, -1, 1, 1, 1, 1, 1)	8.14455590553673
1.3913423602331	2022	(1, 1, 1, 1, 1, 1, -1, -1, 1, 1, -1)	8.1445559055025
1.3913423602331	2023	(1, 1, 1, 1, 1, 1, -1, -1, 1, 1, 1)	8.1445559055025
1.39438395288669	24	(-1, -1, -1, -1, -1, -1, 1, 1, -1, -1, -1)	4.611676438739089
1.39438395288669	25	(-1, -1, -1, -1, -1, -1, 1, 1, -1, -1, 1)	5.543505341900728
1.39438395288669	96	(-1, -1, -1, -1, 1, 1, -1, -1, -1, -1, -1)	4.611676438769516
1.39438395288669	97	(-1, -1, -1, -1, 1, 1, -1, -1, -1, -1, 1)	4.611676438769516
1.39438395288669	98	(-1, -1, -1, -1, 1, 1, -1, -1, -1, 1, -1)	4.611676438769516
1.39438395288669	99	(-1, -1, -1, -1, 1, 1, -1, -1, -1, 1, 1)	4.611676438769516
1.39438395288669	100	(-1, -1, -1, -1, 1, 1, -1, -1, 1, -1, -1)	5.543505341937637
1.39438395288669	101	(-1, -1, -1, -1, 1, 1, -1, -1, 1, -1, 1)	5.543505341937637
1.39438395288669	102	(-1, -1, -1, -1, 1, 1, -1, -1, 1, 1, -1)	6.475334245087593
1.39438395288669	103	(-1, -1, -1, -1, 1, 1, -1, -1, 1, 1, 1)	5.543505341930183
1.39438395288669	152	(-1, -1, -1, 1, -1, -1, 1, 1, -1, -1, -1)	5.5435053418883165
1.39438395288669	153	(-1, -1, -1, 1, -1, -1, 1, 1, -1, -1, 1)	6.475334245038044
1.39438395288669	230	(-1, -1, -1, 1, 1, 1, -1, -1, 1, 1, -1)	5.543505341934969
1.39438395288669	231	(-1, -1, -1, 1, 1, 1, -1, -1, 1, 1, 1)	4.611676438751601
1.39438395288669	280	(-1, -1, 1, -1, -1, -1, 1, 1, -1, -1, -1)	4.6116764387439035
1.39438395288669	281	(-1, -1, 1, -1, -1, -1, 1, 1, -1, -1, 1)	5.543505341916316
1.39438395288669	358	(-1, -1, 1, -1, 1, 1, -1, -1, 1, 1, -1)	6.475334245050088
1.39438395288669	359	(-1, -1, 1, -1, 1, 1, -1, -1, 1, 1, 1)	5.543505341896534
1.39438395288669	384	(-1, -1, 1, 1, -1, -1, -1, -1, -1, -1, -1)	4.611676438715718
1.39438395288669	385	(-1, -1, 1, 1, -1, -1, -1, -1, -1, -1, 1)	4.611676438715718
1.39438395288669	386	(-1, -1, 1, 1, -1, -1, -1, -1, -1, 1, -1)	4.611676438715718
1.39438395288669	387	(-1, -1, 1, 1, -1, -1, -1, -1, -1, 1, 1)	4.611676438715718
1.39438395288669	388	(-1, -1, 1, 1, -1, -1, -1, -1, 1, -1, -1)	4.611676438715718
1.39438395288669	389	(-1, -1, 1, 1, -1, -1, -1, -1, 1, -1, 1)	4.611676438715718
1.39438395288669	390	(-1, -1, 1, 1, -1, -1, -1, -1, 1, 1, -1)	4.611676438715718
1.39438395288669	391	(-1, -1, 1, 1, -1, -1, -1, -1, 1, 1, 1)	4.611676438715718
1.39438395288669	392	(-1, -1, 1, 1, -1, -1, -1, 1, -1, -1, -1)	4.611676438715718
1.39438395288669	393	(-1, -1, 1, 1, -1, -1, -1, 1, -1, -1, 1)	4.611676438715718
1.39438395288669	394	(-1, -1, 1, 1, -1, -1, -1, 1, -1, 1, -1)	4.611676438715718
1.39438395288669	395	(-1, -1, 1, 1, -1, -1, -1, 1, -1, 1, 1)	4.611676438715718
1.39438395288669	396	(-1, -1, 1, 1, -1, -1, -1, 1, 1, -1, -1)	4.611676438715718
1.39438395288669	397	(-1, -1, 1, 1, -1, -1, -1, 1, 1, -1, 1)	4.611676438715718
1.39438395288669	398	(-1, -1, 1, 1, -1, -1, -1, 1, 1, 1, -1)	4.611676438715718
1.39438395288669	399	(-1, -1, 1, 1, -1, -1, -1, 1, 1, 1, 1)	4.611676438715718
1.39438395288669	400	(-1, -1, 1, 1, -1, -1, 1, -1, -1, -1, -1)	5.543505341881042
1.39438395288669	401	(-1, -1, 1, 1, -1, -1, 1, -1, -1, -1, 1)	5.543505341881042
1.39438395288669	402	(-1, -1, 1, 1, -1, -1, 1, -1, -1, 1, -1)	5.543505341881042
1.39438395288669	403	(-1, -1, 1, 1, -1, -1, 1, -1, -1, 1, 1)	5.543505341881042
1.39438395288669	404	(-1, -1, 1, 1, -1, -1, 1, -1, 1, -1, -1)	5.543505341881042
1.39438395288669	405	(-1, -1, 1, 1, -1, -1, 1, -1, 1, -1, 1)	5.543505341881042
1.39438395288669	406	(-1, -1, 1, 1, -1, -1, 1, -1, 1, 1, -1)	5.543505341881042
1.39438395288669	407	(-1, -1, 1, 1, -1, -1, 1, -1, 1, 1, 1)	5.543505341881042
1.39438395288669	408	(-1, -1, 1, 1, -1, -1, 1, 1, -1, -1, -1)	6.475334245044101
1.39438395288669	409	(-1, -1, 1, 1, -1, -1, 1, 1, -1, -1, 1)	6.475334245043948
1.39438395288669	410	(-1, -1, 1, 1, -1, -1, 1, 1, -1, 1, -1)	6.475334245046367
1.39438395288669	411	(-1, -1, 1, 1, -1, -1, 1, 1, -1, 1, 1)	6.475334245046367
1.39438395288669	412	(-1, -1, 1, 1, -1, -1, 1, 1, 1, -1, -1)	5.543505341895674
1.39438395288669	413	(-1, -1, 1, 1, -1, -1, 1, 1, 1, -1, 1)	5.543505341895674
1.39438395288669	414	(-1, -1, 1, 1, -1, -1, 1, 1, 1, 1, -1)	5.543505341895674
1.39438395288669	415	(-1, -1, 1, 1, -1, -1, 1, 1, 1, 1, 1)	5.543505341895674
1.39438395288669	486	(-1, -1, 1, 1, 1, 1, -1, -1, 1, 1, -1)	5.543505341937372
1.39438395288669	487	(-1, -1, 1, 1, 1, 1, -1, -1, 1, 1, 1)	4.611676438752081
1.39438395288669	536	(-1, 1, -1, -1, -1, -1, 1, 1, -1, -1, -1)	4.611676438728777
1.39438395288669	537	(-1, 1, -1, -1, -1, -1, 1, 1, -1, -1, 1)	5.543505341911623
