2.239946710584653	132	(-1, -1, -1, 1, -1, -1, -1, -1, 1, -1, -1)	7.2987509729012245
2.239946710584653	891	(-1, 1, 1, -1, 1, 1, 1, 1, -1, 1, 1)	7.298750973036833
2.239946710584653	1156	(1, -1, -1, 1, -1, -1, -1, -1, 1, -1, -1)	7.298750973036833
2.239946710584653	1915	(1, 1, 1, -1, 1, 1, 1, 1, -1, 1, 1)	7.2987509729012245
2.242988303238243	132	(-1, -1, -1, 1, -1, -1, -1, -1, 1, -1, -1)	9.362724738556906
2.242988303238243	891	(-1, 1, 1, -1, 1, 1, 1, 1, -1, 1, 1)	9.362724738665062
2.242988303238243	1156	(1, -1, -1, 1, -1, -1, -1, -1, 1, -1, -1)	9.362724738665062
2.242988303238243	1915	(1, 1, 1, -1, 1, 1, 1, 1, -1, 1, 1)	9.362724738556906
2.2581962665061917	6	(-1, -1, -1, -1, -1, -1, -1, -1, 1, 1, -1)	7.27535347695232
2.2581962665061917	9	(-1, -1, -1, -1, -1, -1, -1, 1, -1, -1, 1)	7.275353476958755
2.2581962665061917	22	(-1, -1, -1, -1, -1, -1, 1, -1, 1, 1, -1)	7.275353476946782
2.2581962665061917	24	(-1, -1, -1, -1, -1, -1, 1, 1, -1, -1, -1)	7.275353476857412
2.2581962665061917	25	(-1, -1, -1, -1, -1, -1, 1, 1, -1, -1, 1)	7.275353476902773
2.2581962665061917	26	(-1, -1, -1, -1, -1, -1, 1, 1, -1, 1, -1)	7.275353476857412
2.2581962665061917	27	(-1, -1, -1, -1, -1, -1, 1, 1, -1, 1, 1)	7.275353476857412
2.2581962665061917	36	(-1, -1, -1, -1, -1, 1, -1, -1, 1, -1, -1)	7.275353476890399
2.2581962665061917	37	(-1, -1, -1, -1, -1, 1, -1, -1, 1, -1, 1)	7.275353476890399
2.2581962665061917	38	(-1, -1, -1, -1, -1, 1, -1, -1, 1, 1, -1)	7.275353476917251
2.2581962665061917	39	(-1, -1, -1, -1, -1, 1, -1, -1, 1, 1, 1)	7.275353476890399
2.2581962665061917	41	(-1, -1, -1, -1, -1, 1, -1, 1, -1, -1, 1)	7.275353476961422
2.2581962665061917	54	(-1, -1, -1, -1, -1, 1, 1, -1, 1, 1, -1)	7.275353476950612
2.2581962665061917	57	(-1, -1, -1, -1, -1, 1, 1, 1, -1, -1, 1)	7.275353476959929
2.2581962665061917	70	(-1, -1, -1, -1, 1, -1, -1, -1, 1, 1, -1)	7.275353476989107
2.2581962665061917	73	(-1, -1, -1, -1, 1, -1, -1, 1, -1, -1, 1)	7.275353476983276
2.2581962665061917	86	(-1, -1, -1, -1, 1, -1, 1, -1, 1, 1, -1)	7.275353476984675
2.2581962665061917	88	(-1, -1, -1, -1, 1, -1, 1, 1, -1, -1, -1)	7.27535347684139
2.2581962665061917	89	(-1, -1, -1, -1, 1, -1, 1, 1, -1, -1, 1)	7.275353476902563
2.2581962665061917	90	(-1, -1, -1, -1, 1, -1, 1, 1, -1, 1, -1)	7.27535347684139
2.2581962665061917	91	(-1, -1, -1, -1, 1, -1, 1, 1, -1, 1, 1)	7.27535347684139
2.2581962665061917	96	(-1, -1, -1, -1, 1, 1, -1, -1, -1, -1, -1)	7.275353476964543
2.2581962665061917	97	(-1, -1, -1, -1, 1, 1, -1, -1, -1, -1, 1)	7.275353476964543
2.2581962665061917	98	(-1, -1, -1, -1, 1, 1, -1, -1, -1, 1, -1)	7.275353476964543
2.2581962665061917	99	(-1, -1, -1, -1, 1, 1, -1, -1, -1, 1, 1)	7.275353476964543
2.2581962665061917	100	(-1, -1, -1, -1, 1, 1, -1, -1, 1, -1, -1)	7.275353476938753
2.2581962665061917	101	(-1, -1, -1, -1, 1, 1, -1, -1, 1, -1, 1)	7.275353476938753
2.2581962665061917	102	(-1, -1, -1, -1, 1, 1, -1, -1, 1, 1, -1)	7.275353476964543
2.2581962665061917	103	(-1, -1, -1, -1, 1, 1, -1, -1, 1, 1, 1)	7.275353476938753
2.2581962665061917	104	(-1, -1, -1, -1, 1, 1, -1, 1, -1, -1, -1)	7.275353476964543
2.2581962665061917	105	(-1, -1, -1, -1, 1, 1, -1, 1, -1, -1, 1)	7.275353476981261
2.2581962665061917	106	(-1, -1, -1, -1, 1, 1, -1, 1, -1, 1, -1)	7.275353476964543
2.2581962665061917	107	(-1, -1, -1, -1, 1, 1, -1, 1, -1, 1, 1)	7.275353476964543
2.2581962665061917	108	(-1, -1, -1, -1, 1, 1, -1, 1, 1, -1, -1)	7.275353476964543
2.2581962665061917	109	(-1, -1, -1, -1, 1, 1, -1, 1, 1, -1, 1)	7.275353476964543
2.2581962665061917	110	(-1, -1, -1, -1, 1, 1, -1, 1, 1, 1, -1)	7.275353476964543
2.2581962665061917	111	(-1, -1, -1, -1, 1, 1, -1, 1, 1, 1, 1)	7.275353476964543
2.2581962665061917	118	(-1, -1, -1, -1, 1, 1, 1, -1, 1, 1, -1)	7.275353476991516
2.2581962665061917	121	(-1, -1, -1, -1, 1, 1, 1, 1, -1, -1, 1)	7.275353476994324
2.2581962665061917	134	(-1, -1, -1, 1, -1, -1, -1, -1, 1, 1, -1)	7.275353476990184
2.2581962665061917	137	(-1, -1, -1, 1, -1, -1, -1, 1, -1, -1, 1)	7.275353476970125
2.2581962665061917	144	(-1, -1, -1, 1, -1, -1, 1, -1, -1, -1, -1)	7.275353476938508
2.2581962665061917	145	(-1, -1, -1, 1, -1, -1, 1, -1, -1, -1, 1)	7.275353476938508
2.2581962665061917	146	(-1, -1, -1, 1, -1, -1, 1, -1, -1, 1, -1)	7.275353476938508
2.2581962665061917	147	(-1, -1, -1, 1, -1, -1, 1, -1, -1, 1, 1)	7.275353476938508
2.2581962665061917	148	(-1, -1, -1, 1, -1, -1, 1, -1, 1, -1, -1)	7.275353476938508
2.2581962665061917	149	(-1, -1, -1, 1, -1, -1, 1, -1, 1, -1, 1)	7.275353476938508
2.2581962665061917	150	(-1, -1, -1, 1, -1, -1, 1, -1, 1, 1, -1)	7.275353476968396
2.2581962665061917	151	(-1, -1, -1, 1, -1, -1, 1, -1, 1, 1, 1)	7.275353476938508
2.2581962665061917	152	(-1, -1, -1, 1, -1, -1, 1, 1, -1, -1, -1)	7.275353476904021
2.2581962665061917	153	(-1, -1, -1, 1, -1, -1, 1, 1, -1, -1, 1)	7.275353476938508
2.2581962665061917	154	(-1, -1, -1, 1, -1, -1, 1, 1, -1, 1, -1)	7.275353476904021
2.2581962665061917	155	(-1, -1, -1, 1, -1, -1, 1, 1, -1, 1, 1)	7.275353476904021
2.2581962665061917	156	(-1, -1, -1, 1, -1, -1, 1, 1, 1, -1, -1)	7.275353476938508
2.2581962665061917	157	(-1, -1, -1, 1, -1, -1, 1, 1, 1, -1, 1)	7.275353476938508
2.2581962665061917	158	(-1, -1, -1, 1, -1, -1, 1, 1, 1, 1, -1)	7.275353476938508
2.2581962665061917	159	(-1, -1, -1, 1, -1, -1, 1, 1, 1, 1, 1)	7.275353476938508
2.2581962665061917	164	(-1, -1, -1, 1, -1, 1, -1, -1, 1, -1, -1)	7.27535347694165
2.2581962665061917	165	(-1, -1, -1, 1, -1, 1, -1, -1, 1, -1, 1)	7.27535347694165
2.2581962665061917	166	(-1, -1, -1, 1, -1, 1, -1, -1, 1, 1, -1)	7.275353476977564
2.2581962665061917	167	(-1, -1, -1, 1, -1, 1, -1, -1, 1, 1, 1)	7.27535347694165
2.2581962665061917	169	(-1, -1, -1, 1, -1, 1, -1, 1, -1, -1, 1)	7.275353476966739
2.2581962665061917	182	(-1, -1, -1, 1, -1, 1, 1, -1, 1, 1, -1)	7.275353476981576
2.2581962665061917	185	(-1, -1, -1, 1, -1, 1, 1, 1, -1, -1, 1)	7.275353476964069
2.2581962665061917	198	(-1, -1, -1, 1, 1, -1, -1, -1, 1, 1, -1)	7.2753534769494985
2.2581962665061917	201	(-1, -1, -1, 1, 1, -1, -1, 1, -1, -1, 1)	7.275353476919147
2.2581962665061917	214	(-1, -1, -1, 1, 1, -1, 1, -1, 1, 1, -1)	7.275353476937147
2.2581962665061917	216	(-1, -1, -1, 1, 1, -1, 1, 1, -1, -1, -1)	7.2753534768780765
2.2581962665061917	217	(-1, -1, -1, 1, 1, -1, 1, 1, -1, -1, 1)	7.275353476899666
2.2581962665061917	218	(-1, -1, -1, 1, 1, -1, 1, 1, -1, 1, -1)	7.2753534768780765
2.2581962665061917	219	(-1, -1, -1, 1, 1, -1, 1, 1, -1, 1, 1)	7.2753534768780765
2.2581962665061917	228	(-1, -1, -1, 1, 1, 1, -1, -1, 1, -1, -1)	7.275353476928612
2.2581962665061917	229	(-1, -1, -1, 1, 1, 1, -1, -1, 1, -1, 1)	7.275353476928612
2.2581962665061917	230	(-1, -1, -1, 1, 1, 1, -1, -1, 1, 1, -1)	7.2753534769468065
2.2581962665061917	231	(-1, -1, -1, 1, 1, 1, -1, -1, 1, 1, 1)	7.275353476928612
2.2581962665061917	233	(-1, -1, -1, 1, 1, 1, -1, 1, -1, -1, 1)	7.275353476904607
2.2581962665061917	246	(-1, -1, -1, 1, 1, 1, 1, -1, 1, 1, -1)	7.275353476942981
2.2581962665061917	249	(-1, -1, -1, 1, 1, 1, 1, 1, -1, -1, 1)	7.275353476898413
2.2581962665061917	262	(-1, -1, 1, -1, -1, -1, -1, -1, 1, 1, -1)	7.275353476969495
2.2581962665061917	265	(-1, -1, 1, -1, -1, -1, -1, 1, -1, -1, 1)	7.275353476910789
2.2581962665061917	278	(-1, -1, 1, -1, -1, -1, 1, -1, 1, 1, -1)	7.275353476950012
2.2581962665061917	280	(-1, -1, 1, -1, -1, -1, 1, 1, -1, -1, -1)	7.275353476933426
2.2581962665061917	281	(-1, -1, 1, -1, -1, -1, 1, 1, -1, -1, 1)	7.27535347691949
2.2581962665061917	282	(-1, -1, 1, -1, -1, -1, 1, 1, -1, 1, -1)	7.275353476933426
2.2581962665061917	283	(-1, -1, 1, -1, -1, -1, 1, 1, -1, 1, 1)	7.275353476933426
2.2581962665061917	292	(-1, -1, 1, -1, -1, 1, -1, -1, 1, -1, -1)	7.275353476984953
2.2581962665061917	293	(-1, -1, 1, -1, -1, 1, -1, -1, 1, -1, 1)	7.275353476984953
2.2581962665061917	294	(-1, -1, 1, -1, -1, 1, -1, -1, 1, 1, -1)	7.275353476963238
2.2581962665061917	295	(-1, -1, 1, -1, -1, 1, -1, -1, 1, 1, 1)	7.275353476984953
2.2581962665061917	297	(-1, -1, 1, -1, -1, 1, -1, 1, -1, -1, 1)	7.275353476865475
2.2581962665061917	310	(-1, -1, 1, -1, -1, 1, 1, -1, 1, 1, -1)	7.275353476941541
2.2581962665061917	313	(-1, -1, 1, -1, -1, 1, 1, 1, -1, -1, 1)	7.2753534768737955
2.2581962665061917	326	(-1, -1, 1, -1, 1, -1, -1, -1, 1, 1, -1)	7.275353476992786
2.2581962665061917	329	(-1, -1, 1, -1, 1, -1, -1, 1, -1, -1, 1)	7.275353476892098
2.2581962665061917	342	(-1, -1, 1, -1, 1, -1, 1, -1, 1, 1, -1)	7.2753534769906345
2.2581962665061917	344	(-1, -1, 1, -1, 1, -1, 1, 1, -1, -1, -1)	7.2753534769264725
2.2581962665061917	345	(-1, -1, 1, -1, 1, -1, 1, 1, -1, -1, 1)	7.275353476919637
2.2581962665061917	346	(-1, -1, 1, -1, 1, -1, 1, 1, -1, 1, -1)	7.2753534769264725
2.2581962665061917	347	(-1, -1, 1, -1, 1, -1, 1, 1, -1, 1, 1)	7.2753534769264725
2.2581962665061917	352	(-1, -1, 1, -1, 1, 1, -1, -1, -1, -1, -1)	7.275353476948498
2.2581962665061917	353	(-1, -1, 1, -1, 1, 1, -1, -1, -1, -1, 1)	7.275353476948498
2.2581962665061917	354	(-1, -1, 1, -1, 1, 1, -1, -1, -1, 1, -1)	7.275353476948498
2.2581962665061917	355	(-1, -1, 1, -1, 1, 1, -1, -1, -1, 1, 1)	7.275353476948498
2.2581962665061917	356	(-1, -1, 1, -1, 1, 1, -1, -1, 1, -1, -1)	7.2753534769682275
2.2581962665061917	357	(-1, -1, 1, -1, 1, 1, -1, -1, 1, -1, 1)	7.2753534769682275
2.2581962665061917	358	(-1, -1, 1, -1, 1, 1, -1, -1, 1, 1, -1)	7.275353476948498
2.2581962665061917	359	(-1, -1, 1, -1, 1, 1, -1, -1, 1, 1, 1)	7.2753534769682275
2.2581962665061917	360	(-1, -1, 1, -1, 1, 1, -1, 1, -1, -1, -1)	7.275353476948498
2.2581962665061917	361	(-1, -1, 1, -1, 1, 1, -1, 1, -1, -1, 1)	7.275353476923534
2.2581962665061917	362	(-1, -1, 1, -1, 1, 1, -1, 1, -1, 1, -1)	7.275353476948498
2.2581962665061917	363	(-1, -1, 1, -1, 1, 1, -1, 1, -1, 1, 1)	7.275353476948498
2.2581962665061917	364	(-1, -1, 1, -1, 1, 1, -1, 1, 1, -1, -1)	7.275353476948498
2.2581962665061917	365	(-1, -1, 1, -1, 1, 1, -1, 1, 1, -1, 1)	7.275353476948498
2.2581962665061917	366	(-1, -1, 1, -1, 1, 1, -1, 1, 1, 1, -1)	7.275353476948498
2.2581962665061917	367	(-1, -1, 1, -1, 1, 1, -1, 1, 1, 1, 1)	7.275353476948498
2.2581962665061917	374	(-1, -1, 1, -1, 1, 1, 1, -1, 1, 1, -1)	7.27535347693175
2.2581962665061917	377	(-1, -1, 1, -1, 1, 1, 1, 1, -1, -1, 1)	7.275353476924683
2.2581962665061917	384	(-1, -1, 1, 1, -1, -1, -1, -1, -1, -1, -1)	7.275353476938329
2.2581962665061917	385	(-1, -1, 1, 1, -1, -1, -1, -1, -1, -1, 1)	7.275353476938329
2.2581962665061917	386	(-1, -1, 1, 1, -1, -1, -1, -1, -1, 1, -1)	7.275353476938329
2.2581962665061917	387	(-1, -1, 1, 1, -1, -1, -1, -1, -1, 1, 1)	7.275353476938329
2.2581962665061917	388	(-1, -1, 1, 1, -1, -1, -1, -1, 1, -1, -1)	7.275353476938329
2.2581962665061917	389	(-1, -1, 1, 1, -1, -1, -1, -1, 1, -1, 1)	7.275353476938329
2.2581962665061917	390	(-1, -1, 1, 1, -1, -1, -1, -1, 1, 1, -1)	7.27535347695017
2.2581962665061917	391	(-1, -1, 1, 1, -1, -1, -1, -1, 1, 1, 1)	7.275353476938329
2.2581962665061917	392	(-1, -1, 1, 1, -1, -1, -1, 1, -1, -1, -1)	7.275353476938329
2.2581962665061917	393	(-1, -1, 1, 1, -1, -1, -1, 1, -1, -1, 1)	7.275353476940874
2.2581962665061917	394	(-1, -1, 1, 1, -1, -1, -1, 1, -1, 1, -1)	7.275353476938329
2.2581962665061917	395	(-1, -1, 1, 1, -1, -1, -1, 1, -1, 1, 1)	7.275353476938329
2.2581962665061917	396	(-1, -1, 1, 1, -1, -1, -1, 1, 1, -1, -1)	7.275353476938329
2.2581962665061917	397	(-1, -1, 1, 1, -1, -1, -1, 1, 1, -1, 1)	7.275353476938329
2.2581962665061917	398	(-1, -1, 1, 1, -1, -1, -1, 1, 1, 1, -1)	7.275353476938329
2.2581962665061917	399	(-1, -1, 1, 1, -1, -1, -1, 1, 1, 1, 1)	7.275353476938329
2.2581962665061917	400	(-1, -1, 1, 1, -1, -1, 1, -1, -1, -1, -1)	7.275353476940152
2.2581962665061917	401	(-1, -1, 1, 1, -1, -1, 1, -1, -1, -1, 1)	7.275353476940152
2.2581962665061917	402	(-1, -1, 1, 1, -1, -1, 1, -1, -1, 1, -1)	7.275353476940152
2.2581962665061917	403	(-1, -1, 1, 1, -1, -1, 1, -1, -1, 1, 1)	7.275353476940152
2.2581962665061917	404	(-1, -1, 1, 1, -1, -1, 1, -1, 1, -1, -1)	7.275353476940152
2.2581962665061917	405	(-1, -1, 1, 1, -1, -1, 1, -1, 1, -1, 1)	7.275353476940152
2.2581962665061917	406	(-1, -1, 1, 1, -1, -1, 1, -1, 1, 1, -1)	7.275353476941976
2.2581962665061917	407	(-1, -1, 1, 1, -1, -1, 1, -1, 1, 1, 1)	7.275353476940152
2.2581962665061917	408	(-1, -1, 1, 1, -1, -1, 1, 1, -1, -1, -1)	7.275353476938329
2.2581962665061917	409	(-1, -1, 1, 1, -1, -1, 1, 1, -1, -1, 1)	7.275353476940152
2.2581962665061917	410	(-1, -1, 1, 1, -1, -1, 1, 1, -1, 1, -1)	7.275353476938329
2.2581962665061917	411	(-1, -1, 1, 1, -1, -1, 1, 1, -1, 1, 1)	7.275353476938329
2.2581962665061917	412	(-1, -1, 1, 1, -1, -1, 1, 1, 1, -1, -1)	7.275353476940152
2.2581962665061917	413	(-1, -1, 1, 1, -1, -1, 1, 1, 1, -1, 1)	7.275353476940152
2.2581962665061917	414	(-1, -1, 1, 1, -1, -1, 1, 1, 1, 1, -1)	7.275353476940152
2.2581962665061917	415	(-1, -1, 1, 1, -1, -1, 1, 1, 1, 1, 1)	7.275353476940152
2.2581962665061917	416	(-1, -1, 1, 1, -1, 1, -1, -1, -1, -1, -1)	7.275353476938329
2.2581962665061917	417	(-1, -1, 1, 1, -1, 1, -1, -1, -1, -1, 1)	7.275353476938329
2.2581962665061917	418	(-1, -1, 1, 1, -1, 1, -1, -1, -1, 1, -1)	7.275353476938329
2.2581962665061917	419	(-1, -1, 1, 1, -1, 1, -1, -1, -1, 1, 1)	7.275353476938329
2.2581962665061917	420	(-1, -1, 1, 1, -1, 1, -1, -1, 1, -1, -1)	7.275353476953952
2.2581962665061917	421	(-1, -1, 1, 1, -1, 1, -1, -1, 1, -1, 1)	7.275353476953952
2.2581962665061917	422	(-1, -1, 1, 1, -1, 1, -1, -1, 1, 1, -1)	7.275353476938329
2.2581962665061917	423	(-1, -1, 1, 1, -1, 1, -1, -1, 1, 1, 1)	7.275353476953952
2.2581962665061917	424	(-1, -1, 1, 1, -1, 1, -1, 1, -1, -1, -1)	7.275353476938329
2.2581962665061917	425	(-1, -1, 1, 1, -1, 1, -1, 1, -1, -1, 1)	7.275353476899458
2.2581962665061917	426	(-1, -1, 1, 1, -1, 1, -1, 1, -1, 1, -1)	7.275353476938329
2.2581962665061917	427	(-1, -1, 1, 1, -1, 1, -1, 1, -1, 1, 1)	7.275353476938329
2.2581962665061917	428	(-1, -1, 1, 1, -1, 1, -1, 1, 1, -1, -1)	7.275353476938329
2.2581962665061917	429	(-1, -1, 1, 1, -1, 1, -1, 1, 1, -1, 1)	7.275353476938329
2.2581962665061917	430	(-1, -1, 1, 1, -1, 1, -1, 1, 1, 1, -1)	7.275353476938329
2.2581962665061917	431	(-1, -1, 1, 1, -1, 1, -1, 1, 1, 1, 1)	7.275353476938329
2.2581962665061917	432	(-1, -1, 1, 1, -1, 1, 1, -1, -1, -1, -1)	7.275353476938329
2.2581962665061917	433	(-1, -1, 1, 1, -1, 1, 1, -1, -1, -1, 1)	7.275353476938329
2.2581962665061917	434	(-1, -1, 1, 1, -1, 1, 1, -1, -1, 1, -1)	7.275353476938329
2.2581962665061917	435	(-1, -1, 1, 1, -1, 1, 1, -1, -1, 1, 1)	7.275353476938329
2.2581962665061917	436	(-1, -1, 1, 1, -1, 1, 1, -1, 1, -1, -1)	7.275353476938329
2.2581962665061917	437	(-1, -1, 1, 1, -1, 1, 1, -1, 1, -1, 1)	7.275353476938329
2.2581962665061917	438	(-1, -1, 1, 1, -1, 1, 1, -1, 1, 1, -1)	7.275353476943668
2.2581962665061917	439	(-1, -1, 1, 1, -1, 1, 1, -1, 1, 1, 1)	7.275353476938329
2.2581962665061917	440	(-1, -1, 1, 1, -1, 1, 1, 1, -1, -1, -1)	7.275353476938329
2.2581962665061917	441	(-1, -1, 1, 1, -1, 1, 1, 1, -1, -1, 1)	7.275353476919179
2.2581962665061917	442	(-1, -1, 1, 1, -1, 1, 1, 1, -1, 1, -1)	7.275353476938329
2.2581962665061917	443	(-1, -1, 1, 1, -1, 1, 1, 1, -1, 1, 1)	7.275353476938329
2.2581962665061917	444	(-1, -1, 1, 1, -1, 1, 1, 1, 1, -1, -1)	7.275353476938329
2.2581962665061917	445	(-1, -1, 1, 1, -1, 1, 1, 1, 1, -1, 1)	7.275353476938329
2.2581962665061917	446	(-1, -1, 1, 1, -1, 1, 1, 1, 1, 1, -1)	7.275353476938329
2.2581962665061917	447	(-1, -1, 1, 1, -1, 1, 1, 1, 1, 1, 1)	7.275353476938329
2.2581962665061917	454	(-1, -1, 1, 1, 1, -1, -1, -1, 1, 1, -1)	7.2753534769674335
2.2581962665061917	457	(-1, -1, 1, 1, 1, -1, -1, 1, -1, -1, 1)	7.275353476912776
2.2581962665061917	470	(-1, -1, 1, 1, 1, -1, 1, -1, 1, 1, -1)	7.275353476963287
2.2581962665061917	472	(-1, -1, 1, 1, 1, -1, 1, 1, -1, -1, -1)	7.275353476901212
2.2581962665061917	473	(-1, -1, 1, 1, 1, -1, 1, 1, -1, -1, 1)	7.275353476903911
2.2581962665061917	474	(-1, -1, 1, 1, 1, -1, 1, 1, -1, 1, -1)	7.275353476901212
2.2581962665061917	475	(-1, -1, 1, 1, 1, -1, 1, 1, -1, 1, 1)	7.275353476901212
2.2581962665061917	484	(-1, -1, 1, 1, 1, 1, -1, -1, 1, -1, -1)	7.27535347696356
2.2581962665061917	485	(-1, -1, 1, 1, 1, 1, -1, -1, 1, -1, 1)	7.27535347696356
2.2581962665061917	486	(-1, -1, 1, 1, 1, 1, -1, -1, 1, 1, -1)	7.275353476990487
2.2581962665061917	487	(-1, -1, 1, 1, 1, 1, -1, -1, 1, 1, 1)	7.27535347696356
2.2581962665061917	489	(-1, -1, 1, 1, 1, 1, -1, 1, -1, -1, 1)	7.27535347691441
2.2581962665061917	502	(-1, -1, 1, 1, 1, 1, 1, -1, 1, 1, -1)	7.275353477016112
2.2581962665061917	505	(-1, -1, 1, 1, 1, 1, 1, 1, -1, -1, 1)	7.275353476906907
2.2581962665061917	518	(-1, 1, -1, -1, -1, -1, -1, -1, 1, 1, -1)	7.275353476958897
2.2581962665061917	521	(-1, 1, -1, -1, -1, -1, -1, 1, -1, -1, 1)	7.275353476917363
2.2581962665061917	534	(-1, 1, -1, -1, -1, -1, 1, -1, 1, 1, -1)	7.275353476931912
2.2581962665061917	536	(-1, 1, -1, -1, -1, -1, 1, 1, -1, -1, -1)	7.27535347686095
2.2581962665061917	537	(-1, 1, -1, -1, -1, -1, 1, 1, -1, -1, 1)	7.275353476887891
2.2581962665061917	538	(-1, 1, -1, -1, -1, -1, 1, 1, -1, 1, -1)	7.27535347686095
2.2581962665061917	539	(-1, 1, -1, -1, -1, -1, 1, 1, -1, 1, 1)	7.27535347686095
2.2581962665061917	548	(-1, 1, -1, -1, -1, 1, -1, -1, 1, -1, -1)	7.275353476910294
2.2581962665061917	549	(-1, 1, -1, -1, -1, 1, -1, -1, 1, -1, 1)	7.275353476910294
2.2581962665061917	550	(-1, 1, -1, -1, -1, 1, -1, -1, 1, 1, -1)	7.275353476912156
2.2581962665061917	551	(-1, 1, -1, -1, -1, 1, -1, -1, 1, 1, 1)	7.275353476910294
2.2581962665061917	553	(-1, 1, -1, -1, -1, 1, -1, 1, -1, -1, 1)	7.275353476897632
2.2581962665061917	566	(-1, 1, -1, -1, -1, 1, 1, -1, 1, 1, -1)	7.27535347692537
2.2581962665061917	569	(-1, 1, -1, -1, -1, 1, 1, 1, -1, -1, 1)	7.275353476904876
2.2581962665061917	576	(-1, 1, -1, -1, 1, -1, -1, -1, -1, -1, -1)	7.275353476952483
2.2581962665061917	577	(-1, 1, -1, -1, 1, -1, -1, -1, -1, -1, 1)	7.275353476952483
2.2581962665061917	578	(-1, 1, -1, -1, 1, -1, -1, -1, -1, 1, -1)	7.275353476952483
2.2581962665061917	579	(-1, 1, -1, -1, 1, -1, -1, -1, -1, 1, 1)	7.275353476952483
2.2581962665061917	580	(-1, 1, -1, -1, 1, -1, -1, -1, 1, -1, -1)	7.275353476952483
2.2581962665061917	581	(-1, 1, -1, -1, 1, -1, -1, -1, 1, -1, 1)	7.275353476952483
2.2581962665061917	582	(-1, 1, -1, -1, 1, -1, -1, -1, 1, 1, -1)	7.275353476938169
2.2581962665061917	583	(-1, 1, -1, -1, 1, -1, -1, -1, 1, 1, 1)	7.275353476952483
2.2581962665061917	584	(-1, 1, -1, -1, 1, -1, -1, 1, -1, -1, -1)	7.275353476952483
2.2581962665061917	585	(-1, 1, -1, -1, 1, -1, -1, 1, -1, -1, 1)	7.275353476955207
2.2581962665061917	586	(-1, 1, -1, -1, 1, -1, -1, 1, -1, 1, -1)	7.275353476952483
2.2581962665061917	587	(-1, 1, -1, -1, 1, -1, -1, 1, -1, 1, 1)	7.275353476952483
2.2581962665061917	588	(-1, 1, -1, -1, 1, -1, -1, 1, 1, -1, -1)	7.275353476952483
2.2581962665061917	589	(-1, 1, -1, -1, 1, -1, -1, 1, 1, -1, 1)	7.275353476952483
2.2581962665061917	590	(-1, 1, -1, -1, 1, -1, -1, 1, 1, 1, -1)	7.275353476952483
2.2581962665061917	591	(-1, 1, -1, -1, 1, -1, -1, 1, 1, 1, 1)	7.275353476952483
2.2581962665061917	592	(-1, 1, -1, -1, 1, -1, 1, -1, -1, -1, -1)	7.275353476952483
2.2581962665061917	593	(-1, 1, -1, -1, 1, -1, 1, -1, -1, -1, 1)	7.275353476952483
2.2581962665061917	594	(-1, 1, -1, -1, 1, -1, 1, -1, -1, 1, -1)	7.275353476952483
2.2581962665061917	595	(-1, 1, -1, -1, 1, -1, 1, -1, -1, 1, 1)	7.275353476952483
2.2581962665061917	596	(-1, 1, -1, -1, 1, -1, 1, -1, 1, -1, -1)	7.275353476952483
2.2581962665061917	597	(-1, 1, -1, -1, 1, -1, 1, -1, 1, -1, 1)	7.275353476952483
2.2581962665061917	598	(-1, 1, -1, -1, 1, -1, 1, -1, 1, 1, -1)	7.275353476934519
2.2581962665061917	599	(-1, 1, -1, -1, 1, -1, 1, -1, 1, 1, 1)	7.275353476952483
2.2581962665061917	600	(-1, 1, -1, -1, 1, -1, 1, 1, -1, -1, -1)	7.275353476909619
2.2581962665061917	601	(-1, 1, -1, -1, 1, -1, 1, 1, -1, -1, 1)	7.275353476939504
2.2581962665061917	602	(-1, 1, -1, -1, 1, -1, 1, 1, -1, 1, -1)	7.275353476909619
2.2581962665061917	603	(-1, 1, -1, -1, 1, -1, 1, 1, -1, 1, 1)	7.275353476909619
2.2581962665061917	604	(-1, 1, -1, -1, 1, -1, 1, 1, 1, -1, -1)	7.275353476952483
2.2581962665061917	605	(-1, 1, -1, -1, 1, -1, 1, 1, 1, -1, 1)	7.275353476952483
2.2581962665061917	606	(-1, 1, -1, -1, 1, -1, 1, 1, 1, 1, -1)	7.275353476952483
2.2581962665061917	607	(-1, 1, -1, -1, 1, -1, 1, 1, 1, 1, 1)	7.275353476952483
2.2581962665061917	608	(-1, 1, -1, -1, 1, 1, -1, -1, -1, -1, -1)	7.275353476956045
2.2581962665061917	609	(-1, 1, -1, -1, 1, 1, -1, -1, -1, -1, 1)	7.275353476956045
2.2581962665061917	610	(-1, 1, -1, -1, 1, 1, -1, -1, -1, 1, -1)	7.275353476956045
2.2581962665061917	611	(-1, 1, -1, -1, 1, 1, -1, -1, -1, 1, 1)	7.275353476956045
2.2581962665061917	612	(-1, 1, -1, -1, 1, 1, -1, -1, 1, -1, -1)	7.275353476952483
2.2581962665061917	613	(-1, 1, -1, -1, 1, 1, -1, -1, 1, -1, 1)	7.275353476952483
2.2581962665061917	614	(-1, 1, -1, -1, 1, 1, -1, -1, 1, 1, -1)	7.275353476939028
2.2581962665061917	615	(-1, 1, -1, -1, 1, 1, -1, -1, 1, 1, 1)	7.275353476952483
2.2581962665061917	616	(-1, 1, -1, -1, 1, 1, -1, 1, -1, -1, -1)	7.275353476956045
2.2581962665061917	617	(-1, 1, -1, -1, 1, 1, -1, 1, -1, -1, 1)	7.27535347695559
2.2581962665061917	618	(-1, 1, -1, -1, 1, 1, -1, 1, -1, 1, -1)	7.275353476956045
2.2581962665061917	619	(-1, 1, -1, -1, 1, 1, -1, 1, -1, 1, 1)	7.275353476956045
2.2581962665061917	620	(-1, 1, -1, -1, 1, 1, -1, 1, 1, -1, -1)	7.275353476956045
2.2581962665061917	621	(-1, 1, -1, -1, 1, 1, -1, 1, 1, -1, 1)	7.275353476956045
2.2581962665061917	622	(-1, 1, -1, -1, 1, 1, -1, 1, 1, 1, -1)	7.275353476956045
2.2581962665061917	623	(-1, 1, -1, -1, 1, 1, -1, 1, 1, 1, 1)	7.275353476956045
2.2581962665061917	624	(-1, 1, -1, -1, 1, 1, 1, -1, -1, -1, -1)	7.275353476952483
2.2581962665061917	625	(-1, 1, -1, -1, 1, 1, 1, -1, -1, -1, 1)	7.275353476952483
2.2581962665061917	626	(-1, 1, -1, -1, 1, 1, 1, -1, -1, 1, -1)	7.275353476952483
2.2581962665061917	627	(-1, 1, -1, -1, 1, 1, 1, -1, -1, 1, 1)	7.275353476952483
2.2581962665061917	628	(-1, 1, -1, -1, 1, 1, 1, -1, 1, -1, -1)	7.275353476952483
2.2581962665061917	629	(-1, 1, -1, -1, 1, 1, 1, -1, 1, -1, 1)	7.275353476952483
2.2581962665061917	630	(-1, 1, -1, -1, 1, 1, 1, -1, 1, 1, -1)	7.2753534769426285
2.2581962665061917	631	(-1, 1, -1, -1, 1, 1, 1, -1, 1, 1, 1)	7.275353476952483
2.2581962665061917	632	(-1, 1, -1, -1, 1, 1, 1, 1, -1, -1, -1)	7.275353476952483
2.2581962665061917	633	(-1, 1, -1, -1, 1, 1, 1, 1, -1, -1, 1)	7.275353476954537
2.2581962665061917	634	(-1, 1, -1, -1, 1, 1, 1, 1, -1, 1, -1)	7.275353476952483
2.2581962665061917	635	(-1, 1, -1, -1, 1, 1, 1, 1, -1, 1, 1)	7.275353476952483
2.2581962665061917	636	(-1, 1, -1, -1, 1, 1, 1, 1, 1, -1, -1)	7.275353476952483
2.2581962665061917	637	(-1, 1, -1, -1, 1, 1, 1, 1, 1, -1, 1)	7.275353476952483
2.2581962665061917	638	(-1, 1, -1, -1, 1, 1, 1, 1, 1, 1, -1)	7.275353476952483
2.2581962665061917	639	(-1, 1, -1, -1, 1, 1, 1, 1, 1, 1, 1)	7.275353476952483
2.2581962665061917	646	(-1, 1, -1, 1, -1, -1, -1, -1, 1, 1, -1)	7.275353476957274
2.2581962665061917	649	(-1, 1, -1, 1, -1, -1, -1, 1, -1, -1, 1)	7.275353476937997
2.2581962665061917	656	(-1, 1, -1, 1, -1, -1, 1, -1, -1, -1, -1)	7.275353476930134
2.2581962665061917	657	(-1, 1, -1, 1, -1, -1, 1, -1, -1, -1, 1)	7.275353476930134
2.2581962665061917	658	(-1, 1, -1, 1, -1, -1, 1, -1, -1, 1, -1)	7.275353476930134
2.2581962665061917	659	(-1, 1, -1, 1, -1, -1, 1, -1, -1, 1, 1)	7.275353476930134
2.2581962665061917	660	(-1, 1, -1, 1, -1, -1, 1, -1, 1, -1, -1)	7.275353476930134
2.2581962665061917	661	(-1, 1, -1, 1, -1, -1, 1, -1, 1, -1, 1)	7.275353476930134
2.2581962665061917	662	(-1, 1, -1, 1, -1, -1, 1, -1, 1, 1, -1)	7.275353476937383
2.2581962665061917	663	(-1, 1, -1, 1, -1, -1, 1, -1, 1, 1, 1)	7.275353476930134
2.2581962665061917	664	(-1, 1, -1, 1, -1, -1, 1, 1, -1, -1, -1)	7.27535347690395
2.2581962665061917	665	(-1, 1, -1, 1, -1, -1, 1, 1, -1, -1, 1)	7.275353476930134
2.2581962665061917	666	(-1, 1, -1, 1, -1, -1, 1, 1, -1, 1, -1)	7.27535347690395
2.2581962665061917	667	(-1, 1, -1, 1, -1, -1, 1, 1, -1, 1, 1)	7.27535347690395
2.2581962665061917	668	(-1, 1, -1, 1, -1, -1, 1, 1, 1, -1, -1)	7.275353476930134
2.2581962665061917	669	(-1, 1, -1, 1, -1, -1, 1, 1, 1, -1, 1)	7.275353476930134
2.2581962665061917	670	(-1, 1, -1, 1, -1, -1, 1, 1, 1, 1, -1)	7.275353476930134
2.2581962665061917	671	(-1, 1, -1, 1, -1, -1, 1, 1, 1, 1, 1)	7.275353476930134
2.2581962665061917	676	(-1, 1, -1, 1, -1, 1, -1, -1, 1, -1, -1)	7.275353476902338
2.2581962665061917	677	(-1, 1, -1, 1, -1, 1, -1, -1, 1, -1, 1)	7.275353476902338
2.2581962665061917	678	(-1, 1, -1, 1, -1, 1, -1, -1, 1, 1, -1)	7.275353476937188
2.2581962665061917	679	(-1, 1, -1, 1, -1, 1, -1, -1, 1, 1, 1)	7.275353476902338
2.2581962665061917	681	(-1, 1, -1, 1, -1, 1, -1, 1, -1, -1, 1)	7.275353476944925
2.2581962665061917	694	(-1, 1, -1, 1, -1, 1, 1, -1, 1, 1, -1)	7.275353476977835
2.2581962665061917	697	(-1, 1, -1, 1, -1, 1, 1, 1, -1, -1, 1)	7.2753534769520085
2.2581962665061917	710	(-1, 1, -1, 1, 1, -1, -1, -1, 1, 1, -1)	7.275353476930157
2.2581962665061917	713	(-1, 1, -1, 1, 1, -1, -1, 1, -1, -1, 1)	7.275353476919189
2.2581962665061917	726	(-1, 1, -1, 1, 1, -1, 1, -1, 1, 1, -1)	7.275353476926856
2.2581962665061917	728	(-1, 1, -1, 1, 1, -1, 1, 1, -1, -1, -1)	7.275353476880084
2.2581962665061917	729	(-1, 1, -1, 1, 1, -1, 1, 1, -1, -1, 1)	7.275353476906687
2.2581962665061917	730	(-1, 1, -1, 1, 1, -1, 1, 1, -1, 1, -1)	7.275353476880084
2.2581962665061917	731	(-1, 1, -1, 1, 1, -1, 1, 1, -1, 1, 1)	7.275353476880084
2.2581962665061917	740	(-1, 1, -1, 1, 1, 1, -1, -1, 1, -1, -1)	7.275353476915195
2.2581962665061917	741	(-1, 1, -1, 1, 1, 1, -1, -1, 1, -1, 1)	7.275353476915195
2.2581962665061917	742	(-1, 1, -1, 1, 1, 1, -1, -1, 1, 1, -1)	7.2753534769197294
2.2581962665061917	743	(-1, 1, -1, 1, 1, 1, -1, -1, 1, 1, 1)	7.275353476915195
2.2581962665061917	745	(-1, 1, -1, 1, 1, 1, -1, 1, -1, -1, 1)	7.275353476920361
2.2581962665061917	758	(-1, 1, -1, 1, 1, 1, 1, -1, 1, 1, -1)	7.275353476943918
2.2581962665061917	761	(-1, 1, -1, 1, 1, 1, 1, 1, -1, -1, 1)	7.275353476928539
2.2581962665061917	774	(-1, 1, 1, -1, -1, -1, -1, -1, 1, 1, -1)	7.275353476960343
2.2581962665061917	777	(-1, 1, 1, -1, -1, -1, -1, 1, -1, -1, 1)	7.275353476972794
2.2581962665061917	790	(-1, 1, 1, -1, -1, -1, 1, -1, 1, 1, -1)	7.275353476950254
2.2581962665061917	792	(-1, 1, 1, -1, -1, -1, 1, 1, -1, -1, -1)	7.2753534769002846
2.2581962665061917	793	(-1, 1, 1, -1, -1, -1, 1, 1, -1, -1, 1)	7.275353476931336
2.2581962665061917	794	(-1, 1, 1, -1, -1, -1, 1, 1, -1, 1, -1)	7.2753534769002846
2.2581962665061917	795	(-1, 1, 1, -1, -1, -1, 1, 1, -1, 1, 1)	7.2753534769002846
2.2581962665061917	804	(-1, 1, 1, -1, -1, 1, -1, -1, 1, -1, -1)	7.275353476960223
2.2581962665061917	805	(-1, 1, 1, -1, -1, 1, -1, -1, 1, -1, 1)	7.275353476960223
2.2581962665061917	806	(-1, 1, 1, -1, -1, 1, -1, -1, 1, 1, -1)	7.27535347694582
2.2581962665061917	807	(-1, 1, 1, -1, -1, 1, -1, -1, 1, 1, 1)	7.275353476960223
2.2581962665061917	809	(-1, 1, 1, -1, -1, 1, -1, 1, -1, -1, 1)	7.27535347693132
2.2581962665061917	822	(-1, 1, 1, -1, -1, 1, 1, -1, 1, 1, -1)	7.275353476941396
2.2581962665061917	825	(-1, 1, 1, -1, -1, 1, 1, 1, -1, -1, 1)	7.275353476926805
2.2581962665061917	838	(-1, 1, 1, -1, 1, -1, -1, -1, 1, 1, -1)	7.275353476903573
2.2581962665061917	841	(-1, 1, 1, -1, 1, -1, -1, 1, -1, -1, 1)	7.2753534769440105
2.2581962665061917	854	(-1, 1, 1, -1, 1, -1, 1, -1, 1, 1, -1)	7.275353476896249
2.2581962665061917	856	(-1, 1, 1, -1, 1, -1, 1, 1, -1, -1, -1)	7.275353476916921
2.2581962665061917	857	(-1, 1, 1, -1, 1, -1, 1, 1, -1, -1, 1)	7.275353476927112
2.2581962665061917	858	(-1, 1, 1, -1, 1, -1, 1, 1, -1, 1, -1)	7.275353476916921
2.2581962665061917	859	(-1, 1, 1, -1, 1, -1, 1, 1, -1, 1, 1)	7.275353476916921
2.2581962665061917	864	(-1, 1, 1, -1, 1, 1, -1, -1, -1, -1, -1)	7.275353476965595
2.2581962665061917	865	(-1, 1, 1, -1, 1, 1, -1, -1, -1, -1, 1)	7.275353476965595
2.2581962665061917	866	(-1, 1, 1, -1, 1, 1, -1, -1, -1, 1, -1)	7.275353476965595
2.2581962665061917	867	(-1, 1, 1, -1, 1, 1, -1, -1, -1, 1, 1)	7.275353476965595
2.2581962665061917	868	(-1, 1, 1, -1, 1, 1, -1, -1, 1, -1, -1)	7.275353476962602
2.2581962665061917	869	(-1, 1, 1, -1, 1, 1, -1, -1, 1, -1, 1)	7.275353476962602
2.2581962665061917	870	(-1, 1, 1, -1, 1, 1, -1, -1, 1, 1, -1)	7.275353476959608
2.2581962665061917	871	(-1, 1, 1, -1, 1, 1, -1, -1, 1, 1, 1)	7.275353476962602
2.2581962665061917	872	(-1, 1, 1, -1, 1, 1, -1, 1, -1, -1, -1)	7.275353476965595
2.2581962665061917	873	(-1, 1, 1, -1, 1, 1, -1, 1, -1, -1, 1)	7.275353476952393
2.2581962665061917	874	(-1, 1, 1, -1, 1, 1, -1, 1, -1, 1, -1)	7.275353476965595
2.2581962665061917	875	(-1, 1, 1, -1, 1, 1, -1, 1, -1, 1, 1)	7.275353476965595
2.2581962665061917	876	(-1, 1, 1, -1, 1, 1, -1, 1, 1, -1, -1)	7.275353476965595
2.2581962665061917	877	(-1, 1, 1, -1, 1, 1, -1, 1, 1, -1, 1)	7.275353476965595
2.2581962665061917	878	(-1, 1, 1, -1, 1, 1, -1, 1, 1, 1, -1)	7.275353476965595
2.2581962665061917	879	(-1, 1, 1, -1, 1, 1, -1, 1, 1, 1, 1)	7.275353476965595
2.2581962665061917	886	(-1, 1, 1, -1, 1, 1, 1, -1, 1, 1, -1)	7.275353476901577
2.2581962665061917	889	(-1, 1, 1, -1, 1, 1, 1, 1, -1, -1, 1)	7.275353476957999
2.2581962665061917	902	(-1, 1, 1, 1, -1, -1, -1, -1, 1, 1, -1)	7.275353476987812
2.2581962665061917	905	(-1, 1, 1, 1, -1, -1, -1, 1, -1, -1, 1)	7.275353476932134
2.2581962665061917	912	(-1, 1, 1, 1, -1, -1, 1, -1, -1, -1, -1)	7.275353476920546
2.2581962665061917	913	(-1, 1, 1, 1, -1, -1, 1, -1, -1, -1, 1)	7.275353476920546
2.2581962665061917	914	(-1, 1, 1, 1, -1, -1, 1, -1, -1, 1, -1)	7.275353476920546
2.2581962665061917	915	(-1, 1, 1, 1, -1, -1, 1, -1, -1, 1, 1)	7.275353476920546
2.2581962665061917	916	(-1, 1, 1, 1, -1, -1, 1, -1, 1, -1, -1)	7.275353476920546
2.2581962665061917	917	(-1, 1, 1, 1, -1, -1, 1, -1, 1, -1, 1)	7.275353476920546
2.2581962665061917	918	(-1, 1, 1, 1, -1, -1, 1, -1, 1, 1, -1)	7.275353476952094
2.2581962665061917	919	(-1, 1, 1, 1, -1, -1, 1, -1, 1, 1, 1)	7.275353476920546
2.2581962665061917	920	(-1, 1, 1, 1, -1, -1, 1, 1, -1, -1, -1)	7.275353476878533
2.2581962665061917	921	(-1, 1, 1, 1, -1, -1, 1, 1, -1, -1, 1)	7.275353476920546
2.2581962665061917	922	(-1, 1, 1, 1, -1, -1, 1, 1, -1, 1, -1)	7.275353476878533
2.2581962665061917	923	(-1, 1, 1, 1, -1, -1, 1, 1, -1, 1, 1)	7.275353476878533
2.2581962665061917	924	(-1, 1, 1, 1, -1, -1, 1, 1, 1, -1, -1)	7.275353476920546
2.2581962665061917	925	(-1, 1, 1, 1, -1, -1, 1, 1, 1, -1, 1)	7.275353476920546
2.2581962665061917	926	(-1, 1, 1, 1, -1, -1, 1, 1, 1, 1, -1)	7.275353476920546
2.2581962665061917	927	(-1, 1, 1, 1, -1, -1, 1, 1, 1, 1, 1)	7.275353476920546
2.2581962665061917	932	(-1, 1, 1, 1, -1, 1, -1, -1, 1, -1, -1)	7.275353476902522
2.2581962665061917	933	(-1, 1, 1, 1, -1, 1, -1, -1, 1, -1, 1)	7.275353476902522
2.2581962665061917	934	(-1, 1, 1, 1, -1, 1, -1, -1, 1, 1, -1)	7.275353476939586
2.2581962665061917	935	(-1, 1, 1, 1, -1, 1, -1, -1, 1, 1, 1)	7.275353476902522
2.2581962665061917	937	(-1, 1, 1, 1, -1, 1, -1, 1, -1, -1, 1)	7.275353476970683
2.2581962665061917	950	(-1, 1, 1, 1, -1, 1, 1, -1, 1, 1, -1)	7.275353476977448
2.2581962665061917	953	(-1, 1, 1, 1, -1, 1, 1, 1, -1, -1, 1)	7.2753534769618895
2.2581962665061917	966	(-1, 1, 1, 1, 1, -1, -1, -1, 1, 1, -1)	7.275353476974113
2.2581962665061917	969	(-1, 1, 1, 1, 1, -1, -1, 1, -1, -1, 1)	7.275353476992213
2.2581962665061917	982	(-1, 1, 1, 1, 1, -1, 1, -1, 1, 1, -1)	7.275353476972456
2.2581962665061917	984	(-1, 1, 1, 1, 1, -1, 1, 1, -1, -1, -1)	7.275353476853747
2.2581962665061917	985	(-1, 1, 1, 1, 1, -1, 1, 1, -1, -1, 1)	7.27535347693117
2.2581962665061917	986	(-1, 1, 1, 1, 1, -1, 1, 1, -1, 1, -1)	7.275353476853747
2.2581962665061917	987	(-1, 1, 1, 1, 1, -1, 1, 1, -1, 1, 1)	7.275353476853747
2.2581962665061917	996	(-1, 1, 1, 1, 1, 1, -1, -1, 1, -1, -1)	7.27535347690444
2.2581962665061917	997	(-1, 1, 1, 1, 1, 1, -1, -1, 1, -1, 1)	7.27535347690444
2.2581962665061917	998	(-1, 1, 1, 1, 1, 1, -1, -1, 1, 1, -1)	7.2753534769201735
2.2581962665061917	999	(-1, 1, 1, 1, 1, 1, -1, -1, 1, 1, 1)	7.27535347690444
2.2581962665061917	1001	(-1, 1, 1, 1, 1, 1, -1, 1, -1, -1, 1)	7.2753534769953685
2.2581962665061917	1014	(-1, 1, 1, 1, 1, 1, 1, -1, 1, 1, -1)	7.275353476912939
2.2581962665061917	1014	(-1, 1, 1, 1, 1, 1, 1, -1, 1, 1, -1)	7.275353476912939
2.2581962665061917	1017	(-1, 1, 1, 1, 1, 1, 1, 1, -1, -1, 1)	7.275353476983553
2.2581962665061917	1030	(1, -1, -1, -1, -1, -1, -1, -1, 1, 1, -1)	7.275353476983553
2.2581962665061917	1033	(1, -1, -1, -1, -1, -1, -1, 1, -1, -1, 1)	7.275353476912939
2.2581962665061917	1046	(1, -1, -1, -1, -1, -1, 1, -1, 1, 1, -1)	7.2753534769953685
2.2581962665061917	1048	(1, -1, -1, -1, -1, -1, 1, 1, -1, -1, -1)	7.27535347690444
2.2581962665061917	1049	(1, -1, -1, -1, -1, -1, 1, 1, -1, -1, 1)	7.2753534769201735
2.2581962665061917	1050	(1, -1, -1, -1, -1, -1, 1, 1, -1, 1, -1)	7.27535347690444
2.2581962665061917	1051	(1, -1, -1, -1, -1, -1, 1, 1, -1, 1, 1)	7.27535347690444
2.2581962665061917	1060	(1, -1, -1, -1, -1, 1, -1, -1, 1, -1, -1)	7.275353476853747
2.2581962665061917	1061	(1, -1, -1, -1, -1, 1, -1, -1, 1, -1, 1)	7.275353476853747
2.2581962665061917	1062	(1, -1, -1, -1, -1, 1, -1, -1, 1, 1, -1)	7.27535347693117
2.2581962665061917	1063	(1, -1, -1, -1, -1, 1, -1, -1, 1, 1, 1)	7.275353476853747
2.2581962665061917	1065	(1, -1, -1, -1, -1, 1, -1, 1, -1, -1, 1)	7.275353476972456
2.2581962665061917	1078	(1, -1, -1, -1, -1, 1, 1, -1, 1, 1, -1)	7.275353476992213
2.2581962665061917	1081	(1, -1, -1, -1, -1, 1, 1, 1, -1, -1, 1)	7.275353476974113
2.2581962665061917	1094	(1, -1, -1, -1, 1, -1, -1, -1, 1, 1, -1)	7.2753534769618895
2.2581962665061917	1097	(1, -1, -1, -1, 1, -1, -1, 1, -1, -1, 1)	7.275353476977448
2.2581962665061917	1110	(1, -1, -1, -1, 1, -1, 1, -1, 1, 1, -1)	7.275353476970683
2.2581962665061917	1112	(1, -1, -1, -1, 1, -1, 1, 1, -1, -1, -1)	7.275353476902522
2.2581962665061917	1113	(1, -1, -1, -1, 1, -1, 1, 1, -1, -1, 1)	7.275353476939586
2.2581962665061917	1114	(1, -1, -1, -1, 1, -1, 1, 1, -1, 1, -1)	7.275353476902522
2.2581962665061917	1115	(1, -1, -1, -1, 1, -1, 1, 1, -1, 1, 1)	7.275353476902522
2.2581962665061917	1120	(1, -1, -1, -1, 1, 1, -1, -1, -1, -1, -1)	7.275353476920546
2.2581962665061917	1121	(1, -1, -1, -1, 1, 1, -1, -1, -1, -1, 1)	7.275353476920546
2.2581962665061917	1122	(1, -1, -1, -1, 1, 1, -1, -1, -1, 1, -1)	7.275353476920546
2.2581962665061917	1123	(1, -1, -1, -1, 1, 1, -1, -1, -1, 1, 1)	7.275353476920546
2.2581962665061917	1124	(1, -1, -1, -1, 1, 1, -1, -1, 1, -1, -1)	7.275353476878533
2.2581962665061917	1125	(1, -1, -1, -1, 1, 1, -1, -1, 1, -1, 1)	7.275353476878533
2.2581962665061917	1126	(1, -1, -1, -1, 1, 1, -1, -1, 1, 1, -1)	7.275353476920546
2.2581962665061917	1127	(1, -1, -1, -1, 1, 1, -1, -1, 1, 1, 1)	7.275353476878533
2.2581962665061917	1128	(1, -1, -1, -1, 1, 1, -1, 1, -1, -1, -1)	7.275353476920546
2.2581962665061917	1129	(1, -1, -1, -1, 1, 1, -1, 1, -1, -1, 1)	7.275353476952094
2.2581962665061917	1130	(1, -1, -1, -1, 1, 1, -1, 1, -1, 1, -1)	7.275353476920546
2.2581962665061917	1131	(1, -1, -1, -1, 1, 1, -1, 1, -1, 1, 1)	7.275353476920546
2.2581962665061917	1132	(1, -1, -1, -1, 1, 1, -1, 1, 1, -1, -1)	7.275353476920546
2.2581962665061917	1133	(1, -1, -1, -1, 1, 1, -1, 1, 1, -1, 1)	7.275353476920546
2.2581962665061917	1134	(1, -1, -1, -1, 1, 1, -1, 1, 1, 1, -1)	7.275353476920546
2.2581962665061917	1135	(1, -1, -1, -1, 1, 1, -1, 1, 1, 1, 1)	7.275353476920546
2.2581962665061917	1142	(1, -1, -1, -1, 1, 1, 1, -1, 1, 1, -1)	7.275353476932134
2.2581962665061917	1145	(1, -1, -1, -1, 1, 1, 1, 1, -1, -1, 1)	7.275353476987812
2.2581962665061917	1158	(1, -1, -1, 1, -1, -1, -1, -1, 1, 1, -1)	7.275353476957999
2.2581962665061917	1161	(1, -1, -1, 1, -1, -1, -1, 1, -1, -1, 1)	7.275353476901577
2.2581962665061917	1168	(1, -1, -1, 1, -1, -1, 1, -1, -1, -1, -1)	7.275353476965595
2.2581962665061917	1169	(1, -1, -1, 1, -1, -1, 1, -1, -1, -1, 1)	7.275353476965595
2.2581962665061917	1170	(1, -1, -1, 1, -1, -1, 1, -1, -1, 1, -1)	7.275353476965595
2.2581962665061917	1171	(1, -1, -1, 1, -1, -1, 1, -1, -1, 1, 1)	7.275353476965595
2.2581962665061917	1172	(1, -1, -1, 1, -1, -1, 1, -1, 1, -1, -1)	7.275353476965595
2.2581962665061917	1173	(1, -1, -1, 1, -1, -1, 1, -1, 1, -1, 1)	7.275353476965595
2.2581962665061917	1174	(1, -1, -1, 1, -1, -1, 1, -1, 1, 1, -1)	7.275353476952393
2.2581962665061917	1175	(1, -1, -1, 1, -1, -1, 1, -1, 1, 1, 1)	7.275353476965595
2.2581962665061917	1176	(1, -1, -1, 1, -1, -1, 1, 1, -1, -1, -1)	7.275353476962602
2.2581962665061917	1177	(1, -1, -1, 1, -1, -1, 1, 1, -1, -1, 1)	7.275353476959608
2.2581962665061917	1178	(1, -1, -1, 1, -1, -1, 1, 1, -1, 1, -1)	7.275353476962602
2.2581962665061917	1179	(1, -1, -1, 1, -1, -1, 1, 1, -1, 1, 1)	7.275353476962602
2.2581962665061917	1180	(1, -1, -1, 1, -1, -1, 1, 1, 1, -1, -1)	7.275353476965595
2.2581962665061917	1181	(1, -1, -1, 1, -1, -1, 1, 1, 1, -1, 1)	7.275353476965595
2.2581962665061917	1182	(1, -1, -1, 1, -1, -1, 1, 1, 1, 1, -1)	7.275353476965595
2.2581962665061917	1183	(1, -1, -1, 1, -1, -1, 1, 1, 1, 1, 1)	7.275353476965595
2.2581962665061917	1188	(1, -1, -1, 1, -1, 1, -1, -1, 1, -1, -1)	7.275353476916921
2.2581962665061917	1189	(1, -1, -1, 1, -1, 1, -1, -1, 1, -1, 1)	7.275353476916921
2.2581962665061917	1190	(1, -1, -1, 1, -1, 1, -1, -1, 1, 1, -1)	7.275353476927112
2.2581962665061917	1191	(1, -1, -1, 1, -1, 1, -1, -1, 1, 1, 1)	7.275353476916921
2.2581962665061917	1193	(1, -1, -1, 1, -1, 1, -1, 1, -1, -1, 1)	7.275353476896249
2.2581962665061917	1206	(1, -1, -1, 1, -1, 1, 1, -1, 1, 1, -1)	7.2753534769440105
2.2581962665061917	1209	(1, -1, -1, 1, -1, 1, 1, 1, -1, -1, 1)	7.275353476903573
2.2581962665061917	1222	(1, -1, -1, 1, 1, -1, -1, -1, 1, 1, -1)	7.275353476926805
2.2581962665061917	1225	(1, -1, -1, 1, 1, -1, -1, 1, -1, -1, 1)	7.275353476941396
2.2581962665061917	1238	(1, -1, -1, 1, 1, -1, 1, -1, 1, 1, -1)	7.27535347693132
2.2581962665061917	1240	(1, -1, -1, 1, 1, -1, 1, 1, -1, -1, -1)	7.275353476960223
2.2581962665061917	1241	(1, -1, -1, 1, 1, -1, 1, 1, -1, -1, 1)	7.27535347694582
2.2581962665061917	1242	(1, -1, -1, 1, 1, -1, 1, 1, -1, 1, -1)	7.275353476960223
2.2581962665061917	1243	(1, -1, -1, 1, 1, -1, 1, 1, -1, 1, 1)	7.275353476960223
2.2581962665061917	1252	(1, -1, -1, 1, 1, 1, -1, -1, 1, -1, -1)	7.2753534769002846
2.2581962665061917	1253	(1, -1, -1, 1, 1, 1, -1, -1, 1, -1, 1)	7.2753534769002846
2.2581962665061917	1254	(1, -1, -1, 1, 1, 1, -1, -1, 1, 1, -1)	7.275353476931336
2.2581962665061917	1255	(1, -1, -1, 1, 1, 1, -1, -1, 1, 1, 1)	7.2753534769002846
2.2581962665061917	1257	(1, -1, -1, 1, 1, 1, -1, 1, -1, -1, 1)	7.275353476950254
2.2581962665061917	1270	(1, -1, -1, 1, 1, 1, 1, -1, 1, 1, -1)	7.275353476972794
2.2581962665061917	1273	(1, -1, -1, 1, 1, 1, 1, 1, -1, -1, 1)	7.275353476960343
2.2581962665061917	1286	(1, -1, 1, -1, -1, -1, -1, -1, 1, 1, -1)	7.275353476928539
2.2581962665061917	1289	(1, -1, 1, -1, -1, -1, -1, 1, -1, -1, 1)	7.275353476943918
2.2581962665061917	1302	(1, -1, 1, -1, -1, -1, 1, -1, 1, 1, -1)	7.275353476920361
2.2581962665061917	1304	(1, -1, 1, -1, -1, -1, 1, 1, -1, -1, -1)	7.275353476915195
2.2581962665061917	1305	(1, -1, 1, -1, -1, -1, 1, 1, -1, -1, 1)	7.2753534769197294
2.2581962665061917	1306	(1, -1, 1, -1, -1, -1, 1, 1, -1, 1, -1)	7.275353476915195
2.2581962665061917	1307	(1, -1, 1, -1, -1, -1, 1, 1, -1, 1, 1)	7.275353476915195
2.2581962665061917	1316	(1, -1, 1, -1, -1, 1, -1, -1, 1, -1, -1)	7.275353476880084
2.2581962665061917	1317	(1, -1, 1, -1, -1, 1, -1, -1, 1, -1, 1)	7.275353476880084
2.2581962665061917	1318	(1, -1, 1, -1, -1, 1, -1, -1, 1, 1, -1)	7.275353476906687
2.2581962665061917	1319	(1, -1, 1, -1, -1, 1, -1, -1, 1, 1, 1)	7.275353476880084
2.2581962665061917	1321	(1, -1, 1, -1, -1, 1, -1, 1, -1, -1, 1)	7.275353476926856
2.2581962665061917	1334	(1, -1, 1, -1, -1, 1, 1, -1, 1, 1, -1)	7.275353476919189
2.2581962665061917	1337	(1, -1, 1, -1, -1, 1, 1, 1, -1, -1, 1)	7.275353476930157
2.2581962665061917	1350	(1, -1, 1, -1, 1, -1, -1, -1, 1, 1, -1)	7.2753534769520085
2.2581962665061917	1353	(1, -1, 1, -1, 1, -1, -1, 1, -1, -1, 1)	7.275353476977835
2.2581962665061917	1366	(1, -1, 1, -1, 1, -1, 1, -1, 1, 1, -1)	7.275353476944925
2.2581962665061917	1368	(1, -1, 1, -1, 1, -1, 1, 1, -1, -1, -1)	7.275353476902338
2.2581962665061917	1369	(1, -1, 1, -1, 1, -1, 1, 1, -1, -1, 1)	7.275353476937188
2.2581962665061917	1370	(1, -1, 1, -1, 1, -1, 1, 1, -1, 1, -1)	7.275353476902338
2.2581962665061917	1371	(1, -1, 1, -1, 1, -1, 1, 1, -1, 1, 1)	7.275353476902338
2.2581962665061917	1376	(1, -1, 1, -1, 1, 1, -1, -1, -1, -1, -1)	7.275353476930134
2.2581962665061917	1377	(1, -1, 1, -1, 1, 1, -1, -1, -1, -1, 1)	7.275353476930134
2.2581962665061917	1378	(1, -1, 1, -1, 1, 1, -1, -1, -1, 1, -1)	7.275353476930134
2.2581962665061917	1379	(1, -1, 1, -1, 1, 1, -1, -1, -1, 1, 1)	7.275353476930134
2.2581962665061917	1380	(1, -1, 1, -1, 1, 1, -1, -1, 1, -1, -1)	7.27535347690395
2.2581962665061917	1381	(1, -1, 1, -1, 1, 1, -1, -1, 1, -1, 1)	7.27535347690395
2.2581962665061917	1382	(1, -1, 1, -1, 1, 1, -1, -1, 1, 1, -1)	7.275353476930134
2.2581962665061917	1383	(1, -1, 1, -1, 1, 1, -1, -1, 1, 1, 1)	7.27535347690395
2.2581962665061917	1384	(1, -1, 1, -1, 1, 1, -1, 1, -1, -1, -1)	7.275353476930134
2.2581962665061917	1385	(1, -1, 1, -1, 1, 1, -1, 1, -1, -1, 1)	7.275353476937383
2.2581962665061917	1386	(1, -1, 1, -1, 1, 1, -1, 1, -1, 1, -1)	7.275353476930134
2.2581962665061917	1387	(1, -1, 1, -1, 1, 1, -1, 1, -1, 1, 1)	7.275353476930134
2.2581962665061917	1388	(1, -1, 1, -1, 1, 1, -1, 1, 1, -1, -1)	7.275353476930134
2.2581962665061917	1389	(1, -1, 1, -1, 1, 1, -1, 1, 1, -1, 1)	7.275353476930134
2.2581962665061917	1390	(1, -1, 1, -1, 1, 1, -1, 1, 1, 1, -1)	7.275353476930134
2.2581962665061917	1391	(1, -1, 1, -1, 1, 1, -1, 1, 1, 1, 1)	7.275353476930134
2.2581962665061917	1398	(1, -1, 1, -1, 1, 1, 1, -1, 1, 1, -1)	7.275353476937997
2.2581962665061917	1401	(1, -1, 1, -1, 1, 1, 1, 1, -1, -1, 1)	7.275353476957274
2.2581962665061917	1408	(1, -1, 1, 1, -1, -1, -1, -1, -1, -1, -1)	7.275353476952483
2.2581962665061917	1409	(1, -1, 1, 1, -1, -1, -1, -1, -1, -1, 1)	7.275353476952483
2.2581962665061917	1410	(1, -1, 1, 1, -1, -1, -1, -1, -1, 1, -1)	7.275353476952483
2.2581962665061917	1411	(1, -1, 1, 1, -1, -1, -1, -1, -1, 1, 1)	7.275353476952483
2.2581962665061917	1412	(1, -1, 1, 1, -1, -1, -1, -1, 1, -1, -1)	7.275353476952483
2.2581962665061917	1413	(1, -1, 1, 1, -1, -1, -1, -1, 1, -1, 1)	7.275353476952483
2.2581962665061917	1414	(1, -1, 1, 1, -1, -1, -1, -1, 1, 1, -1)	7.275353476954537
2.2581962665061917	1415	(1, -1, 1, 1, -1, -1, -1, -1, 1, 1, 1)	7.275353476952483
2.2581962665061917	1416	(1, -1, 1, 1, -1, -1, -1, 1, -1, -1, -1)	7.275353476952483
2.2581962665061917	1417	(1, -1, 1, 1, -1, -1, -1, 1, -1, -1, 1)	7.2753534769426285
2.2581962665061917	1418	(1, -1, 1, 1, -1, -1, -1, 1, -1, 1, -1)	7.275353476952483
2.2581962665061917	1419	(1, -1, 1, 1, -1, -1, -1, 1, -1, 1, 1)	7.275353476952483
2.2581962665061917	1420	(1, -1, 1, 1, -1, -1, -1, 1, 1, -1, -1)	7.275353476952483
2.2581962665061917	1421	(1, -1, 1, 1, -1, -1, -1, 1, 1, -1, 1)	7.275353476952483
2.2581962665061917	1422	(1, -1, 1, 1, -1, -1, -1, 1, 1, 1, -1)	7.275353476952483
2.2581962665061917	1423	(1, -1, 1, 1, -1, -1, -1, 1, 1, 1, 1)	7.275353476952483
2.2581962665061917	1424	(1, -1, 1, 1, -1, -1, 1, -1, -1, -1, -1)	7.275353476956045
2.2581962665061917	1425	(1, -1, 1, 1, -1, -1, 1, -1, -1, -1, 1)	7.275353476956045
2.2581962665061917	1426	(1, -1, 1, 1, -1, -1, 1, -1, -1, 1, -1)	7.275353476956045
2.2581962665061917	1427	(1, -1, 1, 1, -1, -1, 1, -1, -1, 1, 1)	7.275353476956045
2.2581962665061917	1428	(1, -1, 1, 1, -1, -1, 1, -1, 1, -1, -1)	7.275353476956045
2.2581962665061917	1429	(1, -1, 1, 1, -1, -1, 1, -1, 1, -1, 1)	7.275353476956045
2.2581962665061917	1430	(1, -1, 1, 1, -1, -1, 1, -1, 1, 1, -1)	7.27535347695559
2.2581962665061917	1431	(1, -1, 1, 1, -1, -1, 1, -1, 1, 1, 1)	7.275353476956045
2.2581962665061917	1432	(1, -1, 1, 1, -1, -1, 1, 1, -1, -1, -1)	7.275353476952483
2.2581962665061917	1433	(1, -1, 1, 1, -1, -1, 1, 1, -1, -1, 1)	7.275353476939028
2.2581962665061917	1434	(1, -1, 1, 1, -1, -1, 1, 1, -1, 1, -1)	7.275353476952483
2.2581962665061917	1435	(1, -1, 1, 1, -1, -1, 1, 1, -1, 1, 1)	7.275353476952483
2.2581962665061917	1436	(1, -1, 1, 1, -1, -1, 1, 1, 1, -1, -1)	7.275353476956045
2.2581962665061917	1437	(1, -1, 1, 1, -1, -1, 1, 1, 1, -1, 1)	7.275353476956045
2.2581962665061917	1438	(1, -1, 1, 1, -1, -1, 1, 1, 1, 1, -1)	7.275353476956045
2.2581962665061917	1439	(1, -1, 1, 1, -1, -1, 1, 1, 1, 1, 1)	7.275353476956045
2.2581962665061917	1440	(1, -1, 1, 1, -1, 1, -1, -1, -1, -1, -1)	7.275353476952483
2.2581962665061917	1441	(1, -1, 1, 1, -1, 1, -1, -1, -1, -1, 1)	7.275353476952483
2.2581962665061917	1442	(1, -1, 1, 1, -1, 1, -1, -1, -1, 1, -1)	7.275353476952483
2.2581962665061917	1443	(1, -1, 1, 1, -1, 1, -1, -1, -1, 1, 1)	7.275353476952483
2.2581962665061917	1444	(1, -1, 1, 1, -1, 1, -1, -1, 1, -1, -1)	7.275353476909619
2.2581962665061917	1445	(1, -1, 1, 1, -1, 1, -1, -1, 1, -1, 1)	7.275353476909619
2.2581962665061917	1446	(1, -1, 1, 1, -1, 1, -1, -1, 1, 1, -1)	7.275353476939504
2.2581962665061917	1447	(1, -1, 1, 1, -1, 1, -1, -1, 1, 1, 1)	7.275353476909619
2.2581962665061917	1448	(1, -1, 1, 1, -1, 1, -1, 1, -1, -1, -1)	7.275353476952483
2.2581962665061917	1449	(1, -1, 1, 1, -1, 1, -1, 1, -1, -1, 1)	7.275353476934519
2.2581962665061917	1450	(1, -1, 1, 1, -1, 1, -1, 1, -1, 1, -1)	7.275353476952483
2.2581962665061917	1451	(1, -1, 1, 1, -1, 1, -1, 1, -1, 1, 1)	7.275353476952483
2.2581962665061917	1452	(1, -1, 1, 1, -1, 1, -1, 1, 1, -1, -1)	7.275353476952483
2.2581962665061917	1453	(1, -1, 1, 1, -1, 1, -1, 1, 1, -1, 1)	7.275353476952483
2.2581962665061917	1454	(1, -1, 1, 1, -1, 1, -1, 1, 1, 1, -1)	7.275353476952483
2.2581962665061917	1455	(1, -1, 1, 1, -1, 1, -1, 1, 1, 1, 1)	7.275353476952483
2.2581962665061917	1456	(1, -1, 1, 1, -1, 1, 1, -1, -1, -1, -1)	7.275353476952483
2.2581962665061917	1457	(1, -1, 1, 1, -1, 1, 1, -1, -1, -1, 1)	7.275353476952483
2.2581962665061917	1458	(1, -1, 1, 1, -1, 1, 1, -1, -1, 1, -1)	7.275353476952483
2.2581962665061917	1459	(1, -1, 1, 1, -1, 1, 1, -1, -1, 1, 1)	7.275353476952483
2.2581962665061917	1460	(1, -1, 1, 1, -1, 1, 1, -1, 1, -1, -1)	7.275353476952483
2.2581962665061917	1461	(1, -1, 1, 1, -1, 1, 1, -1, 1, -1, 1)	7.275353476952483
2.2581962665061917	1462	(1, -1, 1, 1, -1, 1, 1, -1, 1, 1, -1)	7.275353476955207
2.2581962665061917	1463	(1, -1, 1, 1, -1, 1, 1, -1, 1, 1, 1)	7.275353476952483
2.2581962665061917	1464	(1, -1, 1, 1, -1, 1, 1, 1, -1, -1, -1)	7.275353476952483
2.2581962665061917	1465	(1, -1, 1, 1, -1, 1, 1, 1, -1, -1, 1)	7.275353476938169
2.2581962665061917	1466	(1, -1, 1, 1, -1, 1, 1, 1, -1, 1, -1)	7.275353476952483
2.2581962665061917	1467	(1, -1, 1, 1, -1, 1, 1, 1, -1, 1, 1)	7.275353476952483
2.2581962665061917	1468	(1, -1, 1, 1, -1, 1, 1, 1, 1, -1, -1)	7.275353476952483
2.2581962665061917	1469	(1, -1, 1, 1, -1, 1, 1, 1, 1, -1, 1)	7.275353476952483
2.2581962665061917	1470	(1, -1, 1, 1, -1, 1, 1, 1, 1, 1, -1)	7.275353476952483
2.2581962665061917	1471	(1, -1, 1, 1, -1, 1, 1, 1, 1, 1, 1)	7.275353476952483
2.2581962665061917	1478	(1, -1, 1, 1, 1, -1, -1, -1, 1, 1, -1)	7.275353476904876
2.2581962665061917	1481	(1, -1, 1, 1, 1, -1, -1, 1, -1, -1, 1)	7.27535347692537
2.2581962665061917	1494	(1, -1, 1, 1, 1, -1, 1, -1, 1, 1, -1)	7.275353476897632
2.2581962665061917	1496	(1, -1, 1, 1, 1, -1, 1, 1, -1, -1, -1)	7.275353476910294
2.2581962665061917	1497	(1, -1, 1, 1, 1, -1, 1, 1, -1, -1, 1)	7.275353476912156
2.2581962665061917	1498	(1, -1, 1, 1, 1, -1, 1, 1, -1, 1, -1)	7.275353476910294
2.2581962665061917	1499	(1, -1, 1, 1, 1, -1, 1, 1, -1, 1, 1)	7.275353476910294
2.2581962665061917	1508	(1, -1, 1, 1, 1, 1, -1, -1, 1, -1, -1)	7.27535347686095
2.2581962665061917	1509	(1, -1, 1, 1, 1, 1, -1, -1, 1, -1, 1)	7.27535347686095
2.2581962665061917	1510	(1, -1, 1, 1, 1, 1, -1, -1, 1, 1, -1)	7.275353476887891
2.2581962665061917	1511	(1, -1, 1, 1, 1, 1, -1, -1, 1, 1, 1)	7.27535347686095
2.2581962665061917	1513	(1, -1, 1, 1, 1, 1, -1, 1, -1, -1, 1)	7.275353476931912
2.2581962665061917	1526	(1, -1, 1, 1, 1, 1, 1, -1, 1, 1, -1)	7.275353476917363
2.2581962665061917	1529	(1, -1, 1, 1, 1, 1, 1, 1, -1, -1, 1)	7.275353476958897
2.2581962665061917	1542	(1, 1, -1, -1, -1, -1, -1, -1, 1, 1, -1)	7.275353476906907
2.2581962665061917	1545	(1, 1, -1, -1, -1, -1, -1, 1, -1, -1, 1)	7.275353477016112
2.2581962665061917	1558	(1, 1, -1, -1, -1, -1, 1, -1, 1, 1, -1)	7.27535347691441
2.2581962665061917	1560	(1, 1, -1, -1, -1, -1, 1, 1, -1, -1, -1)	7.27535347696356
2.2581962665061917	1561	(1, 1, -1, -1, -1, -1, 1, 1, -1, -1, 1)	7.275353476990487
2.2581962665061917	1562	(1, 1, -1, -1, -1, -1, 1, 1, -1, 1, -1)	7.27535347696356
2.2581962665061917	1563	(1, 1, -1, -1, -1, -1, 1, 1, -1, 1, 1)	7.27535347696356
2.2581962665061917	1572	(1, 1, -1, -1, -1, 1, -1, -1, 1, -1, -1)	7.275353476901212
2.2581962665061917	1573	(1, 1, -1, -1, -1, 1, -1, -1, 1, -1, 1)	7.275353476901212
2.2581962665061917	1574	(1, 1, -1, -1, -1, 1, -1, -1, 1, 1, -1)	7.275353476903911
2.2581962665061917	1575	(1, 1, -1, -1, -1, 1, -1, -1, 1, 1, 1)	7.275353476901212
2.2581962665061917	1577	(1, 1, -1, -1, -1, 1, -1, 1, -1, -1, 1)	7.275353476963287
2.2581962665061917	1590	(1, 1, -1, -1, -1, 1, 1, -1, 1, 1, -1)	7.275353476912776
2.2581962665061917	1593	(1, 1, -1, -1, -1, 1, 1, 1, -1, -1, 1)	7.2753534769674335
2.2581962665061917	1600	(1, 1, -1, -1, 1, -1, -1, -1, -1, -1, -1)	7.275353476938329
2.2581962665061917	1601	(1, 1, -1, -1, 1, -1, -1, -1, -1, -1, 1)	7.275353476938329
2.2581962665061917	1602	(1, 1, -1, -1, 1, -1, -1, -1, -1, 1, -1)	7.275353476938329
2.2581962665061917	1603	(1, 1, -1, -1, 1, -1, -1, -1, -1, 1, 1)	7.275353476938329
2.2581962665061917	1604	(1, 1, -1, -1, 1, -1, -1, -1, 1, -1, -1)	7.275353476938329
2.2581962665061917	1605	(1, 1, -1, -1, 1, -1, -1, -1, 1, -1, 1)	7.275353476938329
2.2581962665061917	1606	(1, 1, -1, -1, 1, -1, -1, -1, 1, 1, -1)	7.275353476919179
2.2581962665061917	1607	(1, 1, -1, -1, 1, -1, -1, -1, 1, 1, 1)	7.275353476938329
2.2581962665061917	1608	(1, 1, -1, -1, 1, -1, -1, 1, -1, -1, -1)	7.275353476938329
2.2581962665061917	1609	(1, 1, -1, -1, 1, -1, -1, 1, -1, -1, 1)	7.275353476943668
2.2581962665061917	1610	(1, 1, -1, -1, 1, -1, -1, 1, -1, 1, -1)	7.275353476938329
2.2581962665061917	1611	(1, 1, -1, -1, 1, -1, -1, 1, -1, 1, 1)	7.275353476938329
2.2581962665061917	1612	(1, 1, -1, -1, 1, -1, -1, 1, 1, -1, -1)	7.275353476938329
2.2581962665061917	1613	(1, 1, -1, -1, 1, -1, -1, 1, 1, -1, 1)	7.275353476938329
2.2581962665061917	1614	(1, 1, -1, -1, 1, -1, -1, 1, 1, 1, -1)	7.275353476938329
2.2581962665061917	1615	(1, 1, -1, -1, 1, -1, -1, 1, 1, 1, 1)	7.275353476938329
2.2581962665061917	1616	(1, 1, -1, -1, 1, -1, 1, -1, -1, -1, -1)	7.275353476938329
2.2581962665061917	1617	(1, 1, -1, -1, 1, -1, 1, -1, -1, -1, 1)	7.275353476938329
2.2581962665061917	1618	(1, 1, -1, -1, 1, -1, 1, -1, -1, 1, -1)	7.275353476938329
2.2581962665061917	1619	(1, 1, -1, -1, 1, -1, 1, -1, -1, 1, 1)	7.275353476938329
2.2581962665061917	1620	(1, 1, -1, -1, 1, -1, 1, -1, 1, -1, -1)	7.275353476938329
2.2581962665061917	1621	(1, 1, -1, -1, 1, -1, 1, -1, 1, -1, 1)	7.275353476938329
2.2581962665061917	1622	(1, 1, -1, -1, 1, -1, 1, -1, 1, 1, -1)	7.275353476899458
2.2581962665061917	1623	(1, 1, -1, -1, 1, -1, 1, -1, 1, 1, 1)	7.275353476938329
2.2581962665061917	1624	(1, 1, -1, -1, 1, -1, 1, 1, -1, -1, -1)	7.275353476953952
2.2581962665061917	1625	(1, 1, -1, -1, 1, -1, 1, 1, -1, -1, 1)	7.275353476938329
2.2581962665061917	1626	(1, 1, -1, -1, 1, -1, 1, 1, -1, 1, -1)	7.275353476953952
2.2581962665061917	1627	(1, 1, -1, -1, 1, -1, 1, 1, -1, 1, 1)	7.275353476953952
2.2581962665061917	1628	(1, 1, -1, -1, 1, -1, 1, 1, 1, -1, -1)	7.275353476938329
2.2581962665061917	1629	(1, 1, -1, -1, 1, -1, 1, 1, 1, -1, 1)	7.275353476938329
2.2581962665061917	1630	(1, 1, -1, -1, 1, -1, 1, 1, 1, 1, -1)	7.275353476938329
2.2581962665061917	1631	(1, 1, -1, -1, 1, -1, 1, 1, 1, 1, 1)	7.275353476938329
2.2581962665061917	1632	(1, 1, -1, -1, 1, 1, -1, -1, -1, -1, -1)	7.275353476940152
2.2581962665061917	1633	(1, 1, -1, -1, 1, 1, -1, -1, -1, -1, 1)	7.275353476940152
2.2581962665061917	1634	(1, 1, -1, -1, 1, 1, -1, -1, -1, 1, -1)	7.275353476940152
2.2581962665061917	1635	(1, 1, -1, -1, 1, 1, -1, -1, -1, 1, 1)	7.275353476940152
2.2581962665061917	1636	(1, 1, -1, -1, 1, 1, -1, -1, 1, -1, -1)	7.275353476938329
2.2581962665061917	1637	(1, 1, -1, -1, 1, 1, -1, -1, 1, -1, 1)	7.275353476938329
2.2581962665061917	1638	(1, 1, -1, -1, 1, 1, -1, -1, 1, 1, -1)	7.275353476940152
2.2581962665061917	1639	(1, 1, -1, -1, 1, 1, -1, -1, 1, 1, 1)	7.275353476938329
2.2581962665061917	1640	(1, 1, -1, -1, 1, 1, -1, 1, -1, -1, -1)	7.275353476940152
2.2581962665061917	1641	(1, 1, -1, -1, 1, 1, -1, 1, -1, -1, 1)	7.275353476941976
2.2581962665061917	1642	(1, 1, -1, -1, 1, 1, -1, 1, -1, 1, -1)	7.275353476940152
2.2581962665061917	1643	(1, 1, -1, -1, 1, 1, -1, 1, -1, 1, 1)	7.275353476940152
2.2581962665061917	1644	(1, 1, -1, -1, 1, 1, -1, 1, 1, -1, -1)	7.275353476940152
2.2581962665061917	1645	(1, 1, -1, -1, 1, 1, -1, 1, 1, -1, 1)	7.275353476940152
2.2581962665061917	1646	(1, 1, -1, -1, 1, 1, -1, 1, 1, 1, -1)	7.275353476940152
2.2581962665061917	1647	(1, 1, -1, -1, 1, 1, -1, 1, 1, 1, 1)	7.275353476940152
2.2581962665061917	1648	(1, 1, -1, -1, 1, 1, 1, -1, -1, -1, -1)	7.275353476938329
2.2581962665061917	1649	(1, 1, -1, -1, 1, 1, 1, -1, -1, -1, 1)	7.275353476938329
2.2581962665061917	1650	(1, 1, -1, -1, 1, 1, 1, -1, -1, 1, -1)	7.275353476938329
2.2581962665061917	1651	(1, 1, -1, -1, 1, 1, 1, -1, -1, 1, 1)	7.275353476938329
2.2581962665061917	1652	(1, 1, -1, -1, 1, 1, 1, -1, 1, -1, -1)	7.275353476938329
2.2581962665061917	1653	(1, 1, -1, -1, 1, 1, 1, -1, 1, -1, 1)	7.275353476938329
2.2581962665061917	1654	(1, 1, -1, -1, 1, 1, 1, -1, 1, 1, -1)	7.275353476940874
2.2581962665061917	1655	(1, 1, -1, -1, 1, 1, 1, -1, 1, 1, 1)	7.275353476938329
2.2581962665061917	1656	(1, 1, -1, -1, 1, 1, 1, 1, -1, -1, -1)	7.275353476938329
2.2581962665061917	1657	(1, 1, -1, -1, 1, 1, 1, 1, -1, -1, 1)	7.27535347695017
2.2581962665061917	1658	(1, 1, -1, -1, 1, 1, 1, 1, -1, 1, -1)	7.275353476938329
2.2581962665061917	1659	(1, 1, -1, -1, 1, 1, 1, 1, -1, 1, 1)	7.275353476938329
2.2581962665061917	1660	(1, 1, -1, -1, 1, 1, 1, 1, 1, -1, -1)	7.275353476938329
2.2581962665061917	1661	(1, 1, -1, -1, 1, 1, 1, 1, 1, -1, 1)	7.275353476938329
2.2581962665061917	1662	(1, 1, -1, -1, 1, 1, 1, 1, 1, 1, -1)	7.275353476938329
2.2581962665061917	1663	(1, 1, -1, -1, 1, 1, 1, 1, 1, 1, 1)	7.275353476938329
2.2581962665061917	1670	(1, 1, -1, 1, -1, -1, -1, -1, 1, 1, -1)	7.275353476924683
2.2581962665061917	1673	(1, 1, -1, 1, -1, -1, -1, 1, -1, -1, 1)	7.27535347693175
2.2581962665061917	1680	(1, 1, -1, 1, -1, -1, 1, -1, -1, -1, -1)	7.275353476948498
2.2581962665061917	1681	(1, 1, -1, 1, -1, -1, 1, -1, -1, -1, 1)	7.275353476948498
2.2581962665061917	1682	(1, 1, -1, 1, -1, -1, 1, -1, -1, 1, -1)	7.275353476948498
2.2581962665061917	1683	(1, 1, -1, 1, -1, -1, 1, -1, -1, 1, 1)	7.275353476948498
2.2581962665061917	1684	(1, 1, -1, 1, -1, -1, 1, -1, 1, -1, -1)	7.275353476948498
2.2581962665061917	1685	(1, 1, -1, 1, -1, -1, 1, -1, 1, -1, 1)	7.275353476948498
2.2581962665061917	1686	(1, 1, -1, 1, -1, -1, 1, -1, 1, 1, -1)	7.275353476923534
2.2581962665061917	1687	(1, 1, -1, 1, -1, -1, 1, -1, 1, 1, 1)	7.275353476948498
2.2581962665061917	1688	(1, 1, -1, 1, -1, -1, 1, 1, -1, -1, -1)	7.2753534769682275
2.2581962665061917	1689	(1, 1, -1, 1, -1, -1, 1, 1, -1, -1, 1)	7.275353476948498
2.2581962665061917	1690	(1, 1, -1, 1, -1, -1, 1, 1, -1, 1, -1)	7.2753534769682275
2.2581962665061917	1691	(1, 1, -1, 1, -1, -1, 1, 1, -1, 1, 1)	7.2753534769682275
2.2581962665061917	1692	(1, 1, -1, 1, -1, -1, 1, 1, 1, -1, -1)	7.275353476948498
2.2581962665061917	1693	(1, 1, -1, 1, -1, -1, 1, 1, 1, -1, 1)	7.275353476948498
2.2581962665061917	1694	(1, 1, -1, 1, -1, -1, 1, 1, 1, 1, -1)	7.275353476948498
2.2581962665061917	1695	(1, 1, -1, 1, -1, -1, 1, 1, 1, 1, 1)	7.275353476948498
2.2581962665061917	1700	(1, 1, -1, 1, -1, 1, -1, -1, 1, -1, -1)	7.2753534769264725
2.2581962665061917	1701	(1, 1, -1, 1, -1, 1, -1, -1, 1, -1, 1)	7.2753534769264725
2.2581962665061917	1702	(1, 1, -1, 1, -1, 1, -1, -1, 1, 1, -1)	7.275353476919637
2.2581962665061917	1703	(1, 1, -1, 1, -1, 1, -1, -1, 1, 1, 1)	7.2753534769264725
2.2581962665061917	1705	(1, 1, -1, 1, -1, 1, -1, 1, -1, -1, 1)	7.2753534769906345
2.2581962665061917	1718	(1, 1, -1, 1, -1, 1, 1, -1, 1, 1, -1)	7.275353476892098
2.2581962665061917	1721	(1, 1, -1, 1, -1, 1, 1, 1, -1, -1, 1)	7.275353476992786
2.2581962665061917	1734	(1, 1, -1, 1, 1, -1, -1, -1, 1, 1, -1)	7.2753534768737955
2.2581962665061917	1737	(1, 1, -1, 1, 1, -1, -1, 1, -1, -1, 1)	7.275353476941541
2.2581962665061917	1750	(1, 1, -1, 1, 1, -1, 1, -1, 1, 1, -1)	7.275353476865475
2.2581962665061917	1752	(1, 1, -1, 1, 1, -1, 1, 1, -1, -1, -1)	7.275353476984953
2.2581962665061917	1753	(1, 1, -1, 1, 1, -1, 1, 1, -1, -1, 1)	7.275353476963238
2.2581962665061917	1754	(1, 1, -1, 1, 1, -1, 1, 1, -1, 1, -1)	7.275353476984953
2.2581962665061917	1755	(1, 1, -1, 1, 1, -1, 1, 1, -1, 1, 1)	7.275353476984953
2.2581962665061917	1764	(1, 1, -1, 1, 1, 1, -1, -1, 1, -1, -1)	7.275353476933426
2.2581962665061917	1765	(1, 1, -1, 1, 1, 1, -1, -1, 1, -1, 1)	7.275353476933426
2.2581962665061917	1766	(1, 1, -1, 1, 1, 1, -1, -1, 1, 1, -1)	7.27535347691949
2.2581962665061917	1767	(1, 1, -1, 1, 1, 1, -1, -1, 1, 1, 1)	7.275353476933426
2.2581962665061917	1769	(1, 1, -1, 1, 1, 1, -1, 1, -1, -1, 1)	7.275353476950012
2.2581962665061917	1782	(1, 1, -1, 1, 1, 1, 1, -1, 1, 1, -1)	7.275353476910789
2.2581962665061917	1785	(1, 1, -1, 1, 1, 1, 1, 1, -1, -1, 1)	7.275353476969495
2.2581962665061917	1798	(1, 1, 1, -1, -1, -1, -1, -1, 1, 1, -1)	7.275353476898413
2.2581962665061917	1801	(1, 1, 1, -1, -1, -1, -1, 1, -1, -1, 1)	7.275353476942981
2.2581962665061917	1814	(1, 1, 1, -1, -1, -1, 1, -1, 1, 1, -1)	7.275353476904607
2.2581962665061917	1816	(1, 1, 1, -1, -1, -1, 1, 1, -1, -1, -1)	7.275353476928612
2.2581962665061917	1817	(1, 1, 1, -1, -1, -1, 1, 1, -1, -1, 1)	7.2753534769468065
2.2581962665061917	1818	(1, 1, 1, -1, -1, -1, 1, 1, -1, 1, -1)	7.275353476928612
2.2581962665061917	1819	(1, 1, 1, -1, -1, -1, 1, 1, -1, 1, 1)	7.275353476928612
2.2581962665061917	1828	(1, 1, 1, -1, -1, 1, -1, -1, 1, -1, -1)	7.2753534768780765
2.2581962665061917	1829	(1, 1, 1, -1, -1, 1, -1, -1, 1, -1, 1)	7.2753534768780765
2.2581962665061917	1830	(1, 1, 1, -1, -1, 1, -1, -1, 1, 1, -1)	7.275353476899666
2.2581962665061917	1831	(1, 1, 1, -1, -1, 1, -1, -1, 1, 1, 1)	7.2753534768780765
2.2581962665061917	1833	(1, 1, 1, -1, -1, 1, -1, 1, -1, -1, 1)	7.275353476937147
2.2581962665061917	1846	(1, 1, 1, -1, -1, 1, 1, -1, 1, 1, -1)	7.275353476919147
2.2581962665061917	1849	(1, 1, 1, -1, -1, 1, 1, 1, -1, -1, 1)	7.2753534769494985
2.2581962665061917	1862	(1, 1, 1, -1, 1, -1, -1, -1, 1, 1, -1)	7.275353476964069
2.2581962665061917	1865	(1, 1, 1, -1, 1, -1, -1, 1, -1, -1, 1)	7.275353476981576
2.2581962665061917	1878	(1, 1, 1, -1, 1, -1, 1, -1, 1, 1, -1)	7.275353476966739
2.2581962665061917	1880	(1, 1, 1, -1, 1, -1, 1, 1, -1, -1, -1)	7.27535347694165
2.2581962665061917	1881	(1, 1, 1, -1, 1, -1, 1, 1, -1, -1, 1)	7.275353476977564
2.2581962665061917	1882	(1, 1, 1, -1, 1, -1, 1, 1, -1, 1, -1)	7.27535347694165
2.2581962665061917	1883	(1, 1, 1, -1, 1, -1, 1, 1, -1, 1, 1)	7.27535347694165
2.2581962665061917	1888	(1, 1, 1, -1, 1, 1, -1, -1, -1, -1, -1)	7.275353476938508
2.2581962665061917	1889	(1, 1, 1, -1, 1, 1, -1, -1, -1, -1, 1)	7.275353476938508
2.2581962665061917	1890	(1, 1, 1, -1, 1, 1, -1, -1, -1, 1, -1)	7.275353476938508
2.2581962665061917	1891	(1, 1, 1, -1, 1, 1, -1, -1, -1, 1, 1)	7.275353476938508
2.2581962665061917	1892	(1, 1, 1, -1, 1, 1, -1, -1, 1, -1, -1)	7.275353476904021
2.2581962665061917	1893	(1, 1, 1, -1, 1, 1, -1, -1, 1, -1, 1)	7.275353476904021
2.2581962665061917	1894	(1, 1, 1, -1, 1, 1, -1, -1, 1, 1, -1)	7.275353476938508
2.2581962665061917	1895	(1, 1, 1, -1, 1, 1, -1, -1, 1, 1, 1)	7.275353476904021
2.2581962665061917	1896	(1, 1, 1, -1, 1, 1, -1, 1, -1, -1, -1)	7.275353476938508
2.2581962665061917	1897	(1, 1, 1, -1, 1, 1, -1, 1, -1, -1, 1)	7.275353476968396
2.2581962665061917	1898	(1, 1, 1, -1, 1, 1, -1, 1, -1, 1, -1)	7.275353476938508
2.2581962665061917	1899	(1, 1, 1, -1, 1, 1, -1, 1, -1, 1, 1)	7.275353476938508
2.2581962665061917	1900	(1, 1, 1, -1, 1, 1, -1, 1, 1, -1, -1)	7.275353476938508
2.2581962665061917	1901	(1, 1, 1, -1, 1, 1, -1, 1, 1, -1, 1)	7.275353476938508
2.2581962665061917	1902	(1, 1, 1, -1, 1, 1, -1, 1, 1, 1, -1)	7.275353476938508
2.2581962665061917	1903	(1, 1, 1, -1, 1, 1, -1, 1, 1, 1, 1)	7.275353476938508
2.2581962665061917	1910	(1, 1, 1, -1, 1, 1, 1, -1, 1, 1, -1)	7.275353476970125
2.2581962665061917	1913	(1, 1, 1, -1, 1, 1, 1, 1, -1, -1, 1)	7.275353476990184
2.2581962665061917	1926	(1, 1, 1, 1, -1, -1, -1, -1, 1, 1, -1)	7.275353476994324
2.2581962665061917	1929	(1, 1, 1, 1, -1, -1, -1, 1, -1, -1, 1)	7.275353476991516
2.2581962665061917	1936	(1, 1, 1, 1, -1, -1, 1, -1, -1, -1, -1)	7.275353476964543
2.2581962665061917	1937	(1, 1, 1, 1, -1, -1, 1, -1, -1, -1, 1)	7.275353476964543
2.2581962665061917	1938	(1, 1, 1, 1, -1, -1, 1, -1, -1, 1, -1)	7.275353476964543
2.2581962665061917	1939	(1, 1, 1, 1, -1, -1, 1, -1, -1, 1, 1)	7.275353476964543
2.2581962665061917	1940	(1, 1, 1, 1, -1, -1, 1, -1, 1, -1, -1)	7.275353476964543
2.2581962665061917	1941	(1, 1, 1, 1, -1, -1, 1, -1, 1, -1, 1)	7.275353476964543
2.2581962665061917	1942	(1, 1, 1, 1, -1, -1, 1, -1, 1, 1, -1)	7.275353476981261
2.2581962665061917	1943	(1, 1, 1, 1, -1, -1, 1, -1, 1, 1, 1)	7.275353476964543
2.2581962665061917	1944	(1, 1, 1, 1, -1, -1, 1, 1, -1, -1, -1)	7.275353476938753
2.2581962665061917	1945	(1, 1, 1, 1, -1, -1, 1, 1, -1, -1, 1)	7.275353476964543
2.2581962665061917	1946	(1, 1, 1, 1, -1, -1, 1, 1, -1, 1, -1)	7.275353476938753
2.2581962665061917	1947	(1, 1, 1, 1, -1, -1, 1, 1, -1, 1, 1)	7.275353476938753
2.2581962665061917	1948	(1, 1, 1, 1, -1, -1, 1, 1, 1, -1, -1)	7.275353476964543
2.2581962665061917	1949	(1, 1, 1, 1, -1, -1, 1, 1, 1, -1, 1)	7.275353476964543
2.2581962665061917	1950	(1, 1, 1, 1, -1, -1, 1, 1, 1, 1, -1)	7.275353476964543
2.2581962665061917	1951	(1, 1, 1, 1, -1, -1, 1, 1, 1, 1, 1)	7.275353476964543
2.2581962665061917	1956	(1, 1, 1, 1, -1, 1, -1, -1, 1, -1, -1)	7.27535347684139
2.2581962665061917	1957	(1, 1, 1, 1, -1, 1, -1, -1, 1, -1, 1)	7.27535347684139
2.2581962665061917	1958	(1, 1, 1, 1, -1, 1, -1, -1, 1, 1, -1)	7.275353476902563
2.2581962665061917	1959	(1, 1, 1, 1, -1, 1, -1, -1, 1, 1, 1)	7.27535347684139
2.2581962665061917	1961	(1, 1, 1, 1, -1, 1, -1, 1, -1, -1, 1)	7.275353476984675
2.2581962665061917	1974	(1, 1, 1, 1, -1, 1, 1, -1, 1, 1, -1)	7.275353476983276
2.2581962665061917	1977	(1, 1, 1, 1, -1, 1, 1, 1, -1, -1, 1)	7.275353476989107
2.2581962665061917	1990	(1, 1, 1, 1, 1, -1, -1, -1, 1, 1, -1)	7.275353476959929
2.2581962665061917	1993	(1, 1, 1, 1, 1, -1, -1, 1, -1, -1, 1)	7.275353476950612
2.2581962665061917	2006	(1, 1, 1, 1, 1, -1, 1, -1, 1, 1, -1)	7.275353476961422
2.2581962665061917	2008	(1, 1, 1, 1, 1, -1, 1, 1, -1, -1, -1)	7.275353476890399
2.2581962665061917	2009	(1, 1, 1, 1, 1, -1, 1, 1, -1, -1, 1)	7.275353476917251
2.2581962665061917	2010	(1, 1, 1, 1, 1, -1, 1, 1, -1, 1, -1)	7.275353476890399
2.2581962665061917	2011	(1, 1, 1, 1, 1, -1, 1, 1, -1, 1, 1)	7.275353476890399
2.2581962665061917	2020	(1, 1, 1, 1, 1, 1, -1, -1, 1, -1, -1)	7.275353476857412
2.2581962665061917	2021	(1, 1, 1, 1, 1, 1, -1, -1, 1, -1, 1)	7.275353476857412
2.2581962665061917	2022	(1, 1, 1, 1, 1, 1, -1, -1, 1, 1, -1)	7.275353476902773
2.2581962665061917	2023	(1, 1, 1, 1, 1, 1, -1, -1, 1, 1, 1)	7.275353476857412
2.2581962665061917	2025	(1, 1, 1, 1, 1, 1, -1, 1, -1, -1, 1)	7.275353476946782
2.2581962665061917	2038	(1, 1, 1, 1, 1, 1, 1, -1, 1, 1, -1)	7.275353476958755
2.2581962665061917	2041	(1, 1, 1, 1, 1, 1, 1, 1, -1, -1, 1)	7.27535347695232
2.2612378591597815	6	(-1, -1, -1, -1, -1, -1, -1, -1, 1, 1, -1)	4.013464935093669
2.2612378591597815	9	(-1, -1, -1, -1, -1, -1, -1, 1, -1, -1, 1)	4.013464935056507
2.2612378591597815	22	(-1, -1, -1, -1, -1, -1, 1, -1, 1, 1, -1)	4.013464935100219
2.2612378591597815	24	(-1, -1, -1, -1, -1, -1, 1, 1, -1, -1, -1)	4.0134649350044675
2.2612378591597815	25	(-1, -1, -1, -1, -1, -1, 1, 1, -1, -1, 1)	4.013464935028088
2.2612378591597815	26	(-1, -1, -1, -1, -1, -1, 1, 1, -1, 1, -1)	4.0134649350044675
2.2612378591597815	27	(-1, -1, -1, -1, -1, -1, 1, 1, -1, 1, 1)	4.0134649350044675
2.2612378591597815	36	(-1, -1, -1, -1, -1, 1, -1, -1, 1, -1, -1)	4.013464935021177
2.2612378591597815	37	(-1, -1, -1, -1, -1, 1, -1, -1, 1, -1, 1)	4.013464935021177
2.2612378591597815	38	(-1, -1, -1, -1, -1, 1, -1, -1, 1, 1, -1)	4.013464935061589
2.2612378591597815	39	(-1, -1, -1, -1, -1, 1, -1, -1, 1, 1, 1)	4.013464935021177
2.2612378591597815	41	(-1, -1, -1, -1, -1, 1, -1, 1, -1, -1, 1)	4.01346493505676
2.2612378591597815	54	(-1, -1, -1, -1, -1, 1, 1, -1, 1, 1, -1)	4.0134649351108065
2.2612378591597815	57	(-1, -1, -1, -1, -1, 1, 1, 1, -1, -1, 1)	4.013464935063485
2.2612378591597815	70	(-1, -1, -1, -1, 1, -1, -1, -1, 1, 1, -1)	4.013464935075236
2.2612378591597815	73	(-1, -1, -1, -1, 1, -1, -1, 1, -1, -1, 1)	4.013464935048392
2.2612378591597815	86	(-1, -1, -1, -1, 1, -1, 1, -1, 1, 1, -1)	4.013464935082988
2.2612378591597815	88	(-1, -1, -1, -1, 1, -1, 1, 1, -1, -1, -1)	4.0134649349859455
2.2612378591597815	89	(-1, -1, -1, -1, 1, -1, 1, 1, -1, -1, 1)	4.013464935018201
2.2612378591597815	90	(-1, -1, -1, -1, 1, -1, 1, 1, -1, 1, -1)	4.0134649349859455
2.2612378591597815	91	(-1, -1, -1, -1, 1, -1, 1, 1, -1, 1, 1)	4.0134649349859455
2.2612378591597815	96	(-1, -1, -1, -1, 1, 1, -1, -1, -1, -1, -1)	4.013464935051557
2.2612378591597815	97	(-1, -1, -1, -1, 1, 1, -1, -1, -1, -1, 1)	4.013464935051557
2.2612378591597815	98	(-1, -1, -1, -1, 1, 1, -1, -1, -1, 1, -1)	4.013464935051557
2.2612378591597815	99	(-1, -1, -1, -1, 1, 1, -1, -1, -1, 1, 1)	4.013464935051557
2.2612378591597815	100	(-1, -1, -1, -1, 1, 1, -1, -1, 1, -1, -1)	4.013464935034328
2.2612378591597815	101	(-1, -1, -1, -1, 1, 1, -1, -1, 1, -1, 1)	4.013464935034328
2.2612378591597815	102	(-1, -1, -1, -1, 1, 1, -1, -1, 1, 1, -1)	4.013464935035577
2.2612378591597815	103	(-1, -1, -1, -1, 1, 1, -1, -1, 1, 1, 1)	4.013464935034328
2.2612378591597815	104	(-1, -1, -1, -1, 1, 1, -1, 1, -1, -1, -1)	4.013464935051557
2.2612378591597815	105	(-1, -1, -1, -1, 1, 1, -1, 1, -1, -1, 1)	4.013464935047093
2.2612378591597815	106	(-1, -1, -1, -1, 1, 1, -1, 1, -1, 1, -1)	4.013464935051557
2.2612378591597815	107	(-1, -1, -1, -1, 1, 1, -1, 1, -1, 1, 1)	4.013464935051557
2.2612378591597815	108	(-1, -1, -1, -1, 1, 1, -1, 1, 1, -1, -1)	4.013464935051557
2.2612378591597815	109	(-1, -1, -1, -1, 1, 1, -1, 1, 1, -1, 1)	4.013464935051557
2.2612378591597815	110	(-1, -1, -1, -1, 1, 1, -1, 1, 1, 1, -1)	4.013464935051557
2.2612378591597815	111	(-1, -1, -1, -1, 1, 1, -1, 1, 1, 1, 1)	4.013464935051557
2.2612378591597815	118	(-1, -1, -1, -1, 1, 1, 1, -1, 1, 1, -1)	4.013464935030936
2.2612378591597815	121	(-1, -1, -1, -1, 1, 1, 1, 1, -1, -1, 1)	4.013464935035572
2.2612378591597815	134	(-1, -1, -1, 1, -1, -1, -1, -1, 1, 1, -1)	4.013464935111109
2.2612378591597815	137	(-1, -1, -1, 1, -1, -1, -1, 1, -1, -1, 1)	4.013464935053065
2.2612378591597815	144	(-1, -1, -1, 1, -1, -1, 1, -1, -1, -1, -1)	4.0134649350525144
2.2612378591597815	145	(-1, -1, -1, 1, -1, -1, 1, -1, -1, -1, 1)	4.0134649350525144
2.2612378591597815	146	(-1, -1, -1, 1, -1, -1, 1, -1, -1, 1, -1)	4.0134649350525144
2.2612378591597815	147	(-1, -1, -1, 1, -1, -1, 1, -1, -1, 1, 1)	4.0134649350525144
2.2612378591597815	148	(-1, -1, -1, 1, -1, -1, 1, -1, 1, -1, -1)	4.0134649350525144
2.2612378591597815	149	(-1, -1, -1, 1, -1, -1, 1, -1, 1, -1, 1)	4.0134649350525144
2.2612378591597815	150	(-1, -1, -1, 1, -1, -1, 1, -1, 1, 1, -1)	4.013464935087156
2.2612378591597815	151	(-1, -1, -1, 1, -1, -1, 1, -1, 1, 1, 1)	4.0134649350525144
2.2612378591597815	152	(-1, -1, -1, 1, -1, -1, 1, 1, -1, -1, -1)	4.013464935021
2.2612378591597815	153	(-1, -1, -1, 1, -1, -1, 1, 1, -1, -1, 1)	4.0134649350525144
2.2612378591597815	154	(-1, -1, -1, 1, -1, -1, 1, 1, -1, 1, -1)	4.013464935021
2.2612378591597815	155	(-1, -1, -1, 1, -1, -1, 1, 1, -1, 1, 1)	4.013464935021
2.2612378591597815	156	(-1, -1, -1, 1, -1, -1, 1, 1, 1, -1, -1)	4.0134649350525144
2.2612378591597815	157	(-1, -1, -1, 1, -1, -1, 1, 1, 1, -1, 1)	4.0134649350525144
2.2612378591597815	158	(-1, -1, -1, 1, -1, -1, 1, 1, 1, 1, -1)	4.0134649350525144
2.2612378591597815	159	(-1, -1, -1, 1, -1, -1, 1, 1, 1, 1, 1)	4.0134649350525144
2.2612378591597815	164	(-1, -1, -1, 1, -1, 1, -1, -1, 1, -1, -1)	4.013464935045839
2.2612378591597815	165	(-1, -1, -1, 1, -1, 1, -1, -1, 1, -1, 1)	4.013464935045839
2.2612378591597815	166	(-1, -1, -1, 1, -1, 1, -1, -1, 1, 1, -1)	4.013464935088287
2.2612378591597815	167	(-1, -1, -1, 1, -1, 1, -1, -1, 1, 1, 1)	4.013464935045839
2.2612378591597815	169	(-1, -1, -1, 1, -1, 1, -1, 1, -1, -1, 1)	4.013464935079803
2.2612378591597815	182	(-1, -1, -1, 1, -1, 1, 1, -1, 1, 1, -1)	4.013464935128938
2.2612378591597815	185	(-1, -1, -1, 1, -1, 1, 1, 1, -1, -1, 1)	4.013464935068414
2.2612378591597815	198	(-1, -1, -1, 1, 1, -1, -1, -1, 1, 1, -1)	4.0134649350477005
2.2612378591597815	201	(-1, -1, -1, 1, 1, -1, -1, 1, -1, -1, 1)	4.013464935028018
2.2612378591597815	214	(-1, -1, -1, 1, 1, -1, 1, -1, 1, 1, -1)	4.01346493506211
2.2612378591597815	216	(-1, -1, -1, 1, 1, -1, 1, 1, -1, -1, -1)	4.013464935000121
2.2612378591597815	217	(-1, -1, -1, 1, 1, -1, 1, 1, -1, -1, 1)	4.013464935022155
2.2612378591597815	218	(-1, -1, -1, 1, 1, -1, 1, 1, -1, 1, -1)	4.013464935000121
2.2612378591597815	219	(-1, -1, -1, 1, 1, -1, 1, 1, -1, 1, 1)	4.013464935000121
2.2612378591597815	228	(-1, -1, -1, 1, 1, 1, -1, -1, 1, -1, -1)	4.013464935047335
2.2612378591597815	229	(-1, -1, -1, 1, 1, 1, -1, -1, 1, -1, 1)	4.013464935047335
2.2612378591597815	230	(-1, -1, -1, 1, 1, 1, -1, -1, 1, 1, -1)	4.013464935047985
2.2612378591597815	231	(-1, -1, -1, 1, 1, 1, -1, -1, 1, 1, 1)	4.013464935047335
2.2612378591597815	233	(-1, -1, -1, 1, 1, 1, -1, 1, -1, -1, 1)	4.013464935057111
2.2612378591597815	246	(-1, -1, -1, 1, 1, 1, 1, -1, 1, 1, -1)	4.013464935053726
2.2612378591597815	249	(-1, -1, -1, 1, 1, 1, 1, 1, -1, -1, 1)	4.013464935022642
2.2612378591597815	262	(-1, -1, 1, -1, -1, -1, -1, -1, 1, 1, -1)	4.0134649350056835
2.2612378591597815	265	(-1, -1, 1, -1, -1, -1, -1, 1, -1, -1, 1)	4.013464935009183
2.2612378591597815	278	(-1, -1, 1, -1, -1, -1, 1, -1, 1, 1, -1)	4.013464935007932
2.2612378591597815	280	(-1, -1, 1, -1, -1, -1, 1, 1, -1, -1, -1)	4.013464935048853
2.2612378591597815	281	(-1, -1, 1, -1, -1, -1, 1, 1, -1, -1, 1)	4.0134649350339515
2.2612378591597815	282	(-1, -1, 1, -1, -1, -1, 1, 1, -1, 1, -1)	4.013464935048853
2.2612378591597815	283	(-1, -1, 1, -1, -1, -1, 1, 1, -1, 1, 1)	4.013464935048853
2.2612378591597815	292	(-1, -1, 1, -1, -1, 1, -1, -1, 1, -1, -1)	4.013464935032481
2.2612378591597815	293	(-1, -1, 1, -1, -1, 1, -1, -1, 1, -1, 1)	4.013464935032481
2.2612378591597815	294	(-1, -1, 1, -1, -1, 1, -1, -1, 1, 1, -1)	4.013464935042393
2.2612378591597815	295	(-1, -1, 1, -1, -1, 1, -1, -1, 1, 1, 1)	4.013464935032481
2.2612378591597815	297	(-1, -1, 1, -1, -1, 1, -1, 1, -1, -1, 1)	4.013464935008393
2.2612378591597815	310	(-1, -1, 1, -1, -1, 1, 1, -1, 1, 1, -1)	4.013464935055257
2.2612378591597815	313	(-1, -1, 1, -1, -1, 1, 1, 1, -1, -1, 1)	4.0134649350203535
2.2612378591597815	326	(-1, -1, 1, -1, 1, -1, -1, -1, 1, 1, -1)	4.013464935061129
2.2612378591597815	329	(-1, -1, 1, -1, 1, -1, -1, 1, -1, -1, 1)	4.013464935053734
2.2612378591597815	342	(-1, -1, 1, -1, 1, -1, 1, -1, 1, 1, -1)	4.013464935072694
2.2612378591597815	344	(-1, -1, 1, -1, 1, -1, 1, 1, -1, -1, -1)	4.013464935034138
2.2612378591597815	345	(-1, -1, 1, -1, 1, -1, 1, 1, -1, -1, 1)	4.013464935043197
2.2612378591597815	346	(-1, -1, 1, -1, 1, -1, 1, 1, -1, 1, -1)	4.013464935034138
2.2612378591597815	347	(-1, -1, 1, -1, 1, -1, 1, 1, -1, 1, 1)	4.013464935034138
2.2612378591597815	352	(-1, -1, 1, -1, 1, 1, -1, -1, -1, -1, -1)	4.013464935032582
2.2612378591597815	353	(-1, -1, 1, -1, 1, 1, -1, -1, -1, -1, 1)	4.013464935032582
2.2612378591597815	354	(-1, -1, 1, -1, 1, 1, -1, -1, -1, 1, -1)	4.013464935032582
2.2612378591597815	355	(-1, -1, 1, -1, 1, 1, -1, -1, -1, 1, 1)	4.013464935032582
2.2612378591597815	356	(-1, -1, 1, -1, 1, 1, -1, -1, 1, -1, -1)	4.013464935029109
2.2612378591597815	357	(-1, -1, 1, -1, 1, 1, -1, -1, 1, -1, 1)	4.013464935029109
2.2612378591597815	358	(-1, -1, 1, -1, 1, 1, -1, -1, 1, 1, -1)	4.013464935032582
2.2612378591597815	359	(-1, -1, 1, -1, 1, 1, -1, -1, 1, 1, 1)	4.013464935029109
2.2612378591597815	360	(-1, -1, 1, -1, 1, 1, -1, 1, -1, -1, -1)	4.013464935032582
2.2612378591597815	361	(-1, -1, 1, -1, 1, 1, -1, 1, -1, -1, 1)	4.013464935038133
2.2612378591597815	362	(-1, -1, 1, -1, 1, 1, -1, 1, -1, 1, -1)	4.013464935032582
2.2612378591597815	363	(-1, -1, 1, -1, 1, 1, -1, 1, -1, 1, 1)	4.013464935032582
2.2612378591597815	364	(-1, -1, 1, -1, 1, 1, -1, 1, 1, -1, -1)	4.013464935032582
2.2612378591597815	365	(-1, -1, 1, -1, 1, 1, -1, 1, 1, -1, 1)	4.013464935032582
2.2612378591597815	366	(-1, -1, 1, -1, 1, 1, -1, 1, 1, 1, -1)	4.013464935032582
2.2612378591597815	367	(-1, -1, 1, -1, 1, 1, -1, 1, 1, 1, 1)	4.013464935032582
2.2612378591597815	374	(-1, -1, 1, -1, 1, 1, 1, -1, 1, 1, -1)	4.013464935043895
2.2612378591597815	377	(-1, -1, 1, -1, 1, 1, 1, 1, -1, -1, 1)	4.013464935042203
2.2612378591597815	384	(-1, -1, 1, 1, -1, -1, -1, -1, -1, -1, -1)	4.013464935036426
2.2612378591597815	385	(-1, -1, 1, 1, -1, -1, -1, -1, -1, -1, 1)	4.013464935036426
2.2612378591597815	386	(-1, -1, 1, 1, -1, -1, -1, -1, -1, 1, -1)	4.013464935036426
2.2612378591597815	387	(-1, -1, 1, 1, -1, -1, -1, -1, -1, 1, 1)	4.013464935036426
2.2612378591597815	388	(-1, -1, 1, 1, -1, -1, -1, -1, 1, -1, -1)	4.013464935036426
2.2612378591597815	389	(-1, -1, 1, 1, -1, -1, -1, -1, 1, -1, 1)	4.013464935036426
2.2612378591597815	390	(-1, -1, 1, 1, -1, -1, -1, -1, 1, 1, -1)	4.013464935028142
2.2612378591597815	391	(-1, -1, 1, 1, -1, -1, -1, -1, 1, 1, 1)	4.013464935036426
2.2612378591597815	392	(-1, -1, 1, 1, -1, -1, -1, 1, -1, -1, -1)	4.013464935036426
2.2612378591597815	393	(-1, -1, 1, 1, -1, -1, -1, 1, -1, -1, 1)	4.013464935034438
2.2612378591597815	394	(-1, -1, 1, 1, -1, -1, -1, 1, -1, 1, -1)	4.013464935036426
2.2612378591597815	395	(-1, -1, 1, 1, -1, -1, -1, 1, -1, 1, 1)	4.013464935036426
2.2612378591597815	396	(-1, -1, 1, 1, -1, -1, -1, 1, 1, -1, -1)	4.013464935036426
2.2612378591597815	397	(-1, -1, 1, 1, -1, -1, -1, 1, 1, -1, 1)	4.013464935036426
2.2612378591597815	398	(-1, -1, 1, 1, -1, -1, -1, 1, 1, 1, -1)	4.013464935036426
2.2612378591597815	399	(-1, -1, 1, 1, -1, -1, -1, 1, 1, 1, 1)	4.013464935036426
2.2612378591597815	400	(-1, -1, 1, 1, -1, -1, 1, -1, -1, -1, -1)	4.013464935049297
2.2612378591597815	401	(-1, -1, 1, 1, -1, -1, 1, -1, -1, -1, 1)	4.013464935049297
2.2612378591597815	402	(-1, -1, 1, 1, -1, -1, 1, -1, -1, 1, -1)	4.013464935049297
2.2612378591597815	403	(-1, -1, 1, 1, -1, -1, 1, -1, -1, 1, 1)	4.013464935049297
2.2612378591597815	404	(-1, -1, 1, 1, -1, -1, 1, -1, 1, -1, -1)	4.013464935049297
2.2612378591597815	405	(-1, -1, 1, 1, -1, -1, 1, -1, 1, -1, 1)	4.013464935049297
2.2612378591597815	406	(-1, -1, 1, 1, -1, -1, 1, -1, 1, 1, -1)	4.013464935036426
2.2612378591597815	407	(-1, -1, 1, 1, -1, -1, 1, -1, 1, 1, 1)	4.013464935049297
2.2612378591597815	408	(-1, -1, 1, 1, -1, -1, 1, 1, -1, -1, -1)	4.013464935054813
2.2612378591597815	409	(-1, -1, 1, 1, -1, -1, 1, 1, -1, -1, 1)	4.0134649350456195
2.2612378591597815	410	(-1, -1, 1, 1, -1, -1, 1, 1, -1, 1, -1)	4.013464935054813
2.2612378591597815	411	(-1, -1, 1, 1, -1, -1, 1, 1, -1, 1, 1)	4.013464935054813
2.2612378591597815	412	(-1, -1, 1, 1, -1, -1, 1, 1, 1, -1, -1)	4.013464935049297
2.2612378591597815	413	(-1, -1, 1, 1, -1, -1, 1, 1, 1, -1, 1)	4.013464935049297
2.2612378591597815	414	(-1, -1, 1, 1, -1, -1, 1, 1, 1, 1, -1)	4.013464935049297
2.2612378591597815	415	(-1, -1, 1, 1, -1, -1, 1, 1, 1, 1, 1)	4.013464935049297
2.2612378591597815	416	(-1, -1, 1, 1, -1, 1, -1, -1, -1, -1, -1)	4.013464935036426
2.2612378591597815	417	(-1, -1, 1, 1, -1, 1, -1, -1, -1, -1, 1)	4.013464935036426
2.2612378591597815	418	(-1, -1, 1, 1, -1, 1, -1, -1, -1, 1, -1)	4.013464935036426
2.2612378591597815	419	(-1, -1, 1, 1, -1, 1, -1, -1, -1, 1, 1)	4.013464935036426
2.2612378591597815	420	(-1, -1, 1, 1, -1, 1, -1, -1, 1, -1, -1)	4.013464935033985
2.2612378591597815	421	(-1, -1, 1, 1, -1, 1, -1, -1, 1, -1, 1)	4.013464935033985
2.2612378591597815	422	(-1, -1, 1, 1, -1, 1, -1, -1, 1, 1, -1)	4.013464935036426
2.2612378591597815	423	(-1, -1, 1, 1, -1, 1, -1, -1, 1, 1, 1)	4.013464935033985
2.2612378591597815	424	(-1, -1, 1, 1, -1, 1, -1, 1, -1, -1, -1)	4.013464935036426
2.2612378591597815	425	(-1, -1, 1, 1, -1, 1, -1, 1, -1, -1, 1)	4.013464935022547
2.2612378591597815	426	(-1, -1, 1, 1, -1, 1, -1, 1, -1, 1, -1)	4.013464935036426
2.2612378591597815	427	(-1, -1, 1, 1, -1, 1, -1, 1, -1, 1, 1)	4.013464935036426
2.2612378591597815	428	(-1, -1, 1, 1, -1, 1, -1, 1, 1, -1, -1)	4.013464935036426
2.2612378591597815	429	(-1, -1, 1, 1, -1, 1, -1, 1, 1, -1, 1)	4.013464935036426
2.2612378591597815	430	(-1, -1, 1, 1, -1, 1, -1, 1, 1, 1, -1)	4.013464935036426
2.2612378591597815	431	(-1, -1, 1, 1, -1, 1, -1, 1, 1, 1, 1)	4.013464935036426
2.2612378591597815	432	(-1, -1, 1, 1, -1, 1, 1, -1, -1, -1, -1)	4.013464935036426
2.2612378591597815	433	(-1, -1, 1, 1, -1, 1, 1, -1, -1, -1, 1)	4.013464935036426
2.2612378591597815	434	(-1, -1, 1, 1, -1, 1, 1, -1, -1, 1, -1)	4.013464935036426
2.2612378591597815	435	(-1, -1, 1, 1, -1, 1, 1, -1, -1, 1, 1)	4.013464935036426
2.2612378591597815	436	(-1, -1, 1, 1, -1, 1, 1, -1, 1, -1, -1)	4.013464935036426
2.2612378591597815	437	(-1, -1, 1, 1, -1, 1, 1, -1, 1, -1, 1)	4.013464935036426
2.2612378591597815	438	(-1, -1, 1, 1, -1, 1, 1, -1, 1, 1, -1)	4.013464935039593
2.2612378591597815	439	(-1, -1, 1, 1, -1, 1, 1, -1, 1, 1, 1)	4.013464935036426
2.2612378591597815	440	(-1, -1, 1, 1, -1, 1, 1, 1, -1, -1, -1)	4.013464935036426
2.2612378591597815	441	(-1, -1, 1, 1, -1, 1, 1, 1, -1, -1, 1)	4.0134649350140155
2.2612378591597815	442	(-1, -1, 1, 1, -1, 1, 1, 1, -1, 1, -1)	4.013464935036426
2.2612378591597815	443	(-1, -1, 1, 1, -1, 1, 1, 1, -1, 1, 1)	4.013464935036426
2.2612378591597815	444	(-1, -1, 1, 1, -1, 1, 1, 1, 1, -1, -1)	4.013464935036426
2.2612378591597815	445	(-1, -1, 1, 1, -1, 1, 1, 1, 1, -1, 1)	4.013464935036426
2.2612378591597815	446	(-1, -1, 1, 1, -1, 1, 1, 1, 1, 1, -1)	4.013464935036426
2.2612378591597815	447	(-1, -1, 1, 1, -1, 1, 1, 1, 1, 1, 1)	4.013464935036426
2.2612378591597815	454	(-1, -1, 1, 1, 1, -1, -1, -1, 1, 1, -1)	4.013464935035937
2.2612378591597815	457	(-1, -1, 1, 1, 1, -1, -1, 1, -1, -1, 1)	4.013464934994526
2.2612378591597815	470	(-1, -1, 1, 1, 1, -1, 1, -1, 1, 1, -1)	4.013464935003634
2.2612378591597815	472	(-1, -1, 1, 1, 1, -1, 1, 1, -1, -1, -1)	4.013464935066437
2.2612378591597815	473	(-1, -1, 1, 1, 1, -1, 1, 1, -1, -1, 1)	4.013464935027857
2.2612378591597815	474	(-1, -1, 1, 1, 1, -1, 1, 1, -1, 1, -1)	4.013464935066437
2.2612378591597815	475	(-1, -1, 1, 1, 1, -1, 1, 1, -1, 1, 1)	4.013464935066437
2.2612378591597815	484	(-1, -1, 1, 1, 1, 1, -1, -1, 1, -1, -1)	4.013464935029914
2.2612378591597815	485	(-1, -1, 1, 1, 1, 1, -1, -1, 1, -1, 1)	4.013464935029914
2.2612378591597815	486	(-1, -1, 1, 1, 1, 1, -1, -1, 1, 1, -1)	4.013464935006892
2.2612378591597815	487	(-1, -1, 1, 1, 1, 1, -1, -1, 1, 1, 1)	4.013464935029914
2.2612378591597815	489	(-1, -1, 1, 1, 1, 1, -1, 1, -1, -1, 1)	4.013464934992
2.2612378591597815	502	(-1, -1, 1, 1, 1, 1, 1, -1, 1, 1, -1)	4.013464934989052
2.2612378591597815	505	(-1, -1, 1, 1, 1, 1, 1, 1, -1, -1, 1)	4.013464934986999
2.2612378591597815	518	(-1, 1, -1, -1, -1, -1, -1, -1, 1, 1, -1)	4.0134649349946
2.2612378591597815	521	(-1, 1, -1, -1, -1, -1, -1, 1, -1, -1, 1)	4.013464935020773
2.2612378591597815	534	(-1, 1, -1, -1, -1, -1, 1, -1, 1, 1, -1)	4.013464934989163
2.2612378591597815	536	(-1, 1, -1, -1, -1, -1, 1, 1, -1, -1, -1)	4.013464935043535
2.2612378591597815	537	(-1, 1, -1, -1, -1, -1, 1, 1, -1, -1, 1)	4.013464935024274
2.2612378591597815	538	(-1, 1, -1, -1, -1, -1, 1, 1, -1, 1, -1)	4.013464935043535
2.2612378591597815	539	(-1, 1, -1, -1, -1, -1, 1, 1, -1, 1, 1)	4.013464935043535
2.2612378591597815	548	(-1, 1, -1, -1, -1, 1, -1, -1, 1, -1, -1)	4.013464935028967
2.2612378591597815	549	(-1, 1, -1, -1, -1, 1, -1, -1, 1, -1, 1)	4.013464935028967
2.2612378591597815	550	(-1, 1, -1, -1, -1, 1, -1, -1, 1, 1, -1)	4.01346493502705
2.2612378591597815	551	(-1, 1, -1, -1, -1, 1, -1, -1, 1, 1, 1)	4.013464935028967
2.2612378591597815	553	(-1, 1, -1, -1, -1, 1, -1, 1, -1, -1, 1)	4.01346493505344
2.2612378591597815	566	(-1, 1, -1, -1, -1, 1, 1, -1, 1, 1, -1)	4.013464935024348
2.2612378591597815	569	(-1, 1, -1, -1, -1, 1, 1, 1, -1, -1, 1)	4.013464935032837
2.2612378591597815	576	(-1, 1, -1, -1, 1, -1, -1, -1, -1, -1, -1)	4.013464935012191
2.2612378591597815	577	(-1, 1, -1, -1, 1, -1, -1, -1, -1, -1, 1)	4.013464935012191
2.2612378591597815	578	(-1, 1, -1, -1, 1, -1, -1, -1, -1, 1, -1)	4.013464935012191
2.2612378591597815	579	(-1, 1, -1, -1, 1, -1, -1, -1, -1, 1, 1)	4.013464935012191
2.2612378591597815	580	(-1, 1, -1, -1, 1, -1, -1, -1, 1, -1, -1)	4.013464935012191
2.2612378591597815	581	(-1, 1, -1, -1, 1, -1, -1, -1, 1, -1, 1)	4.013464935012191
2.2612378591597815	582	(-1, 1, -1, -1, 1, -1, -1, -1, 1, 1, -1)	4.013464934993664
2.2612378591597815	583	(-1, 1, -1, -1, 1, -1, -1, -1, 1, 1, 1)	4.013464935012191
2.2612378591597815	584	(-1, 1, -1, -1, 1, -1, -1, 1, -1, -1, -1)	4.013464935012191
2.2612378591597815	585	(-1, 1, -1, -1, 1, -1, -1, 1, -1, -1, 1)	4.013464935025416
2.2612378591597815	586	(-1, 1, -1, -1, 1, -1, -1, 1, -1, 1, -1)	4.013464935012191
2.2612378591597815	587	(-1, 1, -1, -1, 1, -1, -1, 1, -1, 1, 1)	4.013464935012191
2.2612378591597815	588	(-1, 1, -1, -1, 1, -1, -1, 1, 1, -1, -1)	4.013464935012191
2.2612378591597815	589	(-1, 1, -1, -1, 1, -1, -1, 1, 1, -1, 1)	4.013464935012191
2.2612378591597815	590	(-1, 1, -1, -1, 1, -1, -1, 1, 1, 1, -1)	4.013464935012191
2.2612378591597815	591	(-1, 1, -1, -1, 1, -1, -1, 1, 1, 1, 1)	4.013464935012191
2.2612378591597815	592	(-1, 1, -1, -1, 1, -1, 1, -1, -1, -1, -1)	4.013464935012191
2.2612378591597815	593	(-1, 1, -1, -1, 1, -1, 1, -1, -1, -1, 1)	4.013464935012191
2.2612378591597815	594	(-1, 1, -1, -1, 1, -1, 1, -1, -1, 1, -1)	4.013464935012191
2.2612378591597815	595	(-1, 1, -1, -1, 1, -1, 1, -1, -1, 1, 1)	4.013464935012191
2.2612378591597815	596	(-1, 1, -1, -1, 1, -1, 1, -1, 1, -1, -1)	4.013464935012191
2.2612378591597815	597	(-1, 1, -1, -1, 1, -1, 1, -1, 1, -1, 1)	4.013464935012191
2.2612378591597815	598	(-1, 1, -1, -1, 1, -1, 1, -1, 1, 1, -1)	4.01346493498453
2.2612378591597815	599	(-1, 1, -1, -1, 1, -1, 1, -1, 1, 1, 1)	4.013464935012191
2.2612378591597815	600	(-1, 1, -1, -1, 1, -1, 1, 1, -1, -1, -1)	4.013464935032578
2.2612378591597815	601	(-1, 1, -1, -1, 1, -1, 1, 1, -1, -1, 1)	4.0134649350529665
2.2612378591597815	602	(-1, 1, -1, -1, 1, -1, 1, 1, -1, 1, -1)	4.013464935032578
2.2612378591597815	603	(-1, 1, -1, -1, 1, -1, 1, 1, -1, 1, 1)	4.013464935032578
2.2612378591597815	604	(-1, 1, -1, -1, 1, -1, 1, 1, 1, -1, -1)	4.013464935012191
2.2612378591597815	605	(-1, 1, -1, -1, 1, -1, 1, 1, 1, -1, 1)	4.013464935012191
2.2612378591597815	606	(-1, 1, -1, -1, 1, -1, 1, 1, 1, 1, -1)	4.013464935012191
2.2612378591597815	607	(-1, 1, -1, -1, 1, -1, 1, 1, 1, 1, 1)	4.013464935012191
2.2612378591597815	608	(-1, 1, -1, -1, 1, 1, -1, -1, -1, -1, -1)	4.013464935030208
2.2612378591597815	609	(-1, 1, -1, -1, 1, 1, -1, -1, -1, -1, 1)	4.013464935030208
2.2612378591597815	610	(-1, 1, -1, -1, 1, 1, -1, -1, -1, 1, -1)	4.013464935030208
2.2612378591597815	611	(-1, 1, -1, -1, 1, 1, -1, -1, -1, 1, 1)	4.013464935030208
2.2612378591597815	612	(-1, 1, -1, -1, 1, 1, -1, -1, 1, -1, -1)	4.013464935026532
2.2612378591597815	613	(-1, 1, -1, -1, 1, 1, -1, -1, 1, -1, 1)	4.013464935026532
2.2612378591597815	614	(-1, 1, -1, -1, 1, 1, -1, -1, 1, 1, -1)	4.013464935027003
2.2612378591597815	615	(-1, 1, -1, -1, 1, 1, -1, -1, 1, 1, 1)	4.013464935026532
2.2612378591597815	616	(-1, 1, -1, -1, 1, 1, -1, 1, -1, -1, -1)	4.013464935030208
2.2612378591597815	617	(-1, 1, -1, -1, 1, 1, -1, 1, -1, -1, 1)	4.013464935045591
2.2612378591597815	618	(-1, 1, -1, -1, 1, 1, -1, 1, -1, 1, -1)	4.013464935030208
2.2612378591597815	619	(-1, 1, -1, -1, 1, 1, -1, 1, -1, 1, 1)	4.013464935030208
2.2612378591597815	620	(-1, 1, -1, -1, 1, 1, -1, 1, 1, -1, -1)	4.013464935030208
2.2612378591597815	621	(-1, 1, -1, -1, 1, 1, -1, 1, 1, -1, 1)	4.013464935030208
2.2612378591597815	622	(-1, 1, -1, -1, 1, 1, -1, 1, 1, 1, -1)	4.013464935030208
2.2612378591597815	623	(-1, 1, -1, -1, 1, 1, -1, 1, 1, 1, 1)	4.013464935030208
2.2612378591597815	624	(-1, 1, -1, -1, 1, 1, 1, -1, -1, -1, -1)	4.013464935012191
2.2612378591597815	625	(-1, 1, -1, -1, 1, 1, 1, -1, -1, -1, 1)	4.013464935012191
2.2612378591597815	626	(-1, 1, -1, -1, 1, 1, 1, -1, -1, 1, -1)	4.013464935012191
2.2612378591597815	627	(-1, 1, -1, -1, 1, 1, 1, -1, -1, 1, 1)	4.013464935012191
2.2612378591597815	628	(-1, 1, -1, -1, 1, 1, 1, -1, 1, -1, -1)	4.013464935012191
2.2612378591597815	629	(-1, 1, -1, -1, 1, 1, 1, -1, 1, -1, 1)	4.013464935012191
2.2612378591597815	630	(-1, 1, -1, -1, 1, 1, 1, -1, 1, 1, -1)	4.013464935015477
2.2612378591597815	631	(-1, 1, -1, -1, 1, 1, 1, -1, 1, 1, 1)	4.013464935012191
2.2612378591597815	632	(-1, 1, -1, -1, 1, 1, 1, 1, -1, -1, -1)	4.013464935012191
2.2612378591597815	633	(-1, 1, -1, -1, 1, 1, 1, 1, -1, -1, 1)	4.013464935041238
2.2612378591597815	634	(-1, 1, -1, -1, 1, 1, 1, 1, -1, 1, -1)	4.013464935012191
2.2612378591597815	635	(-1, 1, -1, -1, 1, 1, 1, 1, -1, 1, 1)	4.013464935012191
2.2612378591597815	636	(-1, 1, -1, -1, 1, 1, 1, 1, 1, -1, -1)	4.013464935012191
2.2612378591597815	637	(-1, 1, -1, -1, 1, 1, 1, 1, 1, -1, 1)	4.013464935012191
2.2612378591597815	638	(-1, 1, -1, -1, 1, 1, 1, 1, 1, 1, -1)	4.013464935012191
2.2612378591597815	639	(-1, 1, -1, -1, 1, 1, 1, 1, 1, 1, 1)	4.013464935012191
2.2612378591597815	646	(-1, 1, -1, 1, -1, -1, -1, -1, 1, 1, -1)	4.013464934993628
2.2612378591597815	649	(-1, 1, -1, 1, -1, -1, -1, 1, -1, -1, 1)	4.013464935033818
2.2612378591597815	656	(-1, 1, -1, 1, -1, -1, 1, -1, -1, -1, -1)	4.0134649350889084
2.2612378591597815	657	(-1, 1, -1, 1, -1, -1, 1, -1, -1, -1, 1)	4.0134649350889084
2.2612378591597815	658	(-1, 1, -1, 1, -1, -1, 1, -1, -1, 1, -1)	4.0134649350889084
2.2612378591597815	659	(-1, 1, -1, 1, -1, -1, 1, -1, -1, 1, 1)	4.0134649350889084
2.2612378591597815	660	(-1, 1, -1, 1, -1, -1, 1, -1, 1, -1, -1)	4.0134649350889084
