0.5183627878423159	0
0.5183627878423159	4
0.5183627878423159	2
0.5183627878423159	2041
0.5183627878423159	3
0.5183627878423159	5
0.5183627878423159	1
0.5183627878423159	511
0.5183627878423159	512
0.5183627878423159	2040
0.5183627878423159	1022
0.5183627878423159	2042
0.5183627878423159	510
0.5340707511102648	1542
0.5874778262212913	1639
0.5874778262212913	1638
0.5874778262212913	408
0.5874778262212913	409
0.6031857894892403	1669
0.6031857894892403	1402
0.6031857894892403	378
0.6063273821428301	390
0.653451271946677	97
0.653451271946677	1950
0.653451271946677	96
0.653451271946677	1951
0.6942919764433443	255
0.6942919764433443	1792
0.6942919764433443	768
0.6942919764433443	1280
0.6942919764433443	256
0.6942919764433443	1791
0.6942919764433443	1021
0.6942919764433443	1279
0.6942919764433443	1020
0.8042477193189871	1921
0.8042477193189871	519
0.8042477193189871	1150
0.8042477193189871	1918
0.8042477193189871	382
0.8042477193189871	1540
0.8042477193189871	1530
0.8042477193189871	638
0.8042477193189871	1531
0.8042477193189871	1662
0.8042477193189871	518
0.8042477193189871	1528
0.8042477193189871	1529
0.8073893119725769	612
0.8042477193189871	641
0.8042477193189871	1541
0.8042477193189871	1409
0.8105309046261667	1122
0.8859291283123217	1019
0.8859291283123217	1018
0.8859291283123217	257
0.8859291283123217	1790
0.8859291283123217	1278
0.8859291283123217	1031
0.8859291283123217	2031
0.8859291283123217	1030
0.8859291283123217	1028
0.8859291283123217	508
0.8859291283123217	1152
0.8859291283123217	2022
0.8859291283123217	509
0.8859291283123217	17
0.8859291283123217	16
0.8859291283123217	15
0.8859291283123217	14
0.8859291283123217	13
0.8859291283123217	12
0.8859291283123217	254
0.8859291283123217	1919
0.8859291283123217	2021
0.8859291283123217	1151
0.8859291283123217	1029
0.8859291283123217	2032
0.8859291283123217	1920
0.8859291283123217	1408
0.8859291283123217	2030
0.8859291283123217	2038
0.8859291283123217	2039
0.8859291283123217	639
0.8859291283123217	640
0.8859291283123217	2018
0.8859291283123217	2019
0.8859291283123217	2020
0.8859291283123217	24
0.8859291283123217	2029
0.8859291283123217	25
0.8859291283123217	28
0.8859291283123217	27
0.8859291283123217	1281
0.8859291283123217	29
0.8859291283123217	769
0.8859291283123217	2028
0.8859291283123217	1532
0.8859291283123217	26
0.8859291283123217	1538
0.8859291283123217	1539
0.9833185005736053	1668
0.9833185005736053	532
0.9833185005736053	1518
0.9833185005736053	379
0.9833185005736053	530
0.9833185005736053	132
0.9833185005736053	531
0.9833185005736053	529
0.9833185005736053	528
0.9833185005736053	1512
0.9833185005736053	890
0.9833185005736053	133
0.9833185005736053	1519
0.9833185005736053	891
1.033583983031042	771
1.033583983031042	1039
1.033583983031042	1038
1.033583983031042	1788
1.033583983031042	1032
1.033583983031042	1789
1.033583983031042	1282
1.033583983031042	1009
1.033583983031042	1012
1.033583983031042	770
1.033583983031042	1011
1.033583983031042	252
1.033583983031042	253
1.033583983031042	1008
1.033583983031042	1010
1.0995574287564276	1689
1.0995574287564276	1432
1.0995574287564276	358
1.0995574287564276	410
1.0995574287564276	1382
1.0995574287564276	870
1.0995574287564276	921
1.0995574287564276	411
1.1278317626387357	1562
1.1278317626387357	480
1.1278317626387357	481
1.1278317626387357	482
1.1278317626387357	391
1.1278317626387357	1560
1.1278317626387357	902
1.1278317626387357	1561
1.1278317626387357	120
1.1278317626387357	632
1.1278317626387357	121
1.1152653920243767	64
1.1152653920243767	63
1.1152653920243767	1472
1.1152653920243767	1471
1.1152653920243767	1728
1.1152653920243767	1088
1.1152653920243767	192
1.1152653920243767	320
1.1152653920243767	448
1.1152653920243767	319
1.1152653920243767	832
1.1152653920243767	1599
1.1152653920243767	1600
1.1152653920243767	959
1.1152653920243767	831
1.1152653920243767	960
1.3728759896187397	1048
1.3728759896187397	1120
1.3728759896187397	1511
1.3728759896187397	99
1.3728759896187397	280
1.3728759896187397	999
1.3728759896187397	792
1.3728759896187397	1121
1.3728759896187397	231
1.3728759896187397	1948
1.3728759896187397	98
1.3728759896187397	1949
1.398008730847458	100
1.398008730847458	1632
1.398008730847458	1688
1.398008730847458	1049
1.398008730847458	412
1.398008730847458	101
1.398008730847458	230
1.398008730847458	1438
1.398008730847458	920
1.398008730847458	922
1.398008730847458	398
1.398008730847458	399
1.398008730847458	611
1.398008730847458	1659
1.398008730847458	871
1.398008730847458	359
1.398008730847458	402
1.398008730847458	1661
1.398008730847458	1660
1.398008730847458	401
1.398008730847458	400
1.398008730847458	1641
1.398008730847458	281
1.398008730847458	1439
1.398008730847458	742
1.398008730847458	1640
1.398008730847458	1642
1.398008730847458	1652
1.398008730847458	609
1.398008730847458	389
1.398008730847458	608
1.398008730847458	388
1.398008730847458	998
1.398008730847458	1510
1.398008730847458	1658
1.398008730847458	392
1.398008730847458	1650
1.398008730847458	1648
1.398008730847458	1649
1.398008730847458	1651
1.398008730847458	610
1.4074335088082275	888
1.4074335088082275	540
1.4074335088082275	1569
1.4074335088082275	862
1.4074335088082275	478
1.4074335088082275	539
1.4074335088082275	801
1.4074335088082275	798
1.4074335088082275	1412
1.4074335088082275	900
1.4074335088082275	542
1.4074335088082275	901
1.4074335088082275	1758
1.4074335088082275	1310
1.4074335088082275	1249
1.4074335088082275	1889
1.4074335088082275	1761
1.4074335088082275	492
1.4074335088082275	541
1.4074335088082275	350
1.4074335088082275	1118
1.4074335088082275	1502
1.4074335088082275	1159
1.4074335088082275	1158
1.4074335088082275	1508
1.4074335088082275	1912
1.4074335088082275	1822
1.4074335088082275	670
1.4074335088082275	929
1.4074335088082275	1509
1.4074335088082275	538
1.4074335088082275	134
1.4074335088082275	135
1.4074335088082275	158
1.4074335088082275	1182
1.4074335088082275	990
1.4074335088082275	1441
1.4074335088082275	161
1.4074335088082275	1559
1.4074335088082275	123
1.4074335088082275	489
1.4074335088082275	1552
1.4074335088082275	889
1.4074335088082275	122
1.4074335088082275	1670
1.4074335088082275	1671
1.4074335088082275	1401
1.4074335088082275	1400
1.4074335088082275	289
1.4074335088082275	491
1.4074335088082275	490
1.4074335088082275	488
1.4074335088082275	1558
1.4074335088082275	1630
1.4168582867689967	1601
1.4168582867689967	113
1.4168582867689967	1992
1.4168582867689967	1978
1.4168582867689967	112
1.4168582867689967	111
1.4168582867689967	110
1.4168582867689967	830
1.4168582867689967	109
1.4168582867689967	928
1.4168582867689967	1598
1.4168582867689967	961
1.4168582867689967	108
1.4168582867689967	520
1.4168582867689967	898
1.4168582867689967	899
1.4168582867689967	672
1.4168582867689967	671
1.4168582867689967	1411
1.4168582867689967	1888
1.4168582867689967	65
1.4168582867689967	958
1.4168582867689967	1410
1.4168582867689967	522
1.4168582867689967	521
1.4168582867689967	160
1.4168582867689967	2008
1.4168582867689967	2009
1.4168582867689967	2010
1.4168582867689967	2011
1.4168582867689967	2012
1.4168582867689967	288
1.4168582867689967	1119
1.4168582867689967	892
1.4168582867689967	1521
1.4168582867689967	50
1.4168582867689967	49
1.4168582867689967	48
1.4168582867689967	449
1.4168582867689967	772
1.4168582867689967	1522
1.4168582867689967	800
1.4168582867689967	761
1.4168582867689967	760
1.4168582867689967	159
1.4168582867689967	1520
1.4168582867689967	799
1.4168582867689967	381
1.4168582867689967	380
1.4168582867689967	1991
1.4168582867689967	1990
1.4168582867689967	1989
1.4168582867689967	1440
1.4168582867689967	1988
1.4168582867689967	1149
1.4168582867689967	1148
1.4168582867689967	2002
1.4168582867689967	2001
1.4168582867689967	502
1.4168582867689967	501
1.4168582867689967	500
1.4168582867689967	351
1.4168582867689967	1470
1.4168582867689967	40
1.4168582867689967	1551
1.4168582867689967	1550
1.4168582867689967	41
1.4168582867689967	1549
1.4168582867689967	1548
1.4168582867689967	321
1.4168582867689967	87
1.4168582867689967	88
1.4168582867689967	84
1.4168582867689967	499
1.4168582867689967	1631
1.4168582867689967	85
1.4168582867689967	86
1.4168582867689967	1042
1.4168582867689967	352
1.4168582867689967	125
1.4168582867689967	479
1.4168582867689967	1998
1.4168582867689967	39
1.4168582867689967	38
1.4168582867689967	36
1.4168582867689967	1999
1.4168582867689967	37
1.4168582867689967	2000
1.4168582867689967	1000
1.4168582867689967	1002
1.4168582867689967	1248
1.4168582867689967	1001
1.4168582867689967	53
1.4168582867689967	74
1.4168582867689967	73
1.4168582867689967	72
1.4168582867689967	1051
1.4168582867689967	1050
1.4168582867689967	193
1.4168582867689967	1968
1.4168582867689967	1052
1.4168582867689967	1040
1.4168582867689967	1041
1.4168582867689967	1798
1.4168582867689967	1799
1.4168582867689967	1342
1.4168582867689967	89
1.4168582867689967	75
1.4168582867689967	76
1.4168582867689967	77
1.4168582867689967	1089
1.4168582867689967	62
1.4168582867689967	61
1.4168582867689967	60
1.4168582867689967	52
1.4168582867689967	51
1.4168582867689967	318
1.4168582867689967	1942
1.4168582867689967	1941
1.4168582867689967	1940
1.4168582867689967	1970
1.4168582867689967	1961
1.4168582867689967	1959
1.4168582867689967	1958
1.4168582867689967	702
1.4168582867689967	498
1.4168582867689967	1960
1.4168582867689967	1938
1.4168582867689967	1969
1.4168582867689967	1729
1.4168582867689967	1971
1.4168582867689967	1982
1.4168582867689967	1981
1.4168582867689967	1922
1.4168582867689967	642
1.4168582867689967	1979
1.4168582867689967	1980
1.4168582867689967	124
1.4168582867689967	1939
1.4168582867689967	992
1.4168582867689967	1972
1.4168582867689967	1312
1.4168582867689967	1311
1.4168582867689967	1760
1.4168582867689967	1759
1.4168582867689967	991
1.4168582867689967	1568
1.4168582867689967	762
1.4168582867689967	1962
1.4168582867689967	1272
1.4168582867689967	1928
1.4168582867689967	1929
1.4168582867689967	1952
1.4168582867689967	1930
1.4168582867689967	1931
1.4168582867689967	1932
1.611637031291564	2046
1.611637031291564	1024
1.611637031291564	2047
1.611637031291564	1023
1.6744688843633597	925
1.6744688843633597	1123
1.6744688843633597	924
1.7969909978533618	384
1.7969909978533618	487
1.7969909978533618	486
1.7969909978533618	615
1.7969909978533618	614
1.7969909978533618	613
1.7969909978533618	923
1.7969909978533618	386
1.7969909978533618	926
1.7969909978533618	1125
1.7969909978533618	1254
1.7969909978533618	407
1.7969909978533618	1124
1.7969909978533618	1656
1.7969909978533618	1176
1.7969909978533618	1944
1.7969909978533618	103
1.7969909978533618	1127
1.7969909978533618	1433
1.7969909978533618	1126
1.7969909978533618	397
1.7969909978533618	415
1.7969909978533618	414
1.7969909978533618	413
1.7969909978533618	153
1.7969909978533618	1177
1.7969909978533618	1767
1.7969909978533618	1766
1.7969909978533618	152
1.7969909978533618	1947
1.7969909978533618	793
1.7969909978533618	1946
1.7969909978533618	1945
1.7969909978533618	102
1.7969909978533618	1653
1.7969909978533618	387
1.7969909978533618	396
1.7969909978533618	1663
1.7969909978533618	1383
1.7969909978533618	2023
1.7969909978533618	1305
1.7969909978533618	1255
1.7969909978533618	1817
1.7969909978533618	1816
1.7969909978533618	385
1.7969909978533618	1657
1.7969909978533618	1304
1.7969909978533618	743
1.7969909978533618	395
1.7969909978533618	394
1.7969909978533618	393
1.7969909978533618	665
1.7969909978533618	1895
1.7969909978533618	1894
1.7969909978533618	1655
1.7969909978533618	1654
1.7969909978533618	537
1.7969909978533618	536
1.7969909978533618	664
1.7969909978533618	1644
1.7969909978533618	1434
1.7969909978533618	1435
1.7969909978533618	1436
1.7969909978533618	1437
1.7969909978533618	406
1.7969909978533618	405
1.7969909978533618	403
1.7969909978533618	1633
1.7969909978533618	1634
1.7969909978533618	1635
1.7969909978533618	404
1.7969909978533618	927
1.7969909978533618	1636
1.7969909978533618	1637
1.7969909978533618	1647
1.7969909978533618	1646
1.7969909978533618	1645
1.7969909978533618	1643
1.8284069243892598	505
1.8284069243892598	504
1.8284069243892598	1543
1.8409732950036188	1534
1.8409732950036188	1537
1.8409732950036188	513
1.8503980729643883	1414
1.8503980729643883	633
1.8598228509251575	1526
1.8598228509251575	1525
1.8598228509251575	1984
1.8598228509251575	1524
1.8598228509251575	1523
1.8598228509251575	1456
1.8598228509251575	1916
1.8598228509251575	1985
1.8598228509251575	1917
1.8598228509251575	1915
1.8598228509251575	964
1.8598228509251575	1527
1.8598228509251575	1455
1.8598228509251575	270
1.8598228509251575	1987
1.8598228509251575	272
1.8598228509251575	965
1.8598228509251575	239
1.8598228509251575	18
1.8598228509251575	19
1.8598228509251575	20
1.8598228509251575	22
1.8598228509251575	23
1.8598228509251575	1903
1.8598228509251575	1986
1.8598228509251575	271
1.8598228509251575	963
1.8598228509251575	1183
1.8598228509251575	286
1.8598228509251575	1967
1.8598228509251575	1966
1.8598228509251575	1965
1.8598228509251575	1964
1.8598228509251575	1963
1.8598228509251575	1553
1.8598228509251575	1554
1.8598228509251575	1555
1.8598228509251575	1556
1.8598228509251575	816
1.8598228509251575	8
1.8598228509251575	7
1.8598228509251575	6
1.8598228509251575	287
1.8598228509251575	1914
1.8598228509251575	1185
1.8598228509251575	1184
1.8598228509251575	966
1.8598228509251575	1904
1.8598228509251575	1473
1.8598228509251575	1474
1.8598228509251575	1475
1.8598228509251575	9
1.8598228509251575	10
1.8598228509251575	11
1.8598228509251575	1913
1.8598228509251575	967
1.8598228509251575	1407
1.8598228509251575	176
1.8598228509251575	91
1.8598228509251575	90
1.8598228509251575	1284
1.8598228509251575	1487
1.8598228509251575	815
1.8598228509251575	1287
1.8598228509251575	1286
1.8598228509251575	847
1.8598228509251575	1503
1.8598228509251575	1504
1.8598228509251575	1505
1.8598228509251575	1506
1.8598228509251575	1507
1.8598228509251575	1075
1.8598228509251575	1807
1.8598228509251575	1073
1.8598228509251575	1694
1.8598228509251575	1027
1.8598228509251575	1026
1.8598228509251575	1025
1.8598228509251575	1695
1.8598228509251575	1696
1.8598228509251575	1697
1.8598228509251575	1043
1.8598228509251575	1044
1.8598228509251575	92
1.8598228509251575	624
1.8598228509251575	93
1.8598228509251575	95
1.8598228509251575	1513
1.8598228509251575	1514
1.8598228509251575	1515
1.8598228509251575	1516
1.8598228509251575	1517
1.8598228509251575	1403
1.8598228509251575	1404
1.8598228509251575	1405
1.8598228509251575	1406
1.8598228509251575	175
1.8598228509251575	834
1.8598228509251575	833
1.8598228509251575	1167
1.8598228509251575	1533
1.8598228509251575	1535
1.8598228509251575	1536
1.8598228509251575	835
1.8598228509251575	1924
1.8598228509251575	1273
1.8598228509251575	1285
1.8598228509251575	623
1.8598228509251575	1135
1.8598228509251575	1136
1.8598228509251575	94
1.8598228509251575	59
1.8598228509251575	353
1.8598228509251575	261
1.8598228509251575	893
1.8598228509251575	894
1.8598228509251575	895
1.8598228509251575	656
1.8598228509251575	21
1.8598228509251575	1925
1.8598228509251575	1923
1.8598228509251575	2045
1.8598228509251575	1277
1.8598228509251575	1283
1.8598228509251575	1983
1.8598228509251575	1104
1.8598228509251575	1993
1.8598228509251575	1103
1.8598228509251575	1156
1.8598228509251575	1155
1.8598228509251575	1154
1.8598228509251575	1153
1.8598228509251575	973
1.8598228509251575	974
1.8598228509251575	975
1.8598228509251575	976
1.8598228509251575	977
1.8598228509251575	1887
1.8598228509251575	1886
1.8598228509251575	1157
1.8598228509251575	1994
1.8598228509251575	1995
1.8598228509251575	1996
1.8598228509251575	1045
1.8598228509251575	2026
1.8598228509251575	2027
1.8598228509251575	897
1.8598228509251575	485
1.8598228509251575	484
1.8598228509251575	367
1.8598228509251575	483
1.8598228509251575	304
1.8598228509251575	303
1.8598228509251575	2025
1.8598228509251575	1926
1.8598228509251575	1943
1.8598228509251575	1413
1.8598228509251575	1415
1.8598228509251575	43
1.8598228509251575	42
1.8598228509251575	2013
1.8598228509251575	2014
1.8598228509251575	2015
1.8598228509251575	2016
1.8598228509251575	2017
1.8598228509251575	655
1.8598228509251575	1997
1.8598228509251575	126
1.8598228509251575	128
1.8598228509251575	55
1.8598228509251575	54
1.8598228509251575	673
1.8598228509251575	1147
1.8598228509251575	1146
1.8598228509251575	2024
1.8598228509251575	1145
1.8598228509251575	1144
1.8598228509251575	260
1.8598228509251575	259
1.8598228509251575	56
1.8598228509251575	258
1.8598228509251575	576
1.8598228509251575	577
1.8598228509251575	1557
1.8598228509251575	1545
1.8598228509251575	1546
1.8598228509251575	1547
1.8598228509251575	2044
1.8598228509251575	2043
1.8598228509251575	263
1.8598228509251575	607
1.8598228509251575	606
1.8598228509251575	262
1.8598228509251575	1076
1.8598228509251575	58
1.8598228509251575	573
1.8598228509251575	129
1.8598228509251575	1274
1.8598228509251575	1275
1.8598228509251575	1276
1.8598228509251575	2007
1.8598228509251575	2006
1.8598228509251575	2005
1.8598228509251575	2004
1.8598228509251575	2003
1.8598228509251575	131
1.8598228509251575	130
1.8598228509251575	1544
1.8598228509251575	575
1.8598228509251575	574
1.8598228509251575	127
1.8598228509251575	1046
1.8598228509251575	1063
1.8598228509251575	526
1.8598228509251575	1267
1.8598228509251575	1054
1.8598228509251575	1056
1.8598228509251575	1033
1.8598228509251575	1034
1.8598228509251575	1035
1.8598228509251575	1036
1.8598228509251575	1037
1.8598228509251575	464
1.8598228509251575	70
1.8598228509251575	69
1.8598228509251575	68
1.8598228509251575	67
1.8598228509251575	66
1.8598228509251575	1296
1.8598228509251575	1603
1.8598228509251575	1664
1.8598228509251575	1665
1.8598228509251575	1666
1.8598228509251575	1667
1.8598228509251575	71
1.8598228509251575	383
1.8598228509251575	1936
1.8598228509251575	1937
1.8598228509251575	525
1.8598228509251575	1053
1.8598228509251575	1313
1.8598228509251575	527
1.8598228509251575	1933
1.8598228509251575	1927
1.8598228509251575	1047
1.8598228509251575	1295
1.8598228509251575	1294
1.8598228509251575	1775
1.8598228509251575	503
1.8598228509251575	1776
1.8598228509251575	1777
1.8598228509251575	507
1.8598228509251575	1744
1.8598228509251575	1014
1.8598228509251575	1064
1.8598228509251575	1067
1.8598228509251575	1743
1.8598228509251575	506
1.8598228509251575	1065
1.8598228509251575	1066
1.8598228509251575	376
1.8598228509251575	143
1.8598228509251575	377
1.8598228509251575	987
1.8598228509251575	1016
1.8598228509251575	1017
1.8598228509251575	463
1.8598228509251575	1055
1.8598228509251575	1013
1.8598228509251575	1015
1.8598228509251575	1057
1.8598228509251575	335
1.8598228509251575	336
1.8598228509251575	944
1.8598228509251575	943
1.8598228509251575	1327
1.8598228509251575	1293
1.8598228509251575	1973
1.8598228509251575	1974
1.8598228509251575	1856
1.8598228509251575	1855
1.8598228509251575	1854
1.8598228509251575	1853
1.8598228509251575	118
1.8598228509251575	119
1.8598228509251575	687
1.8598228509251575	637
1.8598228509251575	636
1.8598228509251575	635
1.8598228509251575	1265
1.8598228509251575	1857
1.8598228509251575	190
1.8598228509251575	316
1.8598228509251575	317
1.8598228509251575	1424
1.8598228509251575	1423
1.8598228509251575	1797
1.8598228509251575	1796
1.8598228509251575	1795
1.8598228509251575	1794
1.8598228509251575	1793
1.8598228509251575	117
1.8598228509251575	116
1.8598228509251575	115
1.8598228509251575	1825
1.8598228509251575	1824
1.8598228509251575	1823
1.8598228509251575	956
1.8598228509251575	957
1.8598228509251575	1596
1.8598228509251575	1597
1.8598228509251575	634
1.8598228509251575	1264
1.8598228509251575	1263
1.8598228509251575	1074
1.8598228509251575	1007
1.8598228509251575	1006
1.8598228509251575	1005
1.8598228509251575	1004
1.8598228509251575	1003
1.8598228509251575	114
1.8598228509251575	1787
1.8598228509251575	903
1.8598228509251575	1786
1.8598228509251575	1785
1.8598228509251575	188
1.8598228509251575	1724
1.8598228509251575	1725
1.8598228509251575	1727
1.8598228509251575	1583
1.8598228509251575	1266
1.8598228509251575	524
1.8598228509251575	523
1.8598228509251575	444
1.8598228509251575	445
1.8598228509251575	446
1.8598228509251575	447
1.8598228509251575	1977
1.8598228509251575	1976
1.8598228509251575	1975
1.8598228509251575	707
1.8598228509251575	1784
1.8598228509251575	1783
1.8598228509251575	493
1.8598228509251575	494
1.8598228509251575	495
1.8598228509251575	496
1.8598228509251575	497
1.8598228509251575	1584
1.8598228509251575	191
1.8598228509251575	1726
1.8598228509251575	189
1.8598228509251575	1806
1.8598228509251575	1805
1.8598228509251575	1804
1.8598228509251575	1803
1.8598228509251575	703
1.8598228509251575	704
1.8598228509251575	30
1.8598228509251575	31
1.8598228509251575	32
1.8598228509251575	33
1.8598228509251575	34
1.8598228509251575	35
1.8598228509251575	705
1.8598228509251575	706
1.8598228509251575	2036
1.8598228509251575	544
1.8598228509251575	2037
1.8598228509251575	543
1.8598228509251575	1083
1.8598228509251575	57
1.8598228509251575	2033
1.8598228509251575	2034
1.8598228509251575	246
1.8598228509251575	1954
1.8598228509251575	1953
1.8598228509251575	1377
1.8598228509251575	323
1.8598228509251575	251
1.8598228509251575	250
1.8598228509251575	249
1.8598228509251575	248
1.8598228509251575	247
1.8598228509251575	1956
1.8598228509251575	1934
1.8598228509251575	2035
1.8598228509251575	1213
1.8598228509251575	896
1.8598228509251575	1616
1.8598228509251575	1084
1.8598228509251575	80
1.8598228509251575	79
1.8598228509251575	78
1.8598228509251575	1563
1.8598228509251575	1564
1.8598228509251575	1565
1.8598228509251575	1566
1.8598228509251575	1567
1.8598228509251575	1246
1.8598228509251575	1077
1.8598228509251575	1247
1.8598228509251575	517
1.8598228509251575	516
1.8598228509251575	515
1.8598228509251575	514
1.8598228509251575	1343
1.8598228509251575	1085
1.8598228509251575	734
1.8598228509251575	735
1.8598228509251575	83
1.8598228509251575	82
1.8598228509251575	81
1.8598228509251575	1615
1.8598228509251575	416
1.8598228509251575	417
1.8598228509251575	737
1.8598228509251575	736
1.8598228509251575	997
1.8598228509251575	996
1.8598228509251575	995
1.8598228509251575	994
1.8598228509251575	993
1.8598228509251575	1346
1.8598228509251575	863
1.8598228509251575	864
1.8598228509251575	1935
1.8598228509251575	783
1.8598228509251575	865
1.8598228509251575	534
1.8598228509251575	535
1.8598228509251575	784
1.8598228509251575	225
1.8598228509251575	224
1.8598228509251575	1344
1.8598228509251575	545
1.8598228509251575	1345
1.8598228509251575	223
1.8598228509251575	222
1.8598228509251575	1376
1.8598228509251575	1957
1.8598228509251575	1955
1.8598228509251575	533
1.8598228509251575	983
1.8598228509251575	984
1.8598228509251575	985
1.8598228509251575	986
1.8598228509251575	1214
1.8598228509251575	1215
1.8598228509251575	1216
1.8598228509251575	1217
1.8598228509251575	1087
1.8598228509251575	1374
1.8598228509251575	1375
1.8598228509251575	1347
1.8598228509251575	47
1.8598228509251575	763
1.8598228509251575	647
1.8598228509251575	104
1.8598228509251575	105
1.8598228509251575	106
1.8598228509251575	107
1.8598228509251575	46
1.8598228509251575	45
1.8598228509251575	44
1.8598228509251575	773
1.8598228509251575	774
1.8598228509251575	775
1.8598228509251575	776
1.8598228509251575	777
1.8598228509251575	644
1.8598228509251575	646
1.8598228509251575	1086
1.8598228509251575	645
1.8598228509251575	757
1.8598228509251575	756
1.8598228509251575	755
1.8598228509251575	754
1.8598228509251575	753
1.8598228509251575	767
1.8598228509251575	766
1.8598228509251575	765
1.8598228509251575	764
1.8598228509251575	643
2.004336112990288	1843
2.038893632179776	306
2.038893632179776	307
2.038893632179776	817
2.038893632179776	1227
2.038893632179776	1224
2.038893632179776	823
2.038893632179776	1226
2.038893632179776	1225
2.038893632179776	717
2.038893632179776	716
2.2273891913951633	715
2.2273891913951633	201
2.2273891913951633	200
2.2273891913951633	203
2.2273891913951633	804
2.2273891913951633	805
2.2273891913951633	806
2.2273891913951633	807
2.2273891913951633	826
2.2273891913951633	1334
2.2273891913951633	713
2.2273891913951633	827
2.2273891913951633	1335
2.2273891913951633	714
2.2273891913951633	1333
2.2273891913951633	1245
2.2273891913951633	1223
2.2273891913951633	845
2.2273891913951633	825
2.2273891913951633	824
2.2273891913951633	1357
2.2273891913951633	1356
2.2273891913951633	1846
2.2273891913951633	813
2.2273891913951633	1844
2.2273891913951633	814
2.2273891913951633	202
2.2273891913951633	1845
2.2273891913951633	803
2.2273891913951633	563
2.2273891913951633	844
2.2273891913951633	1586
2.2273891913951633	1587
2.2273891913951633	1485
2.2273891913951633	1484
2.2273891913951633	1613
2.2273891913951633	1847
2.2273891913951633	1203
2.2273891913951633	435
2.2273891913951633	434
2.2273891913951633	1736
2.2273891913951633	1737
2.2273891913951633	179
2.2273891913951633	333
2.2273891913951633	947
2.2273891913951633	1244
2.2273891913951633	1243
2.2273891913951633	305
2.2273891913951633	1233
2.2273891913951633	1234
2.2273891913951633	1235
2.2273891913951633	1236
2.2273891913951633	1237
2.2273891913951633	946
2.2273891913951633	1715
2.2273891913951633	1714
2.2273891913951633	178
2.265088303238241	345
2.265088303238241	346
2.265088303238241	347
2.265088303238241	1307
2.265088303238241	1306
2.265088303238241	953
2.265088303238241	913
2.265088303238241	914
2.265088303238241	344
2.265088303238241	363
2.265088303238241	365
2.265088303238241	1133
2.265088303238241	1257
2.265088303238241	915
2.265088303238241	1253
2.265088303238241	933
2.265088303238241	934
2.265088303238241	935
2.265088303238241	937
2.265088303238241	366
2.265088303238241	364
2.265088303238241	1175
2.265088303238241	1174
2.265088303238241	1173
2.265088303238241	354
2.265088303238241	355
2.265088303238241	356
2.265088303238241	357
2.265088303238241	625
2.265088303238241	626
2.265088303238241	627
2.265088303238241	1134
2.265088303238241	917
2.265088303238241	916
2.265088303238241	1316
2.265088303238241	1764
2.265088303238241	657
2.265088303238241	293
2.265088303238241	295
2.265088303238241	1753
2.265088303238241	593
2.265088303238241	594
2.265088303238241	595
2.265088303238241	596
2.265088303238241	425
2.265088303238241	424
2.265088303238241	423
2.265088303238241	597
2.265088303238241	473
2.265088303238241	474
2.265088303238241	475
2.265088303238241	433
2.265088303238241	1765
2.265088303238241	553
2.265088303238241	1833
2.265088303238241	694
2.265088303238241	697
2.265088303238241	566
2.265088303238241	294
2.265088303238241	1814
2.265088303238241	583
2.265088303238241	584
2.265088303238241	585
2.265088303238241	586
2.265088303238241	587
2.265088303238241	297
2.265088303238241	426
2.265088303238241	1193
2.265088303238241	603
2.265088303238241	604
2.265088303238241	605
2.265088303238241	1734
2.265088303238241	745
2.265088303238241	1705
2.265088303238241	1703
2.265088303238241	1754
2.265088303238241	1755
2.265088303238241	1206
2.265088303238241	726
2.265088303238241	886
2.265088303238241	854
2.265088303238241	856
2.265088303238241	857
2.265088303238241	873
2.265088303238241	874
2.265088303238241	875
2.265088303238241	876
2.265088303238241	1097
2.265088303238241	1094
2.265088303238241	866
2.265088303238241	867
2.265088303238241	1416
2.265088303238241	1417
2.265088303238241	326
2.265088303238241	877
2.265088303238241	905
2.265088303238241	1386
2.265088303238241	1337
2.265088303238241	436
2.265088303238241	1387
2.265088303238241	374
2.265088303238241	437
2.265088303238241	457
2.265088303238241	427
2.265088303238241	454
2.265088303238241	283
2.265088303238241	282
2.265088303238241	443
2.265088303238241	1353
2.265088303238241	1366
2.265088303238241	1317
2.265088303238241	1454
2.265088303238241	1453
2.265088303238241	1447
2.265088303238241	1446
2.265088303238241	1445
2.265088303238241	1444
2.265088303238241	1443
2.265088303238241	1115
2.265088303238241	1113
2.265088303238241	1114
2.265088303238241	1467
2.265088303238241	1466
2.265088303238241	1465
2.265088303238241	1464
2.265088303238241	1463
2.265088303238241	795
2.265088303238241	794
2.265088303238241	1425
2.265088303238241	1385
2.265088303238241	1384
2.265088303238241	1427
2.265088303238241	1457
2.265088303238241	1426
2.265088303238241	1496
2.265088303238241	1494
2.265088303238241	1497
2.265088303238241	1604
2.265088303238241	1605
2.265088303238241	1606
2.265088303238241	1607
2.265088303238241	150
2.265088303238241	313
2.265088303238241	214
2.265088303238241	1574
2.265088303238241	1573
2.265088303238241	1693
2.265088303238241	198
2.265088303238241	1687
2.265088303238241	1865
2.265088303238241	1593
2.265088303238241	1686
2.265088303238241	1685
2.265088303238241	1684
2.265088303238241	1883
2.265088303238241	166
2.265088303238241	1893
2.265088303238241	151
2.265088303238241	165
2.265088303238241	1896
2.265088303238241	1577
2.265088303238241	167
2.265088303238241	1897
2.265088303238241	1575
2.265088303238241	1624
2.265088303238241	1625
2.265088303238241	1626
2.265088303238241	1627
2.265088303238241	1623
2.265088303238241	154
2.265088303238241	155
2.265088303238241	164
2.265088303238241	1683
2.265088303238241	1673
2.265088303238241	1617
2.265088303238241	663
2.265088303238241	666
2.265088303238241	667
2.265088303238241	676
2.265088303238241	677
2.265088303238241	1614
2.265088303238241	616
2.265088303238241	617
2.4849997889895263	1486
2.4849997889895263	1164
2.4849997889895263	883
2.4849997889895263	140
2.4849997889895263	199
2.4849997889895263	1676
2.4849997889895263	1395
2.4849997889895263	1585
2.4849997889895263	1907
2.535265271446963	684
2.535265271446963	786
2.535265271446963	853
2.535265271446963	785
2.535265271446963	787
2.535265271446963	837
2.535265271446963	843
2.535265271446963	855
2.535265271446963	1906
2.535265271446963	796
2.535265271446963	797
2.535265271446963	141
2.535265271446963	557
2.535265271446963	733
2.535265271446963	1874
2.535265271446963	836
2.535265271446963	556
2.535265271446963	1864
2.535265271446963	1866
2.535265271446963	1867
2.535265271446963	315
2.535265271446963	1096
2.535265271446963	314
2.535265271446963	1354
2.535265271446963	1355
2.535265271446963	1835
2.535265271446963	1363
2.535265271446963	1336
2.535265271446963	1836
2.535265271446963	1837
2.535265271446963	693
2.535265271446963	567
2.535265271446963	685
2.535265271446963	1323
2.535265271446963	1324
2.535265271446963	1325
2.535265271446963	1326
2.535265271446963	1826
2.535265271446963	1827
2.535265271446963	1875
2.535265271446963	1483
2.535265271446963	1107
2.535265271446963	1106
2.535265271446963	846
2.535265271446963	456
2.535265271446963	1834
2.535265271446963	1394
2.535265271446963	1165
2.535265271446963	1166
2.535265271446963	274
2.535265271446963	1256
2.535265271446963	275
2.535265271446963	466
2.535265271446963	1315
2.535265271446963	1314
2.535265271446963	653
2.535265271446963	945
2.535265271446963	1773
2.535265271446963	236
2.535265271446963	467
2.535265271446963	237
2.535265271446963	177
2.535265271446963	1163
2.535265271446963	334
2.535265271446963	1745
2.535265271446963	1186
2.535265271446963	1717
2.535265271446963	1187
2.535265271446963	1716
2.535265271446963	1747
2.535265271446963	1194
2.535265271446963	1205
2.535265271446963	1207
2.535265271446963	1195
2.535265271446963	1196
2.535265271446963	1197
2.535265271446963	1733
2.535265271446963	1204
2.535265271446963	1735
2.535265271446963	1713
2.535265271446963	296
2.535265271446963	1677
2.535265271446963	565
2.535265271446963	1746
2.535265271446963	727
2.535265271446963	725
2.535265271446963	724
2.535265271446963	723
2.535265271446963	885
2.535265271446963	884
2.535265271446963	210
2.535265271446963	887
2.535265271446963	564
2.535265271446963	211
2.535265271446963	213
2.535265271446963	215
2.535265271446963	212
2.535265271446963	695
2.535265271446963	1756
2.535265271446963	1757