0.3541592653589796	360	(-1, -1, 1, -1, 1, 1, -1, 1, -1, -1, -1)	7.9132188627745705
0.3541592653589796	361	(-1, -1, 1, -1, 1, 1, -1, 1, -1, -1, 1)	7.9132188627745705
0.3541592653589796	612	(-1, 1, -1, -1, 1, 1, -1, -1, 1, -1, -1)	2.9703843333165594
0.3541592653589796	613	(-1, 1, -1, -1, 1, 1, -1, -1, 1, -1, 1)	2.9703843333165594
0.3541592653589796	1434	(1, -1, 1, 1, -1, -1, 1, 1, -1, 1, -1)	2.9703843333165594
0.3541592653589796	1435	(1, -1, 1, 1, -1, -1, 1, 1, -1, 1, 1)	2.9703843333165594
0.3541592653589796	1686	(1, 1, -1, 1, -1, -1, 1, -1, 1, 1, -1)	7.9132188627745705
0.3541592653589796	1687	(1, 1, -1, 1, -1, -1, 1, -1, 1, 1, 1)	7.9132188627745705
0.3572008580125694	360	(-1, -1, 1, -1, 1, 1, -1, 1, -1, -1, -1)	8.181014249578908
0.3572008580125694	361	(-1, -1, 1, -1, 1, 1, -1, 1, -1, -1, 1)	8.181014249578908
0.3572008580125694	612	(-1, 1, -1, -1, 1, 1, -1, -1, 1, -1, -1)	3.076872830514466
0.3572008580125694	613	(-1, 1, -1, -1, 1, 1, -1, -1, 1, -1, 1)	3.076872830514466
0.3572008580125694	1434	(1, -1, 1, 1, -1, -1, 1, 1, -1, 1, -1)	3.076872830514466
0.3572008580125694	1435	(1, -1, 1, 1, -1, -1, 1, 1, -1, 1, 1)	3.076872830514466
0.3572008580125694	1686	(1, 1, -1, 1, -1, -1, 1, -1, 1, 1, -1)	8.181014249578908
0.3572008580125694	1687	(1, 1, -1, 1, -1, -1, 1, -1, 1, 1, 1)	8.181014249578908
0.3602424506661592	360	(-1, -1, 1, -1, 1, 1, -1, 1, -1, -1, -1)	8.45534932411076
0.3602424506661592	361	(-1, -1, 1, -1, 1, 1, -1, 1, -1, -1, 1)	8.45534932411076
0.3602424506661592	612	(-1, 1, -1, -1, 1, 1, -1, -1, 1, -1, -1)	3.1862702312365405
0.3602424506661592	613	(-1, 1, -1, -1, 1, 1, -1, -1, 1, -1, 1)	3.1862702312365405
0.3602424506661592	1434	(1, -1, 1, 1, -1, -1, 1, 1, -1, 1, -1)	3.1862702312365405
0.3602424506661592	1435	(1, -1, 1, 1, -1, -1, 1, 1, -1, 1, 1)	3.1862702312365405
0.3602424506661592	1686	(1, 1, -1, 1, -1, -1, 1, -1, 1, 1, -1)	8.45534932411076
0.3602424506661592	1687	(1, 1, -1, 1, -1, -1, 1, -1, 1, 1, 1)	8.45534932411076
0.363284043319749	360	(-1, -1, 1, -1, 1, 1, -1, 1, -1, -1, -1)	8.736319497418974
0.363284043319749	361	(-1, -1, 1, -1, 1, 1, -1, 1, -1, -1, 1)	8.736319497418974
0.363284043319749	612	(-1, 1, -1, -1, 1, 1, -1, -1, 1, -1, -1)	3.2986322819836835
0.363284043319749	613	(-1, 1, -1, -1, 1, 1, -1, -1, 1, -1, 1)	3.2986322819836835
0.363284043319749	1434	(1, -1, 1, 1, -1, -1, 1, 1, -1, 1, -1)	3.2986322819836835
0.363284043319749	1435	(1, -1, 1, 1, -1, -1, 1, 1, -1, 1, 1)	3.2986322819836835
0.363284043319749	1686	(1, 1, -1, 1, -1, -1, 1, -1, 1, 1, -1)	8.736319497418974
0.363284043319749	1687	(1, 1, -1, 1, -1, -1, 1, -1, 1, 1, 1)	8.736319497418974
0.3663256359733388	360	(-1, -1, 1, -1, 1, 1, -1, 1, -1, -1, -1)	9.024020447178403
0.3663256359733388	361	(-1, -1, 1, -1, 1, 1, -1, 1, -1, -1, 1)	9.024020447178403
0.3663256359733388	612	(-1, 1, -1, -1, 1, 1, -1, -1, 1, -1, -1)	3.4140153708455765
0.3663256359733388	613	(-1, 1, -1, -1, 1, 1, -1, -1, 1, -1, 1)	3.4140153708455765
0.3663256359733388	1434	(1, -1, 1, 1, -1, -1, 1, 1, -1, 1, -1)	3.4140153708455765
0.3663256359733388	1435	(1, -1, 1, 1, -1, -1, 1, 1, -1, 1, 1)	3.4140153708455765
0.3663256359733388	1686	(1, 1, -1, 1, -1, -1, 1, -1, 1, 1, -1)	9.024020447178403
0.3663256359733388	1687	(1, 1, -1, 1, -1, -1, 1, -1, 1, 1, 1)	9.024020447178403
0.36936722862692856	360	(-1, -1, 1, -1, 1, 1, -1, 1, -1, -1, -1)	9.318548104601232
0.36936722862692856	361	(-1, -1, 1, -1, 1, 1, -1, 1, -1, -1, 1)	9.318548104601232
0.36936722862692856	510	(-1, -1, 1, 1, 1, 1, 1, 1, 1, 1, -1)	9.285207594399134
0.36936722862692856	513	(-1, 1, -1, -1, -1, -1, -1, -1, -1, -1, 1)	9.28520759439634
0.36936722862692856	612	(-1, 1, -1, -1, 1, 1, -1, -1, 1, -1, -1)	3.5324765308104538
0.36936722862692856	613	(-1, 1, -1, -1, 1, 1, -1, -1, 1, -1, 1)	3.5324765308104538
0.36936722862692856	1434	(1, -1, 1, 1, -1, -1, 1, 1, -1, 1, -1)	3.5324765308104538
0.36936722862692856	1435	(1, -1, 1, 1, -1, -1, 1, 1, -1, 1, 1)	3.5324765308104538
0.36936722862692856	1534	(1, -1, 1, 1, 1, 1, 1, 1, 1, 1, -1)	9.28520759439634
0.36936722862692856	1537	(1, 1, -1, -1, -1, -1, -1, -1, -1, -1, 1)	9.285207594399134
0.36936722862692856	1686	(1, 1, -1, 1, -1, -1, 1, -1, 1, 1, -1)	9.318548104601232
0.36936722862692856	1687	(1, 1, -1, 1, -1, -1, 1, -1, 1, 1, 1)	9.318548104601232
0.3724088212805184	360	(-1, -1, 1, -1, 1, 1, -1, 1, -1, -1, -1)	9.619998641792515
0.3724088212805184	361	(-1, -1, 1, -1, 1, 1, -1, 1, -1, -1, 1)	9.619998641792515
0.3724088212805184	510	(-1, -1, 1, 1, 1, 1, 1, 1, 1, 1, -1)	1.7486974426740884
0.3724088212805184	513	(-1, 1, -1, -1, -1, -1, -1, -1, -1, -1, 1)	1.748697442709131
0.3724088212805184	612	(-1, 1, -1, -1, 1, 1, -1, -1, 1, -1, -1)	3.654073441615424
0.3724088212805184	613	(-1, 1, -1, -1, 1, 1, -1, -1, 1, -1, 1)	3.654073441615424
0.3724088212805184	1434	(1, -1, 1, 1, -1, -1, 1, 1, -1, 1, -1)	3.654073441615424
0.3724088212805184	1435	(1, -1, 1, 1, -1, -1, 1, 1, -1, 1, 1)	3.654073441615424
0.3724088212805184	1534	(1, -1, 1, 1, 1, 1, 1, 1, 1, 1, -1)	1.748697442709131
0.3724088212805184	1537	(1, 1, -1, -1, -1, -1, -1, -1, -1, -1, 1)	1.7486974426740884
0.3724088212805184	1686	(1, 1, -1, 1, -1, -1, 1, -1, 1, 1, -1)	9.619998641792515
0.3724088212805184	1687	(1, 1, -1, 1, -1, -1, 1, -1, 1, 1, 1)	9.619998641792515
0.37545041393410816	360	(-1, -1, 1, -1, 1, 1, -1, 1, -1, -1, -1)	9.928468458592233
0.37545041393410816	361	(-1, -1, 1, -1, 1, 1, -1, 1, -1, -1, 1)	9.928468458592233
0.37545041393410816	510	(-1, -1, 1, 1, 1, 1, 1, 1, 1, 1, -1)	5.822238164833806
0.37545041393410816	513	(-1, 1, -1, -1, -1, -1, -1, -1, -1, -1, 1)	5.822238164817143
0.37545041393410816	612	(-1, 1, -1, -1, 1, 1, -1, -1, 1, -1, -1)	3.7788644326602707
0.37545041393410816	613	(-1, 1, -1, -1, 1, 1, -1, -1, 1, -1, 1)	3.7788644326602707
