2.6171041996297877	252	(-1, -1, -1, 1, 1, 1, 1, 1, 1, -1, -1)	7.160430021983094
2.6171041996297877	253	(-1, -1, -1, 1, 1, 1, 1, 1, 1, -1, 1)	7.160430021983094
2.6171041996297877	258	(-1, -1, 1, -1, -1, -1, -1, -1, -1, 1, -1)	7.160430022012132
2.6171041996297877	259	(-1, -1, 1, -1, -1, -1, -1, -1, -1, 1, 1)	7.160430022012132
2.6171041996297877	764	(-1, 1, -1, 1, 1, 1, 1, 1, 1, -1, -1)	7.1604300220078265
2.6171041996297877	765	(-1, 1, -1, 1, 1, 1, 1, 1, 1, -1, 1)	7.1604300220078265
2.6171041996297877	770	(-1, 1, 1, -1, -1, -1, -1, -1, -1, 1, -1)	7.160430022040975
2.6171041996297877	771	(-1, 1, 1, -1, -1, -1, -1, -1, -1, 1, 1)	7.160430022040975
2.6171041996297877	1008	(-1, 1, 1, 1, 1, 1, 1, -1, -1, -1, -1)	7.160430021986717
2.6171041996297877	1009	(-1, 1, 1, 1, 1, 1, 1, -1, -1, -1, 1)	7.160430021986717
2.6171041996297877	1010	(-1, 1, 1, 1, 1, 1, 1, -1, -1, 1, -1)	7.160430021986717
2.6171041996297877	1011	(-1, 1, 1, 1, 1, 1, 1, -1, -1, 1, 1)	7.160430021986717
2.6171041996297877	1012	(-1, 1, 1, 1, 1, 1, 1, -1, 1, -1, -1)	7.160430021986717
2.6171041996297877	1013	(-1, 1, 1, 1, 1, 1, 1, -1, 1, -1, 1)	7.160430021986717
2.6171041996297877	1014	(-1, 1, 1, 1, 1, 1, 1, -1, 1, 1, -1)	7.160430021986717
2.6171041996297877	1015	(-1, 1, 1, 1, 1, 1, 1, -1, 1, 1, 1)	7.160430021986717
2.6171041996297877	1032	(1, -1, -1, -1, -1, -1, -1, 1, -1, -1, -1)	7.160430021986717
2.6171041996297877	1033	(1, -1, -1, -1, -1, -1, -1, 1, -1, -1, 1)	7.160430021986717
2.6171041996297877	1034	(1, -1, -1, -1, -1, -1, -1, 1, -1, 1, -1)	7.160430021986717
2.6171041996297877	1035	(1, -1, -1, -1, -1, -1, -1, 1, -1, 1, 1)	7.160430021986717
2.6171041996297877	1036	(1, -1, -1, -1, -1, -1, -1, 1, 1, -1, -1)	7.160430021986717
2.6171041996297877	1037	(1, -1, -1, -1, -1, -1, -1, 1, 1, -1, 1)	7.160430021986717
2.6171041996297877	1038	(1, -1, -1, -1, -1, -1, -1, 1, 1, 1, -1)	7.160430021986717
2.6171041996297877	1039	(1, -1, -1, -1, -1, -1, -1, 1, 1, 1, 1)	7.160430021986717
2.6171041996297877	1276	(1, -1, -1, 1, 1, 1, 1, 1, 1, -1, -1)	7.160430022040975
2.6171041996297877	1277	(1, -1, -1, 1, 1, 1, 1, 1, 1, -1, 1)	7.160430022040975
2.6171041996297877	1282	(1, -1, 1, -1, -1, -1, -1, -1, -1, 1, -1)	7.1604300220078265
2.6171041996297877	1283	(1, -1, 1, -1, -1, -1, -1, -1, -1, 1, 1)	7.1604300220078265
2.6171041996297877	1788	(1, 1, -1, 1, 1, 1, 1, 1, 1, -1, -1)	7.160430022012132
2.6171041996297877	1789	(1, 1, -1, 1, 1, 1, 1, 1, 1, -1, 1)	7.160430022012132
2.6171041996297877	1794	(1, 1, 1, -1, -1, -1, -1, -1, -1, 1, -1)	7.160430021983094
2.6171041996297877	1795	(1, 1, 1, -1, -1, -1, -1, -1, -1, 1, 1)	7.160430021983094
2.6201457922833775	252	(-1, -1, -1, 1, 1, 1, 1, 1, 1, -1, -1)	1.4422583660451653
2.6201457922833775	253	(-1, -1, -1, 1, 1, 1, 1, 1, 1, -1, 1)	1.4422583660451653
2.6201457922833775	258	(-1, -1, 1, -1, -1, -1, -1, -1, -1, 1, -1)	1.4422583659825197
2.6201457922833775	259	(-1, -1, 1, -1, -1, -1, -1, -1, -1, 1, 1)	1.4422583659825197
2.6201457922833775	764	(-1, 1, -1, 1, 1, 1, 1, 1, 1, -1, -1)	1.442258366118936
2.6201457922833775	765	(-1, 1, -1, 1, 1, 1, 1, 1, 1, -1, 1)	1.442258366118936
2.6201457922833775	770	(-1, 1, 1, -1, -1, -1, -1, -1, -1, 1, -1)	1.4422583660247437
2.6201457922833775	771	(-1, 1, 1, -1, -1, -1, -1, -1, -1, 1, 1)	1.4422583660247437
2.6201457922833775	1008	(-1, 1, 1, 1, 1, 1, 1, -1, -1, -1, -1)	1.4422583660283144
2.6201457922833775	1009	(-1, 1, 1, 1, 1, 1, 1, -1, -1, -1, 1)	1.4422583660283144
2.6201457922833775	1010	(-1, 1, 1, 1, 1, 1, 1, -1, -1, 1, -1)	1.4422583660283144
2.6201457922833775	1011	(-1, 1, 1, 1, 1, 1, 1, -1, -1, 1, 1)	1.4422583660283144
2.6201457922833775	1012	(-1, 1, 1, 1, 1, 1, 1, -1, 1, -1, -1)	1.4422583660283144
2.6201457922833775	1013	(-1, 1, 1, 1, 1, 1, 1, -1, 1, -1, 1)	1.4422583660283144
2.6201457922833775	1014	(-1, 1, 1, 1, 1, 1, 1, -1, 1, 1, -1)	1.4422583660283144
2.6201457922833775	1015	(-1, 1, 1, 1, 1, 1, 1, -1, 1, 1, 1)	1.4422583660283144
2.6201457922833775	1032	(1, -1, -1, -1, -1, -1, -1, 1, -1, -1, -1)	1.4422583660283144
2.6201457922833775	1033	(1, -1, -1, -1, -1, -1, -1, 1, -1, -1, 1)	1.4422583660283144
2.6201457922833775	1034	(1, -1, -1, -1, -1, -1, -1, 1, -1, 1, -1)	1.4422583660283144
2.6201457922833775	1035	(1, -1, -1, -1, -1, -1, -1, 1, -1, 1, 1)	1.4422583660283144
2.6201457922833775	1036	(1, -1, -1, -1, -1, -1, -1, 1, 1, -1, -1)	1.4422583660283144
2.6201457922833775	1037	(1, -1, -1, -1, -1, -1, -1, 1, 1, -1, 1)	1.4422583660283144
2.6201457922833775	1038	(1, -1, -1, -1, -1, -1, -1, 1, 1, 1, -1)	1.4422583660283144
2.6201457922833775	1039	(1, -1, -1, -1, -1, -1, -1, 1, 1, 1, 1)	1.4422583660283144
2.6201457922833775	1276	(1, -1, -1, 1, 1, 1, 1, 1, 1, -1, -1)	1.4422583660247437
2.6201457922833775	1277	(1, -1, -1, 1, 1, 1, 1, 1, 1, -1, 1)	1.4422583660247437
2.6201457922833775	1282	(1, -1, 1, -1, -1, -1, -1, -1, -1, 1, -1)	1.442258366118936
2.6201457922833775	1283	(1, -1, 1, -1, -1, -1, -1, -1, -1, 1, 1)	1.442258366118936
2.6201457922833775	1788	(1, 1, -1, 1, 1, 1, 1, 1, 1, -1, -1)	1.4422583659825197
2.6201457922833775	1789	(1, 1, -1, 1, 1, 1, 1, 1, 1, -1, 1)	1.4422583659825197
2.6201457922833775	1794	(1, 1, 1, -1, -1, -1, -1, -1, -1, 1, -1)	1.4422583660451653
2.6201457922833775	1795	(1, 1, 1, -1, -1, -1, -1, -1, -1, 1, 1)	1.4422583660451653
2.6231873849369673	252	(-1, -1, -1, 1, 1, 1, 1, 1, 1, -1, -1)	4.251938881673218
2.6231873849369673	253	(-1, -1, -1, 1, 1, 1, 1, 1, 1, -1, 1)	4.251938881673218
2.6231873849369673	258	(-1, -1, 1, -1, -1, -1, -1, -1, -1, 1, -1)	4.251938881675313
2.6231873849369673	259	(-1, -1, 1, -1, -1, -1, -1, -1, -1, 1, 1)	4.251938881675313
2.6231873849369673	764	(-1, 1, -1, 1, 1, 1, 1, 1, 1, -1, -1)	4.251938881722754
2.6231873849369673	765	(-1, 1, -1, 1, 1, 1, 1, 1, 1, -1, 1)	4.251938881722754
2.6231873849369673	770	(-1, 1, 1, -1, -1, -1, -1, -1, -1, 1, -1)	4.251938881625493
2.6231873849369673	771	(-1, 1, 1, -1, -1, -1, -1, -1, -1, 1, 1)	4.251938881625493
2.6231873849369673	1008	(-1, 1, 1, 1, 1, 1, 1, -1, -1, -1, -1)	4.251938881735636
2.6231873849369673	1009	(-1, 1, 1, 1, 1, 1, 1, -1, -1, -1, 1)	4.251938881735636
2.6231873849369673	1010	(-1, 1, 1, 1, 1, 1, 1, -1, -1, 1, -1)	4.251938881735636
2.6231873849369673	1011	(-1, 1, 1, 1, 1, 1, 1, -1, -1, 1, 1)	4.251938881735636
2.6231873849369673	1012	(-1, 1, 1, 1, 1, 1, 1, -1, 1, -1, -1)	4.251938881735636
2.6231873849369673	1013	(-1, 1, 1, 1, 1, 1, 1, -1, 1, -1, 1)	4.251938881735636
2.6231873849369673	1014	(-1, 1, 1, 1, 1, 1, 1, -1, 1, 1, -1)	4.251938881735636
2.6231873849369673	1015	(-1, 1, 1, 1, 1, 1, 1, -1, 1, 1, 1)	4.251938881735636
2.6231873849369673	1032	(1, -1, -1, -1, -1, -1, -1, 1, -1, -1, -1)	4.251938881735636
2.6231873849369673	1033	(1, -1, -1, -1, -1, -1, -1, 1, -1, -1, 1)	4.251938881735636
2.6231873849369673	1034	(1, -1, -1, -1, -1, -1, -1, 1, -1, 1, -1)	4.251938881735636
2.6231873849369673	1035	(1, -1, -1, -1, -1, -1, -1, 1, -1, 1, 1)	4.251938881735636
2.6231873849369673	1036	(1, -1, -1, -1, -1, -1, -1, 1, 1, -1, -1)	4.251938881735636
2.6231873849369673	1037	(1, -1, -1, -1, -1, -1, -1, 1, 1, -1, 1)	4.251938881735636
2.6231873849369673	1038	(1, -1, -1, -1, -1, -1, -1, 1, 1, 1, -1)	4.251938881735636
2.6231873849369673	1039	(1, -1, -1, -1, -1, -1, -1, 1, 1, 1, 1)	4.251938881735636
2.6231873849369673	1276	(1, -1, -1, 1, 1, 1, 1, 1, 1, -1, -1)	4.251938881625493
2.6231873849369673	1277	(1, -1, -1, 1, 1, 1, 1, 1, 1, -1, 1)	4.251938881625493
2.6231873849369673	1282	(1, -1, 1, -1, -1, -1, -1, -1, -1, 1, -1)	4.251938881722754
2.6231873849369673	1283	(1, -1, 1, -1, -1, -1, -1, -1, -1, 1, 1)	4.251938881722754
2.6231873849369673	1788	(1, 1, -1, 1, 1, 1, 1, 1, 1, -1, -1)	4.251938881675313
2.6231873849369673	1789	(1, 1, -1, 1, 1, 1, 1, 1, 1, -1, 1)	4.251938881675313
2.6231873849369673	1794	(1, 1, 1, -1, -1, -1, -1, -1, -1, 1, -1)	4.251938881673218
2.6231873849369673	1795	(1, 1, 1, -1, -1, -1, -1, -1, -1, 1, 1)	4.251938881673218
2.626228977590557	252	(-1, -1, -1, 1, 1, 1, 1, 1, 1, -1, -1)	9.921964892295943
2.626228977590557	253	(-1, -1, -1, 1, 1, 1, 1, 1, 1, -1, 1)	9.921964892295943
2.626228977590557	258	(-1, -1, 1, -1, -1, -1, -1, -1, -1, 1, -1)	9.921964892320407
2.626228977590557	259	(-1, -1, 1, -1, -1, -1, -1, -1, -1, 1, 1)	9.921964892320407
2.626228977590557	764	(-1, 1, -1, 1, 1, 1, 1, 1, 1, -1, -1)	9.921964892251943
2.626228977590557	765	(-1, 1, -1, 1, 1, 1, 1, 1, 1, -1, 1)	9.921964892251943
2.626228977590557	770	(-1, 1, 1, -1, -1, -1, -1, -1, -1, 1, -1)	9.921964892219433
2.626228977590557	771	(-1, 1, 1, -1, -1, -1, -1, -1, -1, 1, 1)	9.921964892219433
2.626228977590557	1008	(-1, 1, 1, 1, 1, 1, 1, -1, -1, -1, -1)	9.921964892238947
2.626228977590557	1009	(-1, 1, 1, 1, 1, 1, 1, -1, -1, -1, 1)	9.921964892238947
2.626228977590557	1010	(-1, 1, 1, 1, 1, 1, 1, -1, -1, 1, -1)	9.921964892238947
2.626228977590557	1011	(-1, 1, 1, 1, 1, 1, 1, -1, -1, 1, 1)	9.921964892238947
2.626228977590557	1012	(-1, 1, 1, 1, 1, 1, 1, -1, 1, -1, -1)	9.921964892238947
2.626228977590557	1013	(-1, 1, 1, 1, 1, 1, 1, -1, 1, -1, 1)	9.921964892238947
2.626228977590557	1014	(-1, 1, 1, 1, 1, 1, 1, -1, 1, 1, -1)	9.921964892238947
2.626228977590557	1015	(-1, 1, 1, 1, 1, 1, 1, -1, 1, 1, 1)	9.921964892238947
2.626228977590557	1032	(1, -1, -1, -1, -1, -1, -1, 1, -1, -1, -1)	9.921964892238947
2.626228977590557	1033	(1, -1, -1, -1, -1, -1, -1, 1, -1, -1, 1)	9.921964892238947
2.626228977590557	1034	(1, -1, -1, -1, -1, -1, -1, 1, -1, 1, -1)	9.921964892238947
2.626228977590557	1035	(1, -1, -1, -1, -1, -1, -1, 1, -1, 1, 1)	9.921964892238947
2.626228977590557	1036	(1, -1, -1, -1, -1, -1, -1, 1, 1, -1, -1)	9.921964892238947
2.626228977590557	1037	(1, -1, -1, -1, -1, -1, -1, 1, 1, -1, 1)	9.921964892238947
2.626228977590557	1038	(1, -1, -1, -1, -1, -1, -1, 1, 1, 1, -1)	9.921964892238947
2.626228977590557	1039	(1, -1, -1, -1, -1, -1, -1, 1, 1, 1, 1)	9.921964892238947
2.626228977590557	1276	(1, -1, -1, 1, 1, 1, 1, 1, 1, -1, -1)	9.921964892219433
2.626228977590557	1277	(1, -1, -1, 1, 1, 1, 1, 1, 1, -1, 1)	9.921964892219433
2.626228977590557	1282	(1, -1, 1, -1, -1, -1, -1, -1, -1, 1, -1)	9.921964892251943
2.626228977590557	1283	(1, -1, 1, -1, -1, -1, -1, -1, -1, 1, 1)	9.921964892251943
