1.8810387774610573	60	(-1, -1, -1, -1, -1, 1, 1, 1, 1, -1, -1)	6.809982736424487
1.8810387774610573	61	(-1, -1, -1, -1, -1, 1, 1, 1, 1, -1, 1)	6.809982736424487
1.8810387774610573	66	(-1, -1, -1, -1, 1, -1, -1, -1, -1, 1, -1)	6.809982736390966
1.8810387774610573	67	(-1, -1, -1, -1, 1, -1, -1, -1, -1, 1, 1)	6.809982736390966
1.8810387774610573	188	(-1, -1, -1, 1, -1, 1, 1, 1, 1, -1, -1)	6.809982736471166
1.8810387774610573	189	(-1, -1, -1, 1, -1, 1, 1, 1, 1, -1, 1)	6.809982736471166
1.8810387774610573	194	(-1, -1, -1, 1, 1, -1, -1, -1, -1, 1, -1)	6.809982736446086
1.8810387774610573	195	(-1, -1, -1, 1, 1, -1, -1, -1, -1, 1, 1)	6.809982736446086
1.8810387774610573	240	(-1, -1, -1, 1, 1, 1, 1, -1, -1, -1, -1)	6.809982736426565
1.8810387774610573	241	(-1, -1, -1, 1, 1, 1, 1, -1, -1, -1, 1)	6.809982736426565
1.8810387774610573	242	(-1, -1, -1, 1, 1, 1, 1, -1, -1, 1, -1)	6.809982736426565
1.8810387774610573	243	(-1, -1, -1, 1, 1, 1, 1, -1, -1, 1, 1)	6.809982736426565
1.8810387774610573	244	(-1, -1, -1, 1, 1, 1, 1, -1, 1, -1, -1)	6.809982736426565
1.8810387774610573	245	(-1, -1, -1, 1, 1, 1, 1, -1, 1, -1, 1)	6.809982736426565
1.8810387774610573	246	(-1, -1, -1, 1, 1, 1, 1, -1, 1, 1, -1)	6.809982736426565
1.8810387774610573	247	(-1, -1, -1, 1, 1, 1, 1, -1, 1, 1, 1)	6.809982736426565
1.8810387774610573	264	(-1, -1, 1, -1, -1, -1, -1, 1, -1, -1, -1)	6.809982736417954
1.8810387774610573	265	(-1, -1, 1, -1, -1, -1, -1, 1, -1, -1, 1)	6.809982736417954
1.8810387774610573	266	(-1, -1, 1, -1, -1, -1, -1, 1, -1, 1, -1)	6.809982736417954
1.8810387774610573	267	(-1, -1, 1, -1, -1, -1, -1, 1, -1, 1, 1)	6.809982736417954
1.8810387774610573	268	(-1, -1, 1, -1, -1, -1, -1, 1, 1, -1, -1)	6.809982736417954
1.8810387774610573	269	(-1, -1, 1, -1, -1, -1, -1, 1, 1, -1, 1)	6.809982736417954
1.8810387774610573	270	(-1, -1, 1, -1, -1, -1, -1, 1, 1, 1, -1)	6.809982736417954
1.8810387774610573	271	(-1, -1, 1, -1, -1, -1, -1, 1, 1, 1, 1)	6.809982736417954
1.8810387774610573	316	(-1, -1, 1, -1, -1, 1, 1, 1, 1, -1, -1)	6.809982736440381
1.8810387774610573	317	(-1, -1, 1, -1, -1, 1, 1, 1, 1, -1, 1)	6.809982736440381
1.8810387774610573	322	(-1, -1, 1, -1, 1, -1, -1, -1, -1, 1, -1)	6.809982736420482
1.8810387774610573	323	(-1, -1, 1, -1, 1, -1, -1, -1, -1, 1, 1)	6.809982736420482
1.8810387774610573	444	(-1, -1, 1, 1, -1, 1, 1, 1, 1, -1, -1)	6.8099827364749705
1.8810387774610573	445	(-1, -1, 1, 1, -1, 1, 1, 1, 1, -1, 1)	6.8099827364749705
1.8810387774610573	450	(-1, -1, 1, 1, 1, -1, -1, -1, -1, 1, -1)	6.809982736498791
1.8810387774610573	451	(-1, -1, 1, 1, 1, -1, -1, -1, -1, 1, 1)	6.809982736498791
1.8810387774610573	572	(-1, 1, -1, -1, -1, 1, 1, 1, 1, -1, -1)	6.809982736463291
1.8810387774610573	573	(-1, 1, -1, -1, -1, 1, 1, 1, 1, -1, 1)	6.809982736463291
1.8810387774610573	578	(-1, 1, -1, -1, 1, -1, -1, -1, -1, 1, -1)	6.809982736460449
1.8810387774610573	579	(-1, 1, -1, -1, 1, -1, -1, -1, -1, 1, 1)	6.809982736460449
1.8810387774610573	700	(-1, 1, -1, 1, -1, 1, 1, 1, 1, -1, -1)	6.809982736442264
1.8810387774610573	701	(-1, 1, -1, 1, -1, 1, 1, 1, 1, -1, 1)	6.809982736442264
1.8810387774610573	706	(-1, 1, -1, 1, 1, -1, -1, -1, -1, 1, -1)	6.809982736431381
1.8810387774610573	707	(-1, 1, -1, 1, 1, -1, -1, -1, -1, 1, 1)	6.809982736431381
1.8810387774610573	752	(-1, 1, -1, 1, 1, 1, 1, -1, -1, -1, -1)	6.8099827363742085
1.8810387774610573	753	(-1, 1, -1, 1, 1, 1, 1, -1, -1, -1, 1)	6.8099827363742085
1.8810387774610573	754	(-1, 1, -1, 1, 1, 1, 1, -1, -1, 1, -1)	6.8099827363742085
1.8810387774610573	755	(-1, 1, -1, 1, 1, 1, 1, -1, -1, 1, 1)	6.8099827363742085
1.8810387774610573	756	(-1, 1, -1, 1, 1, 1, 1, -1, 1, -1, -1)	6.8099827363742085
1.8810387774610573	757	(-1, 1, -1, 1, 1, 1, 1, -1, 1, -1, 1)	6.8099827363742085
1.8810387774610573	758	(-1, 1, -1, 1, 1, 1, 1, -1, 1, 1, -1)	6.8099827363742085
1.8810387774610573	759	(-1, 1, -1, 1, 1, 1, 1, -1, 1, 1, 1)	6.8099827363742085
1.8810387774610573	776	(-1, 1, 1, -1, -1, -1, -1, 1, -1, -1, -1)	6.809982736384252
1.8810387774610573	777	(-1, 1, 1, -1, -1, -1, -1, 1, -1, -1, 1)	6.809982736384252
1.8810387774610573	778	(-1, 1, 1, -1, -1, -1, -1, 1, -1, 1, -1)	6.809982736384252
1.8810387774610573	779	(-1, 1, 1, -1, -1, -1, -1, 1, -1, 1, 1)	6.809982736384252
1.8810387774610573	780	(-1, 1, 1, -1, -1, -1, -1, 1, 1, -1, -1)	6.809982736384252
1.8810387774610573	781	(-1, 1, 1, -1, -1, -1, -1, 1, 1, -1, 1)	6.809982736384252
1.8810387774610573	782	(-1, 1, 1, -1, -1, -1, -1, 1, 1, 1, -1)	6.809982736384252
1.8810387774610573	783	(-1, 1, 1, -1, -1, -1, -1, 1, 1, 1, 1)	6.809982736384252
1.8810387774610573	828	(-1, 1, 1, -1, -1, 1, 1, 1, 1, -1, -1)	6.809982736449061
1.8810387774610573	829	(-1, 1, 1, -1, -1, 1, 1, 1, 1, -1, 1)	6.809982736449061
1.8810387774610573	834	(-1, 1, 1, -1, 1, -1, -1, -1, -1, 1, -1)	6.809982736483171
1.8810387774610573	835	(-1, 1, 1, -1, 1, -1, -1, -1, -1, 1, 1)	6.809982736483171
1.8810387774610573	956	(-1, 1, 1, 1, -1, 1, 1, 1, 1, -1, -1)	6.809982736384184
1.8810387774610573	957	(-1, 1, 1, 1, -1, 1, 1, 1, 1, -1, 1)	6.809982736384184
1.8810387774610573	960	(-1, 1, 1, 1, 1, -1, -1, -1, -1, -1, -1)	6.809982736395946
1.8810387774610573	961	(-1, 1, 1, 1, 1, -1, -1, -1, -1, -1, 1)	6.809982736395946
1.8810387774610573	962	(-1, 1, 1, 1, 1, -1, -1, -1, -1, 1, -1)	6.809982736407541
1.8810387774610573	963	(-1, 1, 1, 1, 1, -1, -1, -1, -1, 1, 1)	6.809982736407541
1.8810387774610573	964	(-1, 1, 1, 1, 1, -1, -1, -1, 1, -1, -1)	6.809982736395946
1.8810387774610573	965	(-1, 1, 1, 1, 1, -1, -1, -1, 1, -1, 1)	6.809982736395946
1.8810387774610573	966	(-1, 1, 1, 1, 1, -1, -1, -1, 1, 1, -1)	6.809982736395946
1.8810387774610573	967	(-1, 1, 1, 1, 1, -1, -1, -1, 1, 1, 1)	6.809982736395946
1.8810387774610573	968	(-1, 1, 1, 1, 1, -1, -1, 1, -1, -1, -1)	6.809982736395946
1.8810387774610573	969	(-1, 1, 1, 1, 1, -1, -1, 1, -1, -1, 1)	6.809982736395946
1.8810387774610573	970	(-1, 1, 1, 1, 1, -1, -1, 1, -1, 1, -1)	6.809982736395946
1.8810387774610573	971	(-1, 1, 1, 1, 1, -1, -1, 1, -1, 1, 1)	6.809982736395946
1.8810387774610573	972	(-1, 1, 1, 1, 1, -1, -1, 1, 1, -1, -1)	6.809982736395946
1.8810387774610573	973	(-1, 1, 1, 1, 1, -1, -1, 1, 1, -1, 1)	6.809982736395946
1.8810387774610573	974	(-1, 1, 1, 1, 1, -1, -1, 1, 1, 1, -1)	6.809982736395946
1.8810387774610573	975	(-1, 1, 1, 1, 1, -1, -1, 1, 1, 1, 1)	6.809982736395946
1.8810387774610573	976	(-1, 1, 1, 1, 1, -1, 1, -1, -1, -1, -1)	6.809982736395946
1.8810387774610573	977	(-1, 1, 1, 1, 1, -1, 1, -1, -1, -1, 1)	6.809982736395946
1.8810387774610573	978	(-1, 1, 1, 1, 1, -1, 1, -1, -1, 1, -1)	6.809982736395946
1.8810387774610573	979	(-1, 1, 1, 1, 1, -1, 1, -1, -1, 1, 1)	6.809982736395946
1.8810387774610573	980	(-1, 1, 1, 1, 1, -1, 1, -1, 1, -1, -1)	6.809982736395946
1.8810387774610573	981	(-1, 1, 1, 1, 1, -1, 1, -1, 1, -1, 1)	6.809982736395946
1.8810387774610573	982	(-1, 1, 1, 1, 1, -1, 1, -1, 1, 1, -1)	6.809982736395946
1.8810387774610573	983	(-1, 1, 1, 1, 1, -1, 1, -1, 1, 1, 1)	6.809982736395946
1.8810387774610573	984	(-1, 1, 1, 1, 1, -1, 1, 1, -1, -1, -1)	6.809982736395946
1.8810387774610573	985	(-1, 1, 1, 1, 1, -1, 1, 1, -1, -1, 1)	6.809982736395946
1.8810387774610573	986	(-1, 1, 1, 1, 1, -1, 1, 1, -1, 1, -1)	6.809982736395946
1.8810387774610573	987	(-1, 1, 1, 1, 1, -1, 1, 1, -1, 1, 1)	6.809982736395946
1.8810387774610573	988	(-1, 1, 1, 1, 1, -1, 1, 1, 1, -1, -1)	6.809982736395946
1.8810387774610573	989	(-1, 1, 1, 1, 1, -1, 1, 1, 1, -1, 1)	6.809982736395946
1.8810387774610573	990	(-1, 1, 1, 1, 1, -1, 1, 1, 1, 1, -1)	6.809982736395946
1.8810387774610573	991	(-1, 1, 1, 1, 1, -1, 1, 1, 1, 1, 1)	6.809982736395946
1.8810387774610573	1056	(1, -1, -1, -1, -1, 1, -1, -1, -1, -1, -1)	6.809982736395946
1.8810387774610573	1057	(1, -1, -1, -1, -1, 1, -1, -1, -1, -1, 1)	6.809982736395946
1.8810387774610573	1058	(1, -1, -1, -1, -1, 1, -1, -1, -1, 1, -1)	6.809982736395946
1.8810387774610573	1059	(1, -1, -1, -1, -1, 1, -1, -1, -1, 1, 1)	6.809982736395946
1.8810387774610573	1060	(1, -1, -1, -1, -1, 1, -1, -1, 1, -1, -1)	6.809982736395946
1.8810387774610573	1061	(1, -1, -1, -1, -1, 1, -1, -1, 1, -1, 1)	6.809982736395946
1.8810387774610573	1062	(1, -1, -1, -1, -1, 1, -1, -1, 1, 1, -1)	6.809982736395946
1.8810387774610573	1063	(1, -1, -1, -1, -1, 1, -1, -1, 1, 1, 1)	6.809982736395946
1.8810387774610573	1064	(1, -1, -1, -1, -1, 1, -1, 1, -1, -1, -1)	6.809982736395946
1.8810387774610573	1065	(1, -1, -1, -1, -1, 1, -1, 1, -1, -1, 1)	6.809982736395946
1.8810387774610573	1066	(1, -1, -1, -1, -1, 1, -1, 1, -1, 1, -1)	6.809982736395946
1.8810387774610573	1067	(1, -1, -1, -1, -1, 1, -1, 1, -1, 1, 1)	6.809982736395946
1.8810387774610573	1068	(1, -1, -1, -1, -1, 1, -1, 1, 1, -1, -1)	6.809982736395946
1.8810387774610573	1069	(1, -1, -1, -1, -1, 1, -1, 1, 1, -1, 1)	6.809982736395946
1.8810387774610573	1070	(1, -1, -1, -1, -1, 1, -1, 1, 1, 1, -1)	6.809982736395946
1.8810387774610573	1071	(1, -1, -1, -1, -1, 1, -1, 1, 1, 1, 1)	6.809982736395946
1.8810387774610573	1072	(1, -1, -1, -1, -1, 1, 1, -1, -1, -1, -1)	6.809982736395946
1.8810387774610573	1073	(1, -1, -1, -1, -1, 1, 1, -1, -1, -1, 1)	6.809982736395946
1.8810387774610573	1074	(1, -1, -1, -1, -1, 1, 1, -1, -1, 1, -1)	6.809982736395946
1.8810387774610573	1075	(1, -1, -1, -1, -1, 1, 1, -1, -1, 1, 1)	6.809982736395946
1.8810387774610573	1076	(1, -1, -1, -1, -1, 1, 1, -1, 1, -1, -1)	6.809982736395946
1.8810387774610573	1077	(1, -1, -1, -1, -1, 1, 1, -1, 1, -1, 1)	6.809982736395946
1.8810387774610573	1078	(1, -1, -1, -1, -1, 1, 1, -1, 1, 1, -1)	6.809982736395946
1.8810387774610573	1079	(1, -1, -1, -1, -1, 1, 1, -1, 1, 1, 1)	6.809982736395946
1.8810387774610573	1080	(1, -1, -1, -1, -1, 1, 1, 1, -1, -1, -1)	6.809982736395946
1.8810387774610573	1081	(1, -1, -1, -1, -1, 1, 1, 1, -1, -1, 1)	6.809982736395946
1.8810387774610573	1082	(1, -1, -1, -1, -1, 1, 1, 1, -1, 1, -1)	6.809982736395946
1.8810387774610573	1083	(1, -1, -1, -1, -1, 1, 1, 1, -1, 1, 1)	6.809982736395946
1.8810387774610573	1084	(1, -1, -1, -1, -1, 1, 1, 1, 1, -1, -1)	6.809982736407541
1.8810387774610573	1085	(1, -1, -1, -1, -1, 1, 1, 1, 1, -1, 1)	6.809982736407541
1.8810387774610573	1086	(1, -1, -1, -1, -1, 1, 1, 1, 1, 1, -1)	6.809982736395946
1.8810387774610573	1087	(1, -1, -1, -1, -1, 1, 1, 1, 1, 1, 1)	6.809982736395946
1.8810387774610573	1090	(1, -1, -1, -1, 1, -1, -1, -1, -1, 1, -1)	6.809982736384184
1.8810387774610573	1091	(1, -1, -1, -1, 1, -1, -1, -1, -1, 1, 1)	6.809982736384184
1.8810387774610573	1212	(1, -1, -1, 1, -1, 1, 1, 1, 1, -1, -1)	6.809982736483171
1.8810387774610573	1213	(1, -1, -1, 1, -1, 1, 1, 1, 1, -1, 1)	6.809982736483171
1.8810387774610573	1218	(1, -1, -1, 1, 1, -1, -1, -1, -1, 1, -1)	6.809982736449061
1.8810387774610573	1219	(1, -1, -1, 1, 1, -1, -1, -1, -1, 1, 1)	6.809982736449061
1.8810387774610573	1264	(1, -1, -1, 1, 1, 1, 1, -1, -1, -1, -1)	6.809982736384252
1.8810387774610573	1265	(1, -1, -1, 1, 1, 1, 1, -1, -1, -1, 1)	6.809982736384252
1.8810387774610573	1266	(1, -1, -1, 1, 1, 1, 1, -1, -1, 1, -1)	6.809982736384252
1.8810387774610573	1267	(1, -1, -1, 1, 1, 1, 1, -1, -1, 1, 1)	6.809982736384252
1.8810387774610573	1268	(1, -1, -1, 1, 1, 1, 1, -1, 1, -1, -1)	6.809982736384252
1.8810387774610573	1269	(1, -1, -1, 1, 1, 1, 1, -1, 1, -1, 1)	6.809982736384252
1.8810387774610573	1270	(1, -1, -1, 1, 1, 1, 1, -1, 1, 1, -1)	6.809982736384252
1.8810387774610573	1271	(1, -1, -1, 1, 1, 1, 1, -1, 1, 1, 1)	6.809982736384252
1.8810387774610573	1288	(1, -1, 1, -1, -1, -1, -1, 1, -1, -1, -1)	6.8099827363742085
1.8810387774610573	1289	(1, -1, 1, -1, -1, -1, -1, 1, -1, -1, 1)	6.8099827363742085
1.8810387774610573	1290	(1, -1, 1, -1, -1, -1, -1, 1, -1, 1, -1)	6.8099827363742085
1.8810387774610573	1291	(1, -1, 1, -1, -1, -1, -1, 1, -1, 1, 1)	6.8099827363742085
1.8810387774610573	1292	(1, -1, 1, -1, -1, -1, -1, 1, 1, -1, -1)	6.8099827363742085
1.8810387774610573	1293	(1, -1, 1, -1, -1, -1, -1, 1, 1, -1, 1)	6.8099827363742085
1.8810387774610573	1294	(1, -1, 1, -1, -1, -1, -1, 1, 1, 1, -1)	6.8099827363742085
1.8810387774610573	1295	(1, -1, 1, -1, -1, -1, -1, 1, 1, 1, 1)	6.8099827363742085
1.8810387774610573	1340	(1, -1, 1, -1, -1, 1, 1, 1, 1, -1, -1)	6.809982736431381
1.8810387774610573	1341	(1, -1, 1, -1, -1, 1, 1, 1, 1, -1, 1)	6.809982736431381
1.8810387774610573	1346	(1, -1, 1, -1, 1, -1, -1, -1, -1, 1, -1)	6.809982736442264
1.8810387774610573	1347	(1, -1, 1, -1, 1, -1, -1, -1, -1, 1, 1)	6.809982736442264
1.8810387774610573	1468	(1, -1, 1, 1, -1, 1, 1, 1, 1, -1, -1)	6.809982736460449
1.8810387774610573	1469	(1, -1, 1, 1, -1, 1, 1, 1, 1, -1, 1)	6.809982736460449
1.8810387774610573	1474	(1, -1, 1, 1, 1, -1, -1, -1, -1, 1, -1)	6.809982736463291
1.8810387774610573	1475	(1, -1, 1, 1, 1, -1, -1, -1, -1, 1, 1)	6.809982736463291
1.8810387774610573	1596	(1, 1, -1, -1, -1, 1, 1, 1, 1, -1, -1)	6.809982736498791
1.8810387774610573	1597	(1, 1, -1, -1, -1, 1, 1, 1, 1, -1, 1)	6.809982736498791
1.8810387774610573	1602	(1, 1, -1, -1, 1, -1, -1, -1, -1, 1, -1)	6.8099827364749705
1.8810387774610573	1603	(1, 1, -1, -1, 1, -1, -1, -1, -1, 1, 1)	6.8099827364749705
1.8810387774610573	1724	(1, 1, -1, 1, -1, 1, 1, 1, 1, -1, -1)	6.809982736420482
1.8810387774610573	1725	(1, 1, -1, 1, -1, 1, 1, 1, 1, -1, 1)	6.809982736420482
1.8810387774610573	1730	(1, 1, -1, 1, 1, -1, -1, -1, -1, 1, -1)	6.809982736440381
1.8810387774610573	1731	(1, 1, -1, 1, 1, -1, -1, -1, -1, 1, 1)	6.809982736440381
1.8810387774610573	1776	(1, 1, -1, 1, 1, 1, 1, -1, -1, -1, -1)	6.809982736417954
1.8810387774610573	1777	(1, 1, -1, 1, 1, 1, 1, -1, -1, -1, 1)	6.809982736417954
1.8810387774610573	1778	(1, 1, -1, 1, 1, 1, 1, -1, -1, 1, -1)	6.809982736417954
1.8810387774610573	1779	(1, 1, -1, 1, 1, 1, 1, -1, -1, 1, 1)	6.809982736417954
1.8810387774610573	1780	(1, 1, -1, 1, 1, 1, 1, -1, 1, -1, -1)	6.809982736417954
1.8810387774610573	1781	(1, 1, -1, 1, 1, 1, 1, -1, 1, -1, 1)	6.809982736417954
1.8810387774610573	1782	(1, 1, -1, 1, 1, 1, 1, -1, 1, 1, -1)	6.809982736417954
1.8810387774610573	1783	(1, 1, -1, 1, 1, 1, 1, -1, 1, 1, 1)	6.809982736417954
1.8810387774610573	1800	(1, 1, 1, -1, -1, -1, -1, 1, -1, -1, -1)	6.809982736426565
1.8810387774610573	1801	(1, 1, 1, -1, -1, -1, -1, 1, -1, -1, 1)	6.809982736426565
1.8810387774610573	1802	(1, 1, 1, -1, -1, -1, -1, 1, -1, 1, -1)	6.809982736426565
1.8810387774610573	1803	(1, 1, 1, -1, -1, -1, -1, 1, -1, 1, 1)	6.809982736426565
1.8810387774610573	1804	(1, 1, 1, -1, -1, -1, -1, 1, 1, -1, -1)	6.809982736426565
1.8810387774610573	1805	(1, 1, 1, -1, -1, -1, -1, 1, 1, -1, 1)	6.809982736426565
1.8810387774610573	1806	(1, 1, 1, -1, -1, -1, -1, 1, 1, 1, -1)	6.809982736426565
1.8810387774610573	1807	(1, 1, 1, -1, -1, -1, -1, 1, 1, 1, 1)	6.809982736426565
1.8810387774610573	1852	(1, 1, 1, -1, -1, 1, 1, 1, 1, -1, -1)	6.809982736446086
1.8810387774610573	1853	(1, 1, 1, -1, -1, 1, 1, 1, 1, -1, 1)	6.809982736446086
1.8810387774610573	1858	(1, 1, 1, -1, 1, -1, -1, -1, -1, 1, -1)	6.809982736471166
1.8810387774610573	1859	(1, 1, 1, -1, 1, -1, -1, -1, -1, 1, 1)	6.809982736471166
1.8810387774610573	1980	(1, 1, 1, 1, -1, 1, 1, 1, 1, -1, -1)	6.809982736390966
1.8810387774610573	1981	(1, 1, 1, 1, -1, 1, 1, 1, 1, -1, 1)	6.809982736390966
1.8810387774610573	1986	(1, 1, 1, 1, 1, -1, -1, -1, -1, 1, -1)	6.809982736424487
1.8810387774610573	1987	(1, 1, 1, 1, 1, -1, -1, -1, -1, 1, 1)	6.809982736424487
