2.4224422698000407	48	(-1, -1, -1, -1, -1, -1, -1, -1, -1, -1, -1, -1, -1, 1, 1, -1, -1, -1, -1)	7.673700023201908
2.4224422698000407	49	(-1, -1, -1, -1, -1, -1, -1, -1, -1, -1, -1, -1, -1, 1, 1, -1, -1, -1, 1)	7.673700023201908
2.4224422698000407	60	(-1, -1, -1, -1, -1, -1, -1, -1, -1, -1, -1, -1, -1, 1, 1, 1, 1, -1, -1)	7.6737000232062105
2.4224422698000407	132	(-1, -1, -1, -1, -1, -1, -1, -1, -1, -1, -1, 1, -1, -1, -1, -1, 1, -1, -1)	7.5751352833329095
2.4224422698000407	133	(-1, -1, -1, -1, -1, -1, -1, -1, -1, -1, -1, 1, -1, -1, -1, -1, 1, -1, 1)	7.5751352833329095
2.4224422698000407	192	(-1, -1, -1, -1, -1, -1, -1, -1, -1, -1, -1, 1, 1, -1, -1, -1, -1, -1, -1)	7.673700023087387
2.4224422698000407	193	(-1, -1, -1, -1, -1, -1, -1, -1, -1, -1, -1, 1, 1, -1, -1, -1, -1, -1, 1)	7.673700023087387
2.4224422698000407	194	(-1, -1, -1, -1, -1, -1, -1, -1, -1, -1, -1, 1, 1, -1, -1, -1, -1, 1, -1)	7.673700023087387
2.4224422698000407	195	(-1, -1, -1, -1, -1, -1, -1, -1, -1, -1, -1, 1, 1, -1, -1, -1, -1, 1, 1)	7.673700023106781
2.4224422698000407	196	(-1, -1, -1, -1, -1, -1, -1, -1, -1, -1, -1, 1, 1, -1, -1, -1, 1, -1, -1)	7.673700023087387
2.4224422698000407	197	(-1, -1, -1, -1, -1, -1, -1, -1, -1, -1, -1, 1, 1, -1, -1, -1, 1, -1, 1)	7.673700023087387
2.4224422698000407	198	(-1, -1, -1, -1, -1, -1, -1, -1, -1, -1, -1, 1, 1, -1, -1, -1, 1, 1, -1)	7.673700023087387
2.4224422698000407	199	(-1, -1, -1, -1, -1, -1, -1, -1, -1, -1, -1, 1, 1, -1, -1, -1, 1, 1, 1)	7.673700023087387
2.4224422698000407	240	(-1, -1, -1, -1, -1, -1, -1, -1, -1, -1, -1, 1, 1, 1, 1, -1, -1, -1, -1)	7.673700023213783
2.4224422698000407	241	(-1, -1, -1, -1, -1, -1, -1, -1, -1, -1, -1, 1, 1, 1, 1, -1, -1, -1, 1)	7.673700023213783
2.4224422698000407	242	(-1, -1, -1, -1, -1, -1, -1, -1, -1, -1, -1, 1, 1, 1, 1, -1, -1, 1, -1)	7.673700023213783
2.4224422698000407	243	(-1, -1, -1, -1, -1, -1, -1, -1, -1, -1, -1, 1, 1, 1, 1, -1, -1, 1, 1)	7.673700023213783
2.4224422698000407	316	(-1, -1, -1, -1, -1, -1, -1, -1, -1, -1, 1, -1, -1, 1, 1, 1, 1, -1, -1)	7.673700023293884
2.4224422698000407	378	(-1, -1, -1, -1, -1, -1, -1, -1, -1, -1, 1, -1, 1, 1, 1, 1, -1, 1, -1)	7.575135283250902
2.4224422698000407	379	(-1, -1, -1, -1, -1, -1, -1, -1, -1, -1, 1, -1, 1, 1, 1, 1, -1, 1, 1)	7.575135283250902
2.4224422698000407	451	(-1, -1, -1, -1, -1, -1, -1, -1, -1, -1, 1, 1, 1, -1, -1, -1, -1, 1, 1)	7.673700023261339
2.4224422698000407	462	(-1, -1, -1, -1, -1, -1, -1, -1, -1, -1, 1, 1, 1, -1, -1, 1, 1, 1, -1)	7.67370002313032
2.4224422698000407	463	(-1, -1, -1, -1, -1, -1, -1, -1, -1, -1, 1, 1, 1, -1, -1, 1, 1, 1, 1)	7.67370002313032
2.4224422698000407	528	(-1, -1, -1, -1, -1, -1, -1, -1, -1, 1, -1, -1, -1, -1, 1, -1, -1, -1, -1)	7.57513528302102
2.4224422698000407	529	(-1, -1, -1, -1, -1, -1, -1, -1, -1, 1, -1, -1, -1, -1, 1, -1, -1, -1, 1)	7.57513528302102
2.4224422698000407	530	(-1, -1, -1, -1, -1, -1, -1, -1, -1, 1, -1, -1, -1, -1, 1, -1, -1, 1, -1)	7.57513528302102
2.4224422698000407	531	(-1, -1, -1, -1, -1, -1, -1, -1, -1, 1, -1, -1, -1, -1, 1, -1, -1, 1, 1)	7.57513528302102
2.4224422698000407	532	(-1, -1, -1, -1, -1, -1, -1, -1, -1, 1, -1, -1, -1, -1, 1, -1, 1, -1, -1)	7.57513528302102
2.4224422698000407	533	(-1, -1, -1, -1, -1, -1, -1, -1, -1, 1, -1, -1, -1, -1, 1, -1, 1, -1, 1)	7.57513528302102
2.4224422698000407	534	(-1, -1, -1, -1, -1, -1, -1, -1, -1, 1, -1, -1, -1, -1, 1, -1, 1, 1, -1)	7.57513528302102
2.4224422698000407	535	(-1, -1, -1, -1, -1, -1, -1, -1, -1, 1, -1, -1, -1, -1, 1, -1, 1, 1, 1)	7.57513528302102
2.4224422698000407	560	(-1, -1, -1, -1, -1, -1, -1, -1, -1, 1, -1, -1, -1, 1, 1, -1, -1, -1, -1)	7.6737000232107375
2.4224422698000407	561	(-1, -1, -1, -1, -1, -1, -1, -1, -1, 1, -1, -1, -1, 1, 1, -1, -1, -1, 1)	7.6737000232107375
2.4224422698000407	572	(-1, -1, -1, -1, -1, -1, -1, -1, -1, 1, -1, -1, -1, 1, 1, 1, 1, -1, -1)	7.67370002323821
2.4224422698000407	644	(-1, -1, -1, -1, -1, -1, -1, -1, -1, 1, -1, 1, -1, -1, -1, -1, 1, -1, -1)	7.575135283369615
2.4224422698000407	645	(-1, -1, -1, -1, -1, -1, -1, -1, -1, 1, -1, 1, -1, -1, -1, -1, 1, -1, 1)	7.575135283369615
2.4224422698000407	707	(-1, -1, -1, -1, -1, -1, -1, -1, -1, 1, -1, 1, 1, -1, -1, -1, -1, 1, 1)	7.673700023199977
2.4224422698000407	768	(-1, -1, -1, -1, -1, -1, -1, -1, -1, 1, 1, -1, -1, -1, -1, -1, -1, -1, -1)	7.673700023079894
2.4224422698000407	769	(-1, -1, -1, -1, -1, -1, -1, -1, -1, 1, 1, -1, -1, -1, -1, -1, -1, -1, 1)	7.673700023079894
2.4224422698000407	770	(-1, -1, -1, -1, -1, -1, -1, -1, -1, 1, 1, -1, -1, -1, -1, -1, -1, 1, -1)	7.673700023079894
2.4224422698000407	771	(-1, -1, -1, -1, -1, -1, -1, -1, -1, 1, 1, -1, -1, -1, -1, -1, -1, 1, 1)	7.673700023079894
2.4224422698000407	772	(-1, -1, -1, -1, -1, -1, -1, -1, -1, 1, 1, -1, -1, -1, -1, -1, 1, -1, -1)	7.673700023079894
2.4224422698000407	773	(-1, -1, -1, -1, -1, -1, -1, -1, -1, 1, 1, -1, -1, -1, -1, -1, 1, -1, 1)	7.673700023079894
2.4224422698000407	774	(-1, -1, -1, -1, -1, -1, -1, -1, -1, 1, 1, -1, -1, -1, -1, -1, 1, 1, -1)	7.673700023079894
2.4224422698000407	775	(-1, -1, -1, -1, -1, -1, -1, -1, -1, 1, 1, -1, -1, -1, -1, -1, 1, 1, 1)	7.673700023079894
2.4224422698000407	776	(-1, -1, -1, -1, -1, -1, -1, -1, -1, 1, 1, -1, -1, -1, -1, 1, -1, -1, -1)	7.673700023079894
2.4224422698000407	777	(-1, -1, -1, -1, -1, -1, -1, -1, -1, 1, 1, -1, -1, -1, -1, 1, -1, -1, 1)	7.673700023079894
2.4224422698000407	778	(-1, -1, -1, -1, -1, -1, -1, -1, -1, 1, 1, -1, -1, -1, -1, 1, -1, 1, -1)	7.673700023079894
2.4224422698000407	779	(-1, -1, -1, -1, -1, -1, -1, -1, -1, 1, 1, -1, -1, -1, -1, 1, -1, 1, 1)	7.673700023079894
2.4224422698000407	780	(-1, -1, -1, -1, -1, -1, -1, -1, -1, 1, 1, -1, -1, -1, -1, 1, 1, -1, -1)	7.673700023086722
2.4224422698000407	781	(-1, -1, -1, -1, -1, -1, -1, -1, -1, 1, 1, -1, -1, -1, -1, 1, 1, -1, 1)	7.673700023086722
2.4224422698000407	782	(-1, -1, -1, -1, -1, -1, -1, -1, -1, 1, 1, -1, -1, -1, -1, 1, 1, 1, -1)	7.673700023086722
2.4224422698000407	783	(-1, -1, -1, -1, -1, -1, -1, -1, -1, 1, 1, -1, -1, -1, -1, 1, 1, 1, 1)	7.673700023086722
2.4224422698000407	784	(-1, -1, -1, -1, -1, -1, -1, -1, -1, 1, 1, -1, -1, -1, 1, -1, -1, -1, -1)	7.673700023079894
2.4224422698000407	785	(-1, -1, -1, -1, -1, -1, -1, -1, -1, 1, 1, -1, -1, -1, 1, -1, -1, -1, 1)	7.673700023079894
2.4224422698000407	786	(-1, -1, -1, -1, -1, -1, -1, -1, -1, 1, 1, -1, -1, -1, 1, -1, -1, 1, -1)	7.673700023079894
2.4224422698000407	787	(-1, -1, -1, -1, -1, -1, -1, -1, -1, 1, 1, -1, -1, -1, 1, -1, -1, 1, 1)	7.673700023079894
2.4224422698000407	788	(-1, -1, -1, -1, -1, -1, -1, -1, -1, 1, 1, -1, -1, -1, 1, -1, 1, -1, -1)	7.673700023079894
2.4224422698000407	789	(-1, -1, -1, -1, -1, -1, -1, -1, -1, 1, 1, -1, -1, -1, 1, -1, 1, -1, 1)	7.673700023079894
2.4224422698000407	790	(-1, -1, -1, -1, -1, -1, -1, -1, -1, 1, 1, -1, -1, -1, 1, -1, 1, 1, -1)	7.673700023079894
2.4224422698000407	791	(-1, -1, -1, -1, -1, -1, -1, -1, -1, 1, 1, -1, -1, -1, 1, -1, 1, 1, 1)	7.673700023079894
2.4224422698000407	792	(-1, -1, -1, -1, -1, -1, -1, -1, -1, 1, 1, -1, -1, -1, 1, 1, -1, -1, -1)	7.673700023079894
2.4224422698000407	793	(-1, -1, -1, -1, -1, -1, -1, -1, -1, 1, 1, -1, -1, -1, 1, 1, -1, -1, 1)	7.673700023079894
2.4224422698000407	794	(-1, -1, -1, -1, -1, -1, -1, -1, -1, 1, 1, -1, -1, -1, 1, 1, -1, 1, -1)	7.673700023079894
2.4224422698000407	795	(-1, -1, -1, -1, -1, -1, -1, -1, -1, 1, 1, -1, -1, -1, 1, 1, -1, 1, 1)	7.673700023079894
2.4224422698000407	796	(-1, -1, -1, -1, -1, -1, -1, -1, -1, 1, 1, -1, -1, -1, 1, 1, 1, -1, -1)	7.673700023079894
2.4224422698000407	797	(-1, -1, -1, -1, -1, -1, -1, -1, -1, 1, 1, -1, -1, -1, 1, 1, 1, -1, 1)	7.673700023079894
2.4224422698000407	798	(-1, -1, -1, -1, -1, -1, -1, -1, -1, 1, 1, -1, -1, -1, 1, 1, 1, 1, -1)	7.673700023079894
2.4224422698000407	799	(-1, -1, -1, -1, -1, -1, -1, -1, -1, 1, 1, -1, -1, -1, 1, 1, 1, 1, 1)	7.673700023079894
2.4224422698000407	828	(-1, -1, -1, -1, -1, -1, -1, -1, -1, 1, 1, -1, -1, 1, 1, 1, 1, -1, -1)	7.673700023198655
2.4224422698000407	890	(-1, -1, -1, -1, -1, -1, -1, -1, -1, 1, 1, -1, 1, 1, 1, 1, -1, 1, -1)	7.57513528320134
2.4224422698000407	891	(-1, -1, -1, -1, -1, -1, -1, -1, -1, 1, 1, -1, 1, 1, 1, 1, -1, 1, 1)	7.57513528320134
2.4224422698000407	960	(-1, -1, -1, -1, -1, -1, -1, -1, -1, 1, 1, 1, 1, -1, -1, -1, -1, -1, -1)	7.673700022912021
2.4224422698000407	961	(-1, -1, -1, -1, -1, -1, -1, -1, -1, 1, 1, 1, 1, -1, -1, -1, -1, -1, 1)	7.673700022912021
2.4224422698000407	962	(-1, -1, -1, -1, -1, -1, -1, -1, -1, 1, 1, 1, 1, -1, -1, -1, -1, 1, -1)	7.673700022912021
2.4224422698000407	963	(-1, -1, -1, -1, -1, -1, -1, -1, -1, 1, 1, 1, 1, -1, -1, -1, -1, 1, 1)	7.673700023025333
2.4224422698000407	964	(-1, -1, -1, -1, -1, -1, -1, -1, -1, 1, 1, 1, 1, -1, -1, -1, 1, -1, -1)	7.673700022912021
2.4224422698000407	965	(-1, -1, -1, -1, -1, -1, -1, -1, -1, 1, 1, 1, 1, -1, -1, -1, 1, -1, 1)	7.673700022912021
2.4224422698000407	966	(-1, -1, -1, -1, -1, -1, -1, -1, -1, 1, 1, 1, 1, -1, -1, -1, 1, 1, -1)	7.673700022912021
2.4224422698000407	967	(-1, -1, -1, -1, -1, -1, -1, -1, -1, 1, 1, 1, 1, -1, -1, -1, 1, 1, 1)	7.673700022912021
2.4224422698000407	968	(-1, -1, -1, -1, -1, -1, -1, -1, -1, 1, 1, 1, 1, -1, -1, 1, -1, -1, -1)	7.673700022912021
2.4224422698000407	969	(-1, -1, -1, -1, -1, -1, -1, -1, -1, 1, 1, 1, 1, -1, -1, 1, -1, -1, 1)	7.673700022912021
2.4224422698000407	970	(-1, -1, -1, -1, -1, -1, -1, -1, -1, 1, 1, 1, 1, -1, -1, 1, -1, 1, -1)	7.673700022912021
2.4224422698000407	971	(-1, -1, -1, -1, -1, -1, -1, -1, -1, 1, 1, 1, 1, -1, -1, 1, -1, 1, 1)	7.673700022912021
2.4224422698000407	972	(-1, -1, -1, -1, -1, -1, -1, -1, -1, 1, 1, 1, 1, -1, -1, 1, 1, -1, -1)	7.673700022912021
2.4224422698000407	973	(-1, -1, -1, -1, -1, -1, -1, -1, -1, 1, 1, 1, 1, -1, -1, 1, 1, -1, 1)	7.673700022912021
2.4224422698000407	974	(-1, -1, -1, -1, -1, -1, -1, -1, -1, 1, 1, 1, 1, -1, -1, 1, 1, 1, -1)	7.673700022982015
2.4224422698000407	975	(-1, -1, -1, -1, -1, -1, -1, -1, -1, 1, 1, 1, 1, -1, -1, 1, 1, 1, 1)	7.673700022982015
2.4224422698000407	1072	(-1, -1, -1, -1, -1, -1, -1, -1, 1, -1, -1, -1, -1, 1, 1, -1, -1, -1, -1)	7.673700023187594
2.4224422698000407	1073	(-1, -1, -1, -1, -1, -1, -1, -1, 1, -1, -1, -1, -1, 1, 1, -1, -1, -1, 1)	7.673700023187594
2.4224422698000407	1084	(-1, -1, -1, -1, -1, -1, -1, -1, 1, -1, -1, -1, -1, 1, 1, 1, 1, -1, -1)	7.673700023143421
2.4224422698000407	1156	(-1, -1, -1, -1, -1, -1, -1, -1, 1, -1, -1, 1, -1, -1, -1, -1, 1, -1, -1)	7.575135283204849
2.4224422698000407	1157	(-1, -1, -1, -1, -1, -1, -1, -1, 1, -1, -1, 1, -1, -1, -1, -1, 1, -1, 1)	7.575135283204849
2.4224422698000407	1219	(-1, -1, -1, -1, -1, -1, -1, -1, 1, -1, -1, 1, 1, -1, -1, -1, -1, 1, 1)	7.673700023084112
2.4224422698000407	1264	(-1, -1, -1, -1, -1, -1, -1, -1, 1, -1, -1, 1, 1, 1, 1, -1, -1, -1, -1)	7.673700023240059
2.4224422698000407	1265	(-1, -1, -1, -1, -1, -1, -1, -1, 1, -1, -1, 1, 1, 1, 1, -1, -1, -1, 1)	7.673700023240059
2.4224422698000407	1266	(-1, -1, -1, -1, -1, -1, -1, -1, 1, -1, -1, 1, 1, 1, 1, -1, -1, 1, -1)	7.673700023240059
2.4224422698000407	1267	(-1, -1, -1, -1, -1, -1, -1, -1, 1, -1, -1, 1, 1, 1, 1, -1, -1, 1, 1)	7.673700023240059
2.4224422698000407	1340	(-1, -1, -1, -1, -1, -1, -1, -1, 1, -1, 1, -1, -1, 1, 1, 1, 1, -1, -1)	7.673700023014226
2.4224422698000407	1402	(-1, -1, -1, -1, -1, -1, -1, -1, 1, -1, 1, -1, 1, 1, 1, 1, -1, 1, -1)	7.575135283071135
2.4224422698000407	1403	(-1, -1, -1, -1, -1, -1, -1, -1, 1, -1, 1, -1, 1, 1, 1, 1, -1, 1, 1)	7.575135283071135
2.4224422698000407	1475	(-1, -1, -1, -1, -1, -1, -1, -1, 1, -1, 1, 1, 1, -1, -1, -1, -1, 1, 1)	7.673700022982201
2.4224422698000407	1486	(-1, -1, -1, -1, -1, -1, -1, -1, 1, -1, 1, 1, 1, -1, -1, 1, 1, 1, -1)	7.673700023011084
2.4224422698000407	1487	(-1, -1, -1, -1, -1, -1, -1, -1, 1, -1, 1, 1, 1, -1, -1, 1, 1, 1, 1)	7.673700023011084
2.4224422698000407	1512	(-1, -1, -1, -1, -1, -1, -1, -1, 1, -1, 1, 1, 1, 1, -1, 1, -1, -1, -1)	7.575135283195209
2.4224422698000407	1513	(-1, -1, -1, -1, -1, -1, -1, -1, 1, -1, 1, 1, 1, 1, -1, 1, -1, -1, 1)	7.575135283195209
2.4224422698000407	1514	(-1, -1, -1, -1, -1, -1, -1, -1, 1, -1, 1, 1, 1, 1, -1, 1, -1, 1, -1)	7.575135283195209
2.4224422698000407	1515	(-1, -1, -1, -1, -1, -1, -1, -1, 1, -1, 1, 1, 1, 1, -1, 1, -1, 1, 1)	7.575135283195209
2.4224422698000407	1516	(-1, -1, -1, -1, -1, -1, -1, -1, 1, -1, 1, 1, 1, 1, -1, 1, 1, -1, -1)	7.575135283195209
2.4224422698000407	1517	(-1, -1, -1, -1, -1, -1, -1, -1, 1, -1, 1, 1, 1, 1, -1, 1, 1, -1, 1)	7.575135283195209
2.4224422698000407	1518	(-1, -1, -1, -1, -1, -1, -1, -1, 1, -1, 1, 1, 1, 1, -1, 1, 1, 1, -1)	7.575135283195209
2.4224422698000407	1519	(-1, -1, -1, -1, -1, -1, -1, -1, 1, -1, 1, 1, 1, 1, -1, 1, 1, 1, 1)	7.575135283195209
2.4224422698000407	1584	(-1, -1, -1, -1, -1, -1, -1, -1, 1, 1, -1, -1, -1, 1, 1, -1, -1, -1, -1)	7.673700023149879
2.4224422698000407	1585	(-1, -1, -1, -1, -1, -1, -1, -1, 1, 1, -1, -1, -1, 1, 1, -1, -1, -1, 1)	7.673700023149879
2.4224422698000407	1596	(-1, -1, -1, -1, -1, -1, -1, -1, 1, 1, -1, -1, -1, 1, 1, 1, 1, -1, -1)	7.673700023095566
2.4224422698000407	1668	(-1, -1, -1, -1, -1, -1, -1, -1, 1, 1, -1, 1, -1, -1, -1, -1, 1, -1, -1)	7.575135283230914
2.4224422698000407	1669	(-1, -1, -1, -1, -1, -1, -1, -1, 1, 1, -1, 1, -1, -1, -1, -1, 1, -1, 1)	7.575135283230914
2.4224422698000407	1731	(-1, -1, -1, -1, -1, -1, -1, -1, 1, 1, -1, 1, 1, -1, -1, -1, -1, 1, 1)	7.673700023043391
2.4224422698000407	1804	(-1, -1, -1, -1, -1, -1, -1, -1, 1, 1, 1, -1, -1, -1, -1, 1, 1, -1, -1)	7.673700023111951
2.4224422698000407	1805	(-1, -1, -1, -1, -1, -1, -1, -1, 1, 1, 1, -1, -1, -1, -1, 1, 1, -1, 1)	7.673700023111951
2.4224422698000407	1806	(-1, -1, -1, -1, -1, -1, -1, -1, 1, 1, 1, -1, -1, -1, -1, 1, 1, 1, -1)	7.673700023111951
2.4224422698000407	1807	(-1, -1, -1, -1, -1, -1, -1, -1, 1, 1, 1, -1, -1, -1, -1, 1, 1, 1, 1)	7.673700023111951
2.4224422698000407	1848	(-1, -1, -1, -1, -1, -1, -1, -1, 1, 1, 1, -1, -1, 1, 1, 1, -1, -1, -1)	7.67370002314822
2.4224422698000407	1849	(-1, -1, -1, -1, -1, -1, -1, -1, 1, 1, 1, -1, -1, 1, 1, 1, -1, -1, 1)	7.67370002314822
2.4224422698000407	1850	(-1, -1, -1, -1, -1, -1, -1, -1, 1, 1, 1, -1, -1, 1, 1, 1, -1, 1, -1)	7.67370002314822
2.4224422698000407	1851	(-1, -1, -1, -1, -1, -1, -1, -1, 1, 1, 1, -1, -1, 1, 1, 1, -1, 1, 1)	7.67370002314822
2.4224422698000407	1852	(-1, -1, -1, -1, -1, -1, -1, -1, 1, 1, 1, -1, -1, 1, 1, 1, 1, -1, -1)	7.673700023120143
2.4224422698000407	1853	(-1, -1, -1, -1, -1, -1, -1, -1, 1, 1, 1, -1, -1, 1, 1, 1, 1, -1, 1)	7.67370002314822
2.4224422698000407	1854	(-1, -1, -1, -1, -1, -1, -1, -1, 1, 1, 1, -1, -1, 1, 1, 1, 1, 1, -1)	7.67370002314822
2.4224422698000407	1855	(-1, -1, -1, -1, -1, -1, -1, -1, 1, 1, 1, -1, -1, 1, 1, 1, 1, 1, 1)	7.67370002314822
2.4224422698000407	1914	(-1, -1, -1, -1, -1, -1, -1, -1, 1, 1, 1, -1, 1, 1, 1, 1, -1, 1, -1)	7.575135283008961
2.4224422698000407	1915	(-1, -1, -1, -1, -1, -1, -1, -1, 1, 1, 1, -1, 1, 1, 1, 1, -1, 1, 1)	7.575135283008961
2.4224422698000407	1987	(-1, -1, -1, -1, -1, -1, -1, -1, 1, 1, 1, 1, 1, -1, -1, -1, -1, 1, 1)	7.673700023009049
2.4224422698000407	1998	(-1, -1, -1, -1, -1, -1, -1, -1, 1, 1, 1, 1, 1, -1, -1, 1, 1, 1, -1)	7.673700022996029
2.4224422698000407	1999	(-1, -1, -1, -1, -1, -1, -1, -1, 1, 1, 1, 1, 1, -1, -1, 1, 1, 1, 1)	7.673700022996029
2.4224422698000407	2096	(-1, -1, -1, -1, -1, -1, -1, 1, -1, -1, -1, -1, -1, 1, 1, -1, -1, -1, -1)	7.673700023042118
2.4224422698000407	2097	(-1, -1, -1, -1, -1, -1, -1, 1, -1, -1, -1, -1, -1, 1, 1, -1, -1, -1, 1)	7.673700023042118
2.4224422698000407	2108	(-1, -1, -1, -1, -1, -1, -1, 1, -1, -1, -1, -1, -1, 1, 1, 1, 1, -1, -1)	7.67370002298291
2.4224422698000407	2112	(-1, -1, -1, -1, -1, -1, -1, 1, -1, -1, -1, -1, 1, -1, -1, -1, -1, -1, -1)	7.575135283177764
2.4224422698000407	2113	(-1, -1, -1, -1, -1, -1, -1, 1, -1, -1, -1, -1, 1, -1, -1, -1, -1, -1, 1)	7.575135283177764
2.4224422698000407	2114	(-1, -1, -1, -1, -1, -1, -1, 1, -1, -1, -1, -1, 1, -1, -1, -1, -1, 1, -1)	7.575135283177764
2.4224422698000407	2115	(-1, -1, -1, -1, -1, -1, -1, 1, -1, -1, -1, -1, 1, -1, -1, -1, -1, 1, 1)	7.575135283177764
2.4224422698000407	2116	(-1, -1, -1, -1, -1, -1, -1, 1, -1, -1, -1, -1, 1, -1, -1, -1, 1, -1, -1)	7.575135283177764
2.4224422698000407	2117	(-1, -1, -1, -1, -1, -1, -1, 1, -1, -1, -1, -1, 1, -1, -1, -1, 1, -1, 1)	7.575135283177764
2.4224422698000407	2118	(-1, -1, -1, -1, -1, -1, -1, 1, -1, -1, -1, -1, 1, -1, -1, -1, 1, 1, -1)	7.575135283177764
2.4224422698000407	2119	(-1, -1, -1, -1, -1, -1, -1, 1, -1, -1, -1, -1, 1, -1, -1, -1, 1, 1, 1)	7.575135283177764
2.4224422698000407	2120	(-1, -1, -1, -1, -1, -1, -1, 1, -1, -1, -1, -1, 1, -1, -1, 1, -1, -1, -1)	7.575135283177764
2.4224422698000407	2121	(-1, -1, -1, -1, -1, -1, -1, 1, -1, -1, -1, -1, 1, -1, -1, 1, -1, -1, 1)	7.575135283177764
2.4224422698000407	2122	(-1, -1, -1, -1, -1, -1, -1, 1, -1, -1, -1, -1, 1, -1, -1, 1, -1, 1, -1)	7.575135283177764
2.4224422698000407	2123	(-1, -1, -1, -1, -1, -1, -1, 1, -1, -1, -1, -1, 1, -1, -1, 1, -1, 1, 1)	7.575135283177764
2.4224422698000407	2124	(-1, -1, -1, -1, -1, -1, -1, 1, -1, -1, -1, -1, 1, -1, -1, 1, 1, -1, -1)	7.575135283177764
2.4224422698000407	2125	(-1, -1, -1, -1, -1, -1, -1, 1, -1, -1, -1, -1, 1, -1, -1, 1, 1, -1, 1)	7.575135283177764
2.4224422698000407	2126	(-1, -1, -1, -1, -1, -1, -1, 1, -1, -1, -1, -1, 1, -1, -1, 1, 1, 1, -1)	7.575135283177764
2.4224422698000407	2127	(-1, -1, -1, -1, -1, -1, -1, 1, -1, -1, -1, -1, 1, -1, -1, 1, 1, 1, 1)	7.575135283177764
2.4224422698000407	2128	(-1, -1, -1, -1, -1, -1, -1, 1, -1, -1, -1, -1, 1, -1, 1, -1, -1, -1, -1)	7.575135283177764
2.4224422698000407	2129	(-1, -1, -1, -1, -1, -1, -1, 1, -1, -1, -1, -1, 1, -1, 1, -1, -1, -1, 1)	7.575135283177764
2.4224422698000407	2130	(-1, -1, -1, -1, -1, -1, -1, 1, -1, -1, -1, -1, 1, -1, 1, -1, -1, 1, -1)	7.575135283177764
2.4224422698000407	2131	(-1, -1, -1, -1, -1, -1, -1, 1, -1, -1, -1, -1, 1, -1, 1, -1, -1, 1, 1)	7.575135283177764
2.4224422698000407	2132	(-1, -1, -1, -1, -1, -1, -1, 1, -1, -1, -1, -1, 1, -1, 1, -1, 1, -1, -1)	7.575135283177764
2.4224422698000407	2133	(-1, -1, -1, -1, -1, -1, -1, 1, -1, -1, -1, -1, 1, -1, 1, -1, 1, -1, 1)	7.575135283177764
2.4224422698000407	2134	(-1, -1, -1, -1, -1, -1, -1, 1, -1, -1, -1, -1, 1, -1, 1, -1, 1, 1, -1)	7.575135283177764
2.4224422698000407	2135	(-1, -1, -1, -1, -1, -1, -1, 1, -1, -1, -1, -1, 1, -1, 1, -1, 1, 1, 1)	7.575135283177764
2.4224422698000407	2136	(-1, -1, -1, -1, -1, -1, -1, 1, -1, -1, -1, -1, 1, -1, 1, 1, -1, -1, -1)	7.575135283177764
2.4224422698000407	2137	(-1, -1, -1, -1, -1, -1, -1, 1, -1, -1, -1, -1, 1, -1, 1, 1, -1, -1, 1)	7.575135283177764
2.4224422698000407	2138	(-1, -1, -1, -1, -1, -1, -1, 1, -1, -1, -1, -1, 1, -1, 1, 1, -1, 1, -1)	7.575135283177764
2.4224422698000407	2139	(-1, -1, -1, -1, -1, -1, -1, 1, -1, -1, -1, -1, 1, -1, 1, 1, -1, 1, 1)	7.575135283177764
2.4224422698000407	2140	(-1, -1, -1, -1, -1, -1, -1, 1, -1, -1, -1, -1, 1, -1, 1, 1, 1, -1, -1)	7.575135283177764
2.4224422698000407	2141	(-1, -1, -1, -1, -1, -1, -1, 1, -1, -1, -1, -1, 1, -1, 1, 1, 1, -1, 1)	7.575135283177764
2.4224422698000407	2142	(-1, -1, -1, -1, -1, -1, -1, 1, -1, -1, -1, -1, 1, -1, 1, 1, 1, 1, -1)	7.575135283177764
2.4224422698000407	2143	(-1, -1, -1, -1, -1, -1, -1, 1, -1, -1, -1, -1, 1, -1, 1, 1, 1, 1, 1)	7.575135283177764
2.4224422698000407	2180	(-1, -1, -1, -1, -1, -1, -1, 1, -1, -1, -1, 1, -1, -1, -1, -1, 1, -1, -1)	7.575135283052792
2.4224422698000407	2181	(-1, -1, -1, -1, -1, -1, -1, 1, -1, -1, -1, 1, -1, -1, -1, -1, 1, -1, 1)	7.575135283052792
2.4224422698000407	2240	(-1, -1, -1, -1, -1, -1, -1, 1, -1, -1, -1, 1, 1, -1, -1, -1, -1, -1, -1)	7.6737000230116985
2.4224422698000407	2241	(-1, -1, -1, -1, -1, -1, -1, 1, -1, -1, -1, 1, 1, -1, -1, -1, -1, -1, 1)	7.6737000230116985
2.4224422698000407	2242	(-1, -1, -1, -1, -1, -1, -1, 1, -1, -1, -1, 1, 1, -1, -1, -1, -1, 1, -1)	7.6737000230116985
2.4224422698000407	2243	(-1, -1, -1, -1, -1, -1, -1, 1, -1, -1, -1, 1, 1, -1, -1, -1, -1, 1, 1)	7.673700022983983
2.4224422698000407	2244	(-1, -1, -1, -1, -1, -1, -1, 1, -1, -1, -1, 1, 1, -1, -1, -1, 1, -1, -1)	7.6737000230116985
2.4224422698000407	2245	(-1, -1, -1, -1, -1, -1, -1, 1, -1, -1, -1, 1, 1, -1, -1, -1, 1, -1, 1)	7.6737000230116985
2.4224422698000407	2246	(-1, -1, -1, -1, -1, -1, -1, 1, -1, -1, -1, 1, 1, -1, -1, -1, 1, 1, -1)	7.6737000230116985
2.4224422698000407	2247	(-1, -1, -1, -1, -1, -1, -1, 1, -1, -1, -1, 1, 1, -1, -1, -1, 1, 1, 1)	7.6737000230116985
2.4224422698000407	2288	(-1, -1, -1, -1, -1, -1, -1, 1, -1, -1, -1, 1, 1, 1, 1, -1, -1, -1, -1)	7.673700023048032
2.4224422698000407	2289	(-1, -1, -1, -1, -1, -1, -1, 1, -1, -1, -1, 1, 1, 1, 1, -1, -1, -1, 1)	7.673700023048032
2.4224422698000407	2290	(-1, -1, -1, -1, -1, -1, -1, 1, -1, -1, -1, 1, 1, 1, 1, -1, -1, 1, -1)	7.673700023048032
2.4224422698000407	2291	(-1, -1, -1, -1, -1, -1, -1, 1, -1, -1, -1, 1, 1, 1, 1, -1, -1, 1, 1)	7.673700023048032
2.4224422698000407	2364	(-1, -1, -1, -1, -1, -1, -1, 1, -1, -1, 1, -1, -1, 1, 1, 1, 1, -1, -1)	7.673700023045753
2.4224422698000407	2426	(-1, -1, -1, -1, -1, -1, -1, 1, -1, -1, 1, -1, 1, 1, 1, 1, -1, 1, -1)	7.57513528293433
2.4224422698000407	2427	(-1, -1, -1, -1, -1, -1, -1, 1, -1, -1, 1, -1, 1, 1, 1, 1, -1, 1, 1)	7.57513528293433
2.4224422698000407	2499	(-1, -1, -1, -1, -1, -1, -1, 1, -1, -1, 1, 1, 1, -1, -1, -1, -1, 1, 1)	7.673700023064144
2.4224422698000407	2510	(-1, -1, -1, -1, -1, -1, -1, 1, -1, -1, 1, 1, 1, -1, -1, 1, 1, 1, -1)	7.67370002299117
2.4224422698000407	2511	(-1, -1, -1, -1, -1, -1, -1, 1, -1, -1, 1, 1, 1, -1, -1, 1, 1, 1, 1)	7.67370002299117
2.4224422698000407	2576	(-1, -1, -1, -1, -1, -1, -1, 1, -1, 1, -1, -1, -1, -1, 1, -1, -1, -1, -1)	7.575135282978305
2.4224422698000407	2577	(-1, -1, -1, -1, -1, -1, -1, 1, -1, 1, -1, -1, -1, -1, 1, -1, -1, -1, 1)	7.575135282978305
2.4224422698000407	2578	(-1, -1, -1, -1, -1, -1, -1, 1, -1, 1, -1, -1, -1, -1, 1, -1, -1, 1, -1)	7.575135282978305
2.4224422698000407	2579	(-1, -1, -1, -1, -1, -1, -1, 1, -1, 1, -1, -1, -1, -1, 1, -1, -1, 1, 1)	7.575135282978305
2.4224422698000407	2580	(-1, -1, -1, -1, -1, -1, -1, 1, -1, 1, -1, -1, -1, -1, 1, -1, 1, -1, -1)	7.575135282978305
2.4224422698000407	2581	(-1, -1, -1, -1, -1, -1, -1, 1, -1, 1, -1, -1, -1, -1, 1, -1, 1, -1, 1)	7.575135282978305
2.4224422698000407	2582	(-1, -1, -1, -1, -1, -1, -1, 1, -1, 1, -1, -1, -1, -1, 1, -1, 1, 1, -1)	7.575135282978305
2.4224422698000407	2583	(-1, -1, -1, -1, -1, -1, -1, 1, -1, 1, -1, -1, -1, -1, 1, -1, 1, 1, 1)	7.575135282978305
2.4224422698000407	2608	(-1, -1, -1, -1, -1, -1, -1, 1, -1, 1, -1, -1, -1, 1, 1, -1, -1, -1, -1)	7.673700023036279
2.4224422698000407	2609	(-1, -1, -1, -1, -1, -1, -1, 1, -1, 1, -1, -1, -1, 1, 1, -1, -1, -1, 1)	7.673700023036279
2.4224422698000407	2620	(-1, -1, -1, -1, -1, -1, -1, 1, -1, 1, -1, -1, -1, 1, 1, 1, 1, -1, -1)	7.673700022938331
2.4224422698000407	2692	(-1, -1, -1, -1, -1, -1, -1, 1, -1, 1, -1, 1, -1, -1, -1, -1, 1, -1, -1)	7.575135282917823
2.4224422698000407	2693	(-1, -1, -1, -1, -1, -1, -1, 1, -1, 1, -1, 1, -1, -1, -1, -1, 1, -1, 1)	7.575135282917823
2.4224422698000407	2755	(-1, -1, -1, -1, -1, -1, -1, 1, -1, 1, -1, 1, 1, -1, -1, -1, -1, 1, 1)	7.673700022927947
2.4224422698000407	2828	(-1, -1, -1, -1, -1, -1, -1, 1, -1, 1, 1, -1, -1, -1, -1, 1, 1, -1, -1)	7.673700022903174
2.4224422698000407	2829	(-1, -1, -1, -1, -1, -1, -1, 1, -1, 1, 1, -1, -1, -1, -1, 1, 1, -1, 1)	7.673700022903174
2.4224422698000407	2830	(-1, -1, -1, -1, -1, -1, -1, 1, -1, 1, 1, -1, -1, -1, -1, 1, 1, 1, -1)	7.673700022903174
2.4224422698000407	2831	(-1, -1, -1, -1, -1, -1, -1, 1, -1, 1, 1, -1, -1, -1, -1, 1, 1, 1, 1)	7.673700022903174
2.4224422698000407	2876	(-1, -1, -1, -1, -1, -1, -1, 1, -1, 1, 1, -1, -1, 1, 1, 1, 1, -1, -1)	7.673700023001805
2.4224422698000407	2938	(-1, -1, -1, -1, -1, -1, -1, 1, -1, 1, 1, -1, 1, 1, 1, 1, -1, 1, -1)	7.575135282835557
2.4224422698000407	2939	(-1, -1, -1, -1, -1, -1, -1, 1, -1, 1, 1, -1, 1, 1, 1, 1, -1, 1, 1)	7.575135282835557
2.4224422698000407	3011	(-1, -1, -1, -1, -1, -1, -1, 1, -1, 1, 1, 1, 1, -1, -1, -1, -1, 1, 1)	7.673700022937654
2.4224422698000407	3022	(-1, -1, -1, -1, -1, -1, -1, 1, -1, 1, 1, 1, 1, -1, -1, 1, 1, 1, -1)	7.673700022928688
2.4224422698000407	3023	(-1, -1, -1, -1, -1, -1, -1, 1, -1, 1, 1, 1, 1, -1, -1, 1, 1, 1, 1)	7.673700022928688
2.4224422698000407	3072	(-1, -1, -1, -1, -1, -1, -1, 1, 1, -1, -1, -1, -1, -1, -1, -1, -1, -1, -1)	7.673700023130332
2.4224422698000407	3073	(-1, -1, -1, -1, -1, -1, -1, 1, 1, -1, -1, -1, -1, -1, -1, -1, -1, -1, 1)	7.673700023130332
2.4224422698000407	3074	(-1, -1, -1, -1, -1, -1, -1, 1, 1, -1, -1, -1, -1, -1, -1, -1, -1, 1, -1)	7.673700023130332
2.4224422698000407	3075	(-1, -1, -1, -1, -1, -1, -1, 1, 1, -1, -1, -1, -1, -1, -1, -1, -1, 1, 1)	7.673700023130332
2.4224422698000407	3076	(-1, -1, -1, -1, -1, -1, -1, 1, 1, -1, -1, -1, -1, -1, -1, -1, 1, -1, -1)	7.673700023130332
2.4224422698000407	3077	(-1, -1, -1, -1, -1, -1, -1, 1, 1, -1, -1, -1, -1, -1, -1, -1, 1, -1, 1)	7.673700023130332
2.4224422698000407	3078	(-1, -1, -1, -1, -1, -1, -1, 1, 1, -1, -1, -1, -1, -1, -1, -1, 1, 1, -1)	7.673700023130332
2.4224422698000407	3079	(-1, -1, -1, -1, -1, -1, -1, 1, 1, -1, -1, -1, -1, -1, -1, -1, 1, 1, 1)	7.673700023130332
2.4224422698000407	3080	(-1, -1, -1, -1, -1, -1, -1, 1, 1, -1, -1, -1, -1, -1, -1, 1, -1, -1, -1)	7.673700023130332
2.4224422698000407	3081	(-1, -1, -1, -1, -1, -1, -1, 1, 1, -1, -1, -1, -1, -1, -1, 1, -1, -1, 1)	7.673700023130332
2.4224422698000407	3082	(-1, -1, -1, -1, -1, -1, -1, 1, 1, -1, -1, -1, -1, -1, -1, 1, -1, 1, -1)	7.673700023130332
2.4224422698000407	3083	(-1, -1, -1, -1, -1, -1, -1, 1, 1, -1, -1, -1, -1, -1, -1, 1, -1, 1, 1)	7.673700023130332
2.4224422698000407	3084	(-1, -1, -1, -1, -1, -1, -1, 1, 1, -1, -1, -1, -1, -1, -1, 1, 1, -1, -1)	7.673700023130332
2.4224422698000407	3085	(-1, -1, -1, -1, -1, -1, -1, 1, 1, -1, -1, -1, -1, -1, -1, 1, 1, -1, 1)	7.673700023130332
2.4224422698000407	3086	(-1, -1, -1, -1, -1, -1, -1, 1, 1, -1, -1, -1, -1, -1, -1, 1, 1, 1, -1)	7.673700023130332
2.4224422698000407	3087	(-1, -1, -1, -1, -1, -1, -1, 1, 1, -1, -1, -1, -1, -1, -1, 1, 1, 1, 1)	7.673700023130332
2.4224422698000407	3088	(-1, -1, -1, -1, -1, -1, -1, 1, 1, -1, -1, -1, -1, -1, 1, -1, -1, -1, -1)	7.673700023130332
2.4224422698000407	3089	(-1, -1, -1, -1, -1, -1, -1, 1, 1, -1, -1, -1, -1, -1, 1, -1, -1, -1, 1)	7.673700023130332
2.4224422698000407	3090	(-1, -1, -1, -1, -1, -1, -1, 1, 1, -1, -1, -1, -1, -1, 1, -1, -1, 1, -1)	7.673700023130332
2.4224422698000407	3091	(-1, -1, -1, -1, -1, -1, -1, 1, 1, -1, -1, -1, -1, -1, 1, -1, -1, 1, 1)	7.673700023130332
2.4224422698000407	3092	(-1, -1, -1, -1, -1, -1, -1, 1, 1, -1, -1, -1, -1, -1, 1, -1, 1, -1, -1)	7.673700023130332
2.4224422698000407	3093	(-1, -1, -1, -1, -1, -1, -1, 1, 1, -1, -1, -1, -1, -1, 1, -1, 1, -1, 1)	7.673700023130332
2.4224422698000407	3094	(-1, -1, -1, -1, -1, -1, -1, 1, 1, -1, -1, -1, -1, -1, 1, -1, 1, 1, -1)	7.673700023130332
2.4224422698000407	3095	(-1, -1, -1, -1, -1, -1, -1, 1, 1, -1, -1, -1, -1, -1, 1, -1, 1, 1, 1)	7.673700023130332
2.4224422698000407	3096	(-1, -1, -1, -1, -1, -1, -1, 1, 1, -1, -1, -1, -1, -1, 1, 1, -1, -1, -1)	7.673700023130332
2.4224422698000407	3097	(-1, -1, -1, -1, -1, -1, -1, 1, 1, -1, -1, -1, -1, -1, 1, 1, -1, -1, 1)	7.673700023130332
2.4224422698000407	3098	(-1, -1, -1, -1, -1, -1, -1, 1, 1, -1, -1, -1, -1, -1, 1, 1, -1, 1, -1)	7.673700023130332
2.4224422698000407	3099	(-1, -1, -1, -1, -1, -1, -1, 1, 1, -1, -1, -1, -1, -1, 1, 1, -1, 1, 1)	7.673700023130332
2.4224422698000407	3100	(-1, -1, -1, -1, -1, -1, -1, 1, 1, -1, -1, -1, -1, -1, 1, 1, 1, -1, -1)	7.673700023130332
2.4224422698000407	3101	(-1, -1, -1, -1, -1, -1, -1, 1, 1, -1, -1, -1, -1, -1, 1, 1, 1, -1, 1)	7.673700023130332
2.4224422698000407	3102	(-1, -1, -1, -1, -1, -1, -1, 1, 1, -1, -1, -1, -1, -1, 1, 1, 1, 1, -1)	7.673700023130332
2.4224422698000407	3103	(-1, -1, -1, -1, -1, -1, -1, 1, 1, -1, -1, -1, -1, -1, 1, 1, 1, 1, 1)	7.673700023130332
2.4224422698000407	3104	(-1, -1, -1, -1, -1, -1, -1, 1, 1, -1, -1, -1, -1, 1, -1, -1, -1, -1, -1)	7.673700023130332
2.4224422698000407	3105	(-1, -1, -1, -1, -1, -1, -1, 1, 1, -1, -1, -1, -1, 1, -1, -1, -1, -1, 1)	7.673700023130332
2.4224422698000407	3106	(-1, -1, -1, -1, -1, -1, -1, 1, 1, -1, -1, -1, -1, 1, -1, -1, -1, 1, -1)	7.673700023130332
2.4224422698000407	3107	(-1, -1, -1, -1, -1, -1, -1, 1, 1, -1, -1, -1, -1, 1, -1, -1, -1, 1, 1)	7.673700023130332
2.4224422698000407	3108	(-1, -1, -1, -1, -1, -1, -1, 1, 1, -1, -1, -1, -1, 1, -1, -1, 1, -1, -1)	7.673700023130332
2.4224422698000407	3109	(-1, -1, -1, -1, -1, -1, -1, 1, 1, -1, -1, -1, -1, 1, -1, -1, 1, -1, 1)	7.673700023130332
2.4224422698000407	3110	(-1, -1, -1, -1, -1, -1, -1, 1, 1, -1, -1, -1, -1, 1, -1, -1, 1, 1, -1)	7.673700023130332
2.4224422698000407	3111	(-1, -1, -1, -1, -1, -1, -1, 1, 1, -1, -1, -1, -1, 1, -1, -1, 1, 1, 1)	7.673700023130332
2.4224422698000407	3112	(-1, -1, -1, -1, -1, -1, -1, 1, 1, -1, -1, -1, -1, 1, -1, 1, -1, -1, -1)	7.673700023130332
2.4224422698000407	3113	(-1, -1, -1, -1, -1, -1, -1, 1, 1, -1, -1, -1, -1, 1, -1, 1, -1, -1, 1)	7.673700023130332
2.4224422698000407	3114	(-1, -1, -1, -1, -1, -1, -1, 1, 1, -1, -1, -1, -1, 1, -1, 1, -1, 1, -1)	7.673700023130332
2.4224422698000407	3115	(-1, -1, -1, -1, -1, -1, -1, 1, 1, -1, -1, -1, -1, 1, -1, 1, -1, 1, 1)	7.673700023130332
2.4224422698000407	3116	(-1, -1, -1, -1, -1, -1, -1, 1, 1, -1, -1, -1, -1, 1, -1, 1, 1, -1, -1)	7.673700023130332
2.4224422698000407	3117	(-1, -1, -1, -1, -1, -1, -1, 1, 1, -1, -1, -1, -1, 1, -1, 1, 1, -1, 1)	7.673700023130332
2.4224422698000407	3118	(-1, -1, -1, -1, -1, -1, -1, 1, 1, -1, -1, -1, -1, 1, -1, 1, 1, 1, -1)	7.673700023130332
2.4224422698000407	3119	(-1, -1, -1, -1, -1, -1, -1, 1, 1, -1, -1, -1, -1, 1, -1, 1, 1, 1, 1)	7.673700023130332
2.4224422698000407	3120	(-1, -1, -1, -1, -1, -1, -1, 1, 1, -1, -1, -1, -1, 1, 1, -1, -1, -1, -1)	7.673700022989649
2.4224422698000407	3121	(-1, -1, -1, -1, -1, -1, -1, 1, 1, -1, -1, -1, -1, 1, 1, -1, -1, -1, 1)	7.673700022989649
2.4224422698000407	3122	(-1, -1, -1, -1, -1, -1, -1, 1, 1, -1, -1, -1, -1, 1, 1, -1, -1, 1, -1)	7.67370002305999
2.4224422698000407	3123	(-1, -1, -1, -1, -1, -1, -1, 1, 1, -1, -1, -1, -1, 1, 1, -1, -1, 1, 1)	7.67370002305999
2.4224422698000407	3124	(-1, -1, -1, -1, -1, -1, -1, 1, 1, -1, -1, -1, -1, 1, 1, -1, 1, -1, -1)	7.67370002305999
2.4224422698000407	3125	(-1, -1, -1, -1, -1, -1, -1, 1, 1, -1, -1, -1, -1, 1, 1, -1, 1, -1, 1)	7.67370002305999
2.4224422698000407	3126	(-1, -1, -1, -1, -1, -1, -1, 1, 1, -1, -1, -1, -1, 1, 1, -1, 1, 1, -1)	7.67370002305999
2.4224422698000407	3127	(-1, -1, -1, -1, -1, -1, -1, 1, 1, -1, -1, -1, -1, 1, 1, -1, 1, 1, 1)	7.67370002305999
2.4224422698000407	3128	(-1, -1, -1, -1, -1, -1, -1, 1, 1, -1, -1, -1, -1, 1, 1, 1, -1, -1, -1)	7.67370002305999
2.4224422698000407	3129	(-1, -1, -1, -1, -1, -1, -1, 1, 1, -1, -1, -1, -1, 1, 1, 1, -1, -1, 1)	7.67370002305999
2.4224422698000407	3130	(-1, -1, -1, -1, -1, -1, -1, 1, 1, -1, -1, -1, -1, 1, 1, 1, -1, 1, -1)	7.67370002305999
2.4224422698000407	3131	(-1, -1, -1, -1, -1, -1, -1, 1, 1, -1, -1, -1, -1, 1, 1, 1, -1, 1, 1)	7.67370002305999
2.4224422698000407	3132	(-1, -1, -1, -1, -1, -1, -1, 1, 1, -1, -1, -1, -1, 1, 1, 1, 1, -1, -1)	7.673700022989649
2.4224422698000407	3133	(-1, -1, -1, -1, -1, -1, -1, 1, 1, -1, -1, -1, -1, 1, 1, 1, 1, -1, 1)	7.67370002305999
2.4224422698000407	3134	(-1, -1, -1, -1, -1, -1, -1, 1, 1, -1, -1, -1, -1, 1, 1, 1, 1, 1, -1)	7.67370002305999
2.4224422698000407	3135	(-1, -1, -1, -1, -1, -1, -1, 1, 1, -1, -1, -1, -1, 1, 1, 1, 1, 1, 1)	7.67370002305999
2.4224422698000407	3136	(-1, -1, -1, -1, -1, -1, -1, 1, 1, -1, -1, -1, 1, -1, -1, -1, -1, -1, -1)	7.673700023130332
2.4224422698000407	3137	(-1, -1, -1, -1, -1, -1, -1, 1, 1, -1, -1, -1, 1, -1, -1, -1, -1, -1, 1)	7.673700023130332
2.4224422698000407	3138	(-1, -1, -1, -1, -1, -1, -1, 1, 1, -1, -1, -1, 1, -1, -1, -1, -1, 1, -1)	7.673700023130332
2.4224422698000407	3139	(-1, -1, -1, -1, -1, -1, -1, 1, 1, -1, -1, -1, 1, -1, -1, -1, -1, 1, 1)	7.673700023130332
2.4224422698000407	3140	(-1, -1, -1, -1, -1, -1, -1, 1, 1, -1, -1, -1, 1, -1, -1, -1, 1, -1, -1)	7.673700023130332
2.4224422698000407	3141	(-1, -1, -1, -1, -1, -1, -1, 1, 1, -1, -1, -1, 1, -1, -1, -1, 1, -1, 1)	7.673700023130332
2.4224422698000407	3142	(-1, -1, -1, -1, -1, -1, -1, 1, 1, -1, -1, -1, 1, -1, -1, -1, 1, 1, -1)	7.673700023130332
2.4224422698000407	3143	(-1, -1, -1, -1, -1, -1, -1, 1, 1, -1, -1, -1, 1, -1, -1, -1, 1, 1, 1)	7.673700023130332
2.4224422698000407	3144	(-1, -1, -1, -1, -1, -1, -1, 1, 1, -1, -1, -1, 1, -1, -1, 1, -1, -1, -1)	7.673700023130332
2.4224422698000407	3145	(-1, -1, -1, -1, -1, -1, -1, 1, 1, -1, -1, -1, 1, -1, -1, 1, -1, -1, 1)	7.673700023130332
2.4224422698000407	3146	(-1, -1, -1, -1, -1, -1, -1, 1, 1, -1, -1, -1, 1, -1, -1, 1, -1, 1, -1)	7.673700023130332
2.4224422698000407	3147	(-1, -1, -1, -1, -1, -1, -1, 1, 1, -1, -1, -1, 1, -1, -1, 1, -1, 1, 1)	7.673700023130332
2.4224422698000407	3148	(-1, -1, -1, -1, -1, -1, -1, 1, 1, -1, -1, -1, 1, -1, -1, 1, 1, -1, -1)	7.673700023130332
2.4224422698000407	3149	(-1, -1, -1, -1, -1, -1, -1, 1, 1, -1, -1, -1, 1, -1, -1, 1, 1, -1, 1)	7.673700023130332
2.4224422698000407	3150	(-1, -1, -1, -1, -1, -1, -1, 1, 1, -1, -1, -1, 1, -1, -1, 1, 1, 1, -1)	7.673700023130332
2.4224422698000407	3151	(-1, -1, -1, -1, -1, -1, -1, 1, 1, -1, -1, -1, 1, -1, -1, 1, 1, 1, 1)	7.673700023130332
2.4224422698000407	3152	(-1, -1, -1, -1, -1, -1, -1, 1, 1, -1, -1, -1, 1, -1, 1, -1, -1, -1, -1)	7.673700023130332
2.4224422698000407	3153	(-1, -1, -1, -1, -1, -1, -1, 1, 1, -1, -1, -1, 1, -1, 1, -1, -1, -1, 1)	7.673700023130332
2.4224422698000407	3154	(-1, -1, -1, -1, -1, -1, -1, 1, 1, -1, -1, -1, 1, -1, 1, -1, -1, 1, -1)	7.673700023130332
2.4224422698000407	3155	(-1, -1, -1, -1, -1, -1, -1, 1, 1, -1, -1, -1, 1, -1, 1, -1, -1, 1, 1)	7.673700023130332
2.4224422698000407	3156	(-1, -1, -1, -1, -1, -1, -1, 1, 1, -1, -1, -1, 1, -1, 1, -1, 1, -1, -1)	7.673700023130332
2.4224422698000407	3157	(-1, -1, -1, -1, -1, -1, -1, 1, 1, -1, -1, -1, 1, -1, 1, -1, 1, -1, 1)	7.673700023130332
2.4224422698000407	3158	(-1, -1, -1, -1, -1, -1, -1, 1, 1, -1, -1, -1, 1, -1, 1, -1, 1, 1, -1)	7.673700023130332
2.4224422698000407	3159	(-1, -1, -1, -1, -1, -1, -1, 1, 1, -1, -1, -1, 1, -1, 1, -1, 1, 1, 1)	7.673700023130332
2.4224422698000407	3160	(-1, -1, -1, -1, -1, -1, -1, 1, 1, -1, -1, -1, 1, -1, 1, 1, -1, -1, -1)	7.673700023130332
2.4224422698000407	3161	(-1, -1, -1, -1, -1, -1, -1, 1, 1, -1, -1, -1, 1, -1, 1, 1, -1, -1, 1)	7.673700023130332
2.4224422698000407	3162	(-1, -1, -1, -1, -1, -1, -1, 1, 1, -1, -1, -1, 1, -1, 1, 1, -1, 1, -1)	7.673700023130332
2.4224422698000407	3163	(-1, -1, -1, -1, -1, -1, -1, 1, 1, -1, -1, -1, 1, -1, 1, 1, -1, 1, 1)	7.673700023130332
2.4224422698000407	3164	(-1, -1, -1, -1, -1, -1, -1, 1, 1, -1, -1, -1, 1, -1, 1, 1, 1, -1, -1)	7.673700023130332
2.4224422698000407	3165	(-1, -1, -1, -1, -1, -1, -1, 1, 1, -1, -1, -1, 1, -1, 1, 1, 1, -1, 1)	7.673700023130332
2.4224422698000407	3166	(-1, -1, -1, -1, -1, -1, -1, 1, 1, -1, -1, -1, 1, -1, 1, 1, 1, 1, -1)	7.673700023130332
2.4224422698000407	3167	(-1, -1, -1, -1, -1, -1, -1, 1, 1, -1, -1, -1, 1, -1, 1, 1, 1, 1, 1)	7.673700023130332
2.4224422698000407	3168	(-1, -1, -1, -1, -1, -1, -1, 1, 1, -1, -1, -1, 1, 1, -1, -1, -1, -1, -1)	7.673700023130332
2.4224422698000407	3169	(-1, -1, -1, -1, -1, -1, -1, 1, 1, -1, -1, -1, 1, 1, -1, -1, -1, -1, 1)	7.673700023130332
2.4224422698000407	3170	(-1, -1, -1, -1, -1, -1, -1, 1, 1, -1, -1, -1, 1, 1, -1, -1, -1, 1, -1)	7.673700023130332
2.4224422698000407	3171	(-1, -1, -1, -1, -1, -1, -1, 1, 1, -1, -1, -1, 1, 1, -1, -1, -1, 1, 1)	7.673700023130332
2.4224422698000407	3172	(-1, -1, -1, -1, -1, -1, -1, 1, 1, -1, -1, -1, 1, 1, -1, -1, 1, -1, -1)	7.673700023130332
2.4224422698000407	3173	(-1, -1, -1, -1, -1, -1, -1, 1, 1, -1, -1, -1, 1, 1, -1, -1, 1, -1, 1)	7.673700023130332
2.4224422698000407	3174	(-1, -1, -1, -1, -1, -1, -1, 1, 1, -1, -1, -1, 1, 1, -1, -1, 1, 1, -1)	7.673700023130332
2.4224422698000407	3175	(-1, -1, -1, -1, -1, -1, -1, 1, 1, -1, -1, -1, 1, 1, -1, -1, 1, 1, 1)	7.673700023130332
2.4224422698000407	3176	(-1, -1, -1, -1, -1, -1, -1, 1, 1, -1, -1, -1, 1, 1, -1, 1, -1, -1, -1)	7.673700023130332
2.4224422698000407	3177	(-1, -1, -1, -1, -1, -1, -1, 1, 1, -1, -1, -1, 1, 1, -1, 1, -1, -1, 1)	7.673700023130332
2.4224422698000407	3178	(-1, -1, -1, -1, -1, -1, -1, 1, 1, -1, -1, -1, 1, 1, -1, 1, -1, 1, -1)	7.673700023130332
2.4224422698000407	3179	(-1, -1, -1, -1, -1, -1, -1, 1, 1, -1, -1, -1, 1, 1, -1, 1, -1, 1, 1)	7.673700023130332
2.4224422698000407	3180	(-1, -1, -1, -1, -1, -1, -1, 1, 1, -1, -1, -1, 1, 1, -1, 1, 1, -1, -1)	7.673700023130332
2.4224422698000407	3181	(-1, -1, -1, -1, -1, -1, -1, 1, 1, -1, -1, -1, 1, 1, -1, 1, 1, -1, 1)	7.673700023130332
2.4224422698000407	3182	(-1, -1, -1, -1, -1, -1, -1, 1, 1, -1, -1, -1, 1, 1, -1, 1, 1, 1, -1)	7.673700023130332
2.4224422698000407	3183	(-1, -1, -1, -1, -1, -1, -1, 1, 1, -1, -1, -1, 1, 1, -1, 1, 1, 1, 1)	7.673700023130332
2.4224422698000407	3184	(-1, -1, -1, -1, -1, -1, -1, 1, 1, -1, -1, -1, 1, 1, 1, -1, -1, -1, -1)	7.673700023130332
2.4224422698000407	3185	(-1, -1, -1, -1, -1, -1, -1, 1, 1, -1, -1, -1, 1, 1, 1, -1, -1, -1, 1)	7.673700023130332
2.4224422698000407	3186	(-1, -1, -1, -1, -1, -1, -1, 1, 1, -1, -1, -1, 1, 1, 1, -1, -1, 1, -1)	7.673700023130332
2.4224422698000407	3187	(-1, -1, -1, -1, -1, -1, -1, 1, 1, -1, -1, -1, 1, 1, 1, -1, -1, 1, 1)	7.673700023130332
2.4224422698000407	3188	(-1, -1, -1, -1, -1, -1, -1, 1, 1, -1, -1, -1, 1, 1, 1, -1, 1, -1, -1)	7.673700023130332
2.4224422698000407	3189	(-1, -1, -1, -1, -1, -1, -1, 1, 1, -1, -1, -1, 1, 1, 1, -1, 1, -1, 1)	7.673700023130332
2.4224422698000407	3190	(-1, -1, -1, -1, -1, -1, -1, 1, 1, -1, -1, -1, 1, 1, 1, -1, 1, 1, -1)	7.673700023130332
2.4224422698000407	3191	(-1, -1, -1, -1, -1, -1, -1, 1, 1, -1, -1, -1, 1, 1, 1, -1, 1, 1, 1)	7.673700023130332
2.4224422698000407	3192	(-1, -1, -1, -1, -1, -1, -1, 1, 1, -1, -1, -1, 1, 1, 1, 1, -1, -1, -1)	7.673700023130332
2.4224422698000407	3193	(-1, -1, -1, -1, -1, -1, -1, 1, 1, -1, -1, -1, 1, 1, 1, 1, -1, -1, 1)	7.673700023130332
2.4224422698000407	3194	(-1, -1, -1, -1, -1, -1, -1, 1, 1, -1, -1, -1, 1, 1, 1, 1, -1, 1, -1)	7.673700023130332
2.4224422698000407	3195	(-1, -1, -1, -1, -1, -1, -1, 1, 1, -1, -1, -1, 1, 1, 1, 1, -1, 1, 1)	7.673700023130332
2.4224422698000407	3196	(-1, -1, -1, -1, -1, -1, -1, 1, 1, -1, -1, -1, 1, 1, 1, 1, 1, -1, -1)	7.673700023130332
2.4224422698000407	3197	(-1, -1, -1, -1, -1, -1, -1, 1, 1, -1, -1, -1, 1, 1, 1, 1, 1, -1, 1)	7.673700023130332
2.4224422698000407	3198	(-1, -1, -1, -1, -1, -1, -1, 1, 1, -1, -1, -1, 1, 1, 1, 1, 1, 1, -1)	7.673700023130332
2.4224422698000407	3199	(-1, -1, -1, -1, -1, -1, -1, 1, 1, -1, -1, -1, 1, 1, 1, 1, 1, 1, 1)	7.673700023130332
2.4224422698000407	3204	(-1, -1, -1, -1, -1, -1, -1, 1, 1, -1, -1, 1, -1, -1, -1, -1, 1, -1, -1)	7.575135283010526
2.4224422698000407	3205	(-1, -1, -1, -1, -1, -1, -1, 1, 1, -1, -1, 1, -1, -1, -1, -1, 1, -1, 1)	7.575135283010526
2.4224422698000407	3267	(-1, -1, -1, -1, -1, -1, -1, 1, 1, -1, -1, 1, 1, -1, -1, -1, -1, 1, 1)	7.67370002283659
2.4224422698000407	3312	(-1, -1, -1, -1, -1, -1, -1, 1, 1, -1, -1, 1, 1, 1, 1, -1, -1, -1, -1)	7.673700023001638
2.4224422698000407	3313	(-1, -1, -1, -1, -1, -1, -1, 1, 1, -1, -1, 1, 1, 1, 1, -1, -1, -1, 1)	7.673700023001638
2.4224422698000407	3314	(-1, -1, -1, -1, -1, -1, -1, 1, 1, -1, -1, 1, 1, 1, 1, -1, -1, 1, -1)	7.673700023001638
2.4224422698000407	3315	(-1, -1, -1, -1, -1, -1, -1, 1, 1, -1, -1, 1, 1, 1, 1, -1, -1, 1, 1)	7.673700023001638
2.4224422698000407	3315	(-1, -1, -1, -1, -1, -1, -1, 1, 1, -1, -1, 1, 1, 1, 1, -1, -1, 1, 1)	7.673700023001638
2.4224422698000407	3388	(-1, -1, -1, -1, -1, -1, -1, 1, 1, -1, 1, -1, -1, 1, 1, 1, 1, -1, -1)	7.673700022955471
2.4224422698000407	3450	(-1, -1, -1, -1, -1, -1, -1, 1, 1, -1, 1, -1, 1, 1, 1, 1, -1, 1, -1)	7.575135282896822
2.4224422698000407	3451	(-1, -1, -1, -1, -1, -1, -1, 1, 1, -1, 1, -1, 1, 1, 1, 1, -1, 1, 1)	7.575135282896822
2.4224422698000407	3523	(-1, -1, -1, -1, -1, -1, -1, 1, 1, -1, 1, 1, 1, -1, -1, -1, -1, 1, 1)	7.673700022843808
2.4224422698000407	3534	(-1, -1, -1, -1, -1, -1, -1, 1, 1, -1, 1, 1, 1, -1, -1, 1, 1, 1, -1)	7.673700022866616
2.4224422698000407	3535	(-1, -1, -1, -1, -1, -1, -1, 1, 1, -1, 1, 1, 1, -1, -1, 1, 1, 1, 1)	7.673700022866616
2.4224422698000407	3560	(-1, -1, -1, -1, -1, -1, -1, 1, 1, -1, 1, 1, 1, 1, -1, 1, -1, -1, -1)	7.575135283129905
2.4224422698000407	3561	(-1, -1, -1, -1, -1, -1, -1, 1, 1, -1, 1, 1, 1, 1, -1, 1, -1, -1, 1)	7.575135283129905
2.4224422698000407	3562	(-1, -1, -1, -1, -1, -1, -1, 1, 1, -1, 1, 1, 1, 1, -1, 1, -1, 1, -1)	7.575135283129905
2.4224422698000407	3563	(-1, -1, -1, -1, -1, -1, -1, 1, 1, -1, 1, 1, 1, 1, -1, 1, -1, 1, 1)	7.575135283129905
2.4224422698000407	3564	(-1, -1, -1, -1, -1, -1, -1, 1, 1, -1, 1, 1, 1, 1, -1, 1, 1, -1, -1)	7.575135283129905
2.4224422698000407	3565	(-1, -1, -1, -1, -1, -1, -1, 1, 1, -1, 1, 1, 1, 1, -1, 1, 1, -1, 1)	7.575135283129905
2.4224422698000407	3566	(-1, -1, -1, -1, -1, -1, -1, 1, 1, -1, 1, 1, 1, 1, -1, 1, 1, 1, -1)	7.575135283129905
2.4224422698000407	3567	(-1, -1, -1, -1, -1, -1, -1, 1, 1, -1, 1, 1, 1, 1, -1, 1, 1, 1, 1)	7.575135283129905
2.4224422698000407	3632	(-1, -1, -1, -1, -1, -1, -1, 1, 1, 1, -1, -1, -1, 1, 1, -1, -1, -1, -1)	7.6737000230077825
2.4224422698000407	3633	(-1, -1, -1, -1, -1, -1, -1, 1, 1, 1, -1, -1, -1, 1, 1, -1, -1, -1, 1)	7.6737000230077825
2.4224422698000407	3644	(-1, -1, -1, -1, -1, -1, -1, 1, 1, 1, -1, -1, -1, 1, 1, 1, 1, -1, -1)	7.67370002291956
2.4224422698000407	3716	(-1, -1, -1, -1, -1, -1, -1, 1, 1, 1, -1, 1, -1, -1, -1, -1, 1, -1, -1)	7.5751352830472625
2.4224422698000407	3717	(-1, -1, -1, -1, -1, -1, -1, 1, 1, 1, -1, 1, -1, -1, -1, -1, 1, -1, 1)	7.5751352830472625
2.4224422698000407	3779	(-1, -1, -1, -1, -1, -1, -1, 1, 1, 1, -1, 1, 1, -1, -1, -1, -1, 1, 1)	7.673700022881915
2.4224422698000407	3840	(-1, -1, -1, -1, -1, -1, -1, 1, 1, 1, 1, -1, -1, -1, -1, -1, -1, -1, -1)	7.67370002325511
2.4224422698000407	3841	(-1, -1, -1, -1, -1, -1, -1, 1, 1, 1, 1, -1, -1, -1, -1, -1, -1, -1, 1)	7.67370002325511
2.4224422698000407	3842	(-1, -1, -1, -1, -1, -1, -1, 1, 1, 1, 1, -1, -1, -1, -1, -1, -1, 1, -1)	7.67370002325511
2.4224422698000407	3843	(-1, -1, -1, -1, -1, -1, -1, 1, 1, 1, 1, -1, -1, -1, -1, -1, -1, 1, 1)	7.67370002325511
2.4224422698000407	3844	(-1, -1, -1, -1, -1, -1, -1, 1, 1, 1, 1, -1, -1, -1, -1, -1, 1, -1, -1)	7.67370002325511
2.4224422698000407	3845	(-1, -1, -1, -1, -1, -1, -1, 1, 1, 1, 1, -1, -1, -1, -1, -1, 1, -1, 1)	7.67370002325511
2.4224422698000407	3846	(-1, -1, -1, -1, -1, -1, -1, 1, 1, 1, 1, -1, -1, -1, -1, -1, 1, 1, -1)	7.67370002325511
2.4224422698000407	3847	(-1, -1, -1, -1, -1, -1, -1, 1, 1, 1, 1, -1, -1, -1, -1, -1, 1, 1, 1)	7.67370002325511
2.4224422698000407	3848	(-1, -1, -1, -1, -1, -1, -1, 1, 1, 1, 1, -1, -1, -1, -1, 1, -1, -1, -1)	7.67370002325511
2.4224422698000407	3849	(-1, -1, -1, -1, -1, -1, -1, 1, 1, 1, 1, -1, -1, -1, -1, 1, -1, -1, 1)	7.67370002325511
2.4224422698000407	3850	(-1, -1, -1, -1, -1, -1, -1, 1, 1, 1, 1, -1, -1, -1, -1, 1, -1, 1, -1)	7.67370002325511
2.4224422698000407	3851	(-1, -1, -1, -1, -1, -1, -1, 1, 1, 1, 1, -1, -1, -1, -1, 1, -1, 1, 1)	7.67370002325511
2.4224422698000407	3852	(-1, -1, -1, -1, -1, -1, -1, 1, 1, 1, 1, -1, -1, -1, -1, 1, 1, -1, -1)	7.6737000230925965
2.4224422698000407	3853	(-1, -1, -1, -1, -1, -1, -1, 1, 1, 1, 1, -1, -1, -1, -1, 1, 1, -1, 1)	7.6737000230925965
2.4224422698000407	3854	(-1, -1, -1, -1, -1, -1, -1, 1, 1, 1, 1, -1, -1, -1, -1, 1, 1, 1, -1)	7.6737000230925965
2.4224422698000407	3855	(-1, -1, -1, -1, -1, -1, -1, 1, 1, 1, 1, -1, -1, -1, -1, 1, 1, 1, 1)	7.6737000230925965
2.4224422698000407	3856	(-1, -1, -1, -1, -1, -1, -1, 1, 1, 1, 1, -1, -1, -1, 1, -1, -1, -1, -1)	7.67370002325511
2.4224422698000407	3857	(-1, -1, -1, -1, -1, -1, -1, 1, 1, 1, 1, -1, -1, -1, 1, -1, -1, -1, 1)	7.67370002325511
2.4224422698000407	3858	(-1, -1, -1, -1, -1, -1, -1, 1, 1, 1, 1, -1, -1, -1, 1, -1, -1, 1, -1)	7.67370002325511
2.4224422698000407	3859	(-1, -1, -1, -1, -1, -1, -1, 1, 1, 1, 1, -1, -1, -1, 1, -1, -1, 1, 1)	7.67370002325511
2.4224422698000407	3860	(-1, -1, -1, -1, -1, -1, -1, 1, 1, 1, 1, -1, -1, -1, 1, -1, 1, -1, -1)	7.67370002325511
2.4224422698000407	3861	(-1, -1, -1, -1, -1, -1, -1, 1, 1, 1, 1, -1, -1, -1, 1, -1, 1, -1, 1)	7.67370002325511
2.4224422698000407	3862	(-1, -1, -1, -1, -1, -1, -1, 1, 1, 1, 1, -1, -1, -1, 1, -1, 1, 1, -1)	7.67370002325511
2.4224422698000407	3863	(-1, -1, -1, -1, -1, -1, -1, 1, 1, 1, 1, -1, -1, -1, 1, -1, 1, 1, 1)	7.67370002325511
2.4224422698000407	3864	(-1, -1, -1, -1, -1, -1, -1, 1, 1, 1, 1, -1, -1, -1, 1, 1, -1, -1, -1)	7.67370002325511
2.4224422698000407	3865	(-1, -1, -1, -1, -1, -1, -1, 1, 1, 1, 1, -1, -1, -1, 1, 1, -1, -1, 1)	7.67370002325511
2.4224422698000407	3866	(-1, -1, -1, -1, -1, -1, -1, 1, 1, 1, 1, -1, -1, -1, 1, 1, -1, 1, -1)	7.67370002325511
2.4224422698000407	3867	(-1, -1, -1, -1, -1, -1, -1, 1, 1, 1, 1, -1, -1, -1, 1, 1, -1, 1, 1)	7.67370002325511
2.4224422698000407	3868	(-1, -1, -1, -1, -1, -1, -1, 1, 1, 1, 1, -1, -1, -1, 1, 1, 1, -1, -1)	7.67370002325511
2.4224422698000407	3869	(-1, -1, -1, -1, -1, -1, -1, 1, 1, 1, 1, -1, -1, -1, 1, 1, 1, -1, 1)	7.67370002325511
2.4224422698000407	3870	(-1, -1, -1, -1, -1, -1, -1, 1, 1, 1, 1, -1, -1, -1, 1, 1, 1, 1, -1)	7.67370002325511
2.4224422698000407	3871	(-1, -1, -1, -1, -1, -1, -1, 1, 1, 1, 1, -1, -1, -1, 1, 1, 1, 1, 1)	7.67370002325511
2.4224422698000407	3872	(-1, -1, -1, -1, -1, -1, -1, 1, 1, 1, 1, -1, -1, 1, -1, -1, -1, -1, -1)	7.67370002325511
2.4224422698000407	3873	(-1, -1, -1, -1, -1, -1, -1, 1, 1, 1, 1, -1, -1, 1, -1, -1, -1, -1, 1)	7.67370002325511
2.4224422698000407	3874	(-1, -1, -1, -1, -1, -1, -1, 1, 1, 1, 1, -1, -1, 1, -1, -1, -1, 1, -1)	7.67370002325511
2.4224422698000407	3875	(-1, -1, -1, -1, -1, -1, -1, 1, 1, 1, 1, -1, -1, 1, -1, -1, -1, 1, 1)	7.67370002325511
2.4224422698000407	3876	(-1, -1, -1, -1, -1, -1, -1, 1, 1, 1, 1, -1, -1, 1, -1, -1, 1, -1, -1)	7.67370002325511
2.4224422698000407	3877	(-1, -1, -1, -1, -1, -1, -1, 1, 1, 1, 1, -1, -1, 1, -1, -1, 1, -1, 1)	7.67370002325511
2.4224422698000407	3878	(-1, -1, -1, -1, -1, -1, -1, 1, 1, 1, 1, -1, -1, 1, -1, -1, 1, 1, -1)	7.67370002325511
2.4224422698000407	3879	(-1, -1, -1, -1, -1, -1, -1, 1, 1, 1, 1, -1, -1, 1, -1, -1, 1, 1, 1)	7.67370002325511
2.4224422698000407	3880	(-1, -1, -1, -1, -1, -1, -1, 1, 1, 1, 1, -1, -1, 1, -1, 1, -1, -1, -1)	7.67370002325511
2.4224422698000407	3881	(-1, -1, -1, -1, -1, -1, -1, 1, 1, 1, 1, -1, -1, 1, -1, 1, -1, -1, 1)	7.67370002325511
2.4224422698000407	3882	(-1, -1, -1, -1, -1, -1, -1, 1, 1, 1, 1, -1, -1, 1, -1, 1, -1, 1, -1)	7.67370002325511
2.4224422698000407	3883	(-1, -1, -1, -1, -1, -1, -1, 1, 1, 1, 1, -1, -1, 1, -1, 1, -1, 1, 1)	7.67370002325511
2.4224422698000407	3884	(-1, -1, -1, -1, -1, -1, -1, 1, 1, 1, 1, -1, -1, 1, -1, 1, 1, -1, -1)	7.67370002325511
2.4224422698000407	3885	(-1, -1, -1, -1, -1, -1, -1, 1, 1, 1, 1, -1, -1, 1, -1, 1, 1, -1, 1)	7.67370002325511
2.4224422698000407	3886	(-1, -1, -1, -1, -1, -1, -1, 1, 1, 1, 1, -1, -1, 1, -1, 1, 1, 1, -1)	7.67370002325511
2.4224422698000407	3887	(-1, -1, -1, -1, -1, -1, -1, 1, 1, 1, 1, -1, -1, 1, -1, 1, 1, 1, 1)	7.67370002325511
2.4224422698000407	3888	(-1, -1, -1, -1, -1, -1, -1, 1, 1, 1, 1, -1, -1, 1, 1, -1, -1, -1, -1)	7.67370002325511
2.4224422698000407	3889	(-1, -1, -1, -1, -1, -1, -1, 1, 1, 1, 1, -1, -1, 1, 1, -1, -1, -1, 1)	7.67370002325511
2.4224422698000407	3890	(-1, -1, -1, -1, -1, -1, -1, 1, 1, 1, 1, -1, -1, 1, 1, -1, -1, 1, -1)	7.67370002325511
2.4224422698000407	3891	(-1, -1, -1, -1, -1, -1, -1, 1, 1, 1, 1, -1, -1, 1, 1, -1, -1, 1, 1)	7.67370002325511
2.4224422698000407	3892	(-1, -1, -1, -1, -1, -1, -1, 1, 1, 1, 1, -1, -1, 1, 1, -1, 1, -1, -1)	7.67370002325511
2.4224422698000407	3893	(-1, -1, -1, -1, -1, -1, -1, 1, 1, 1, 1, -1, -1, 1, 1, -1, 1, -1, 1)	7.67370002325511
2.4224422698000407	3894	(-1, -1, -1, -1, -1, -1, -1, 1, 1, 1, 1, -1, -1, 1, 1, -1, 1, 1, -1)	7.67370002325511
2.4224422698000407	3895	(-1, -1, -1, -1, -1, -1, -1, 1, 1, 1, 1, -1, -1, 1, 1, -1, 1, 1, 1)	7.67370002325511
2.4224422698000407	3896	(-1, -1, -1, -1, -1, -1, -1, 1, 1, 1, 1, -1, -1, 1, 1, 1, -1, -1, -1)	7.67370002314353
2.4224422698000407	3897	(-1, -1, -1, -1, -1, -1, -1, 1, 1, 1, 1, -1, -1, 1, 1, 1, -1, -1, 1)	7.67370002314353
2.4224422698000407	3898	(-1, -1, -1, -1, -1, -1, -1, 1, 1, 1, 1, -1, -1, 1, 1, 1, -1, 1, -1)	7.67370002314353
2.4224422698000407	3899	(-1, -1, -1, -1, -1, -1, -1, 1, 1, 1, 1, -1, -1, 1, 1, 1, -1, 1, 1)	7.67370002314353
2.4224422698000407	3900	(-1, -1, -1, -1, -1, -1, -1, 1, 1, 1, 1, -1, -1, 1, 1, 1, 1, -1, -1)	7.673700023031949
2.4224422698000407	3900	(-1, -1, -1, -1, -1, -1, -1, 1, 1, 1, 1, -1, -1, 1, 1, 1, 1, -1, -1)	7.673700023031949
2.4224422698000407	3901	(-1, -1, -1, -1, -1, -1, -1, 1, 1, 1, 1, -1, -1, 1, 1, 1, 1, -1, 1)	7.67370002314353
2.4224422698000407	3902	(-1, -1, -1, -1, -1, -1, -1, 1, 1, 1, 1, -1, -1, 1, 1, 1, 1, 1, -1)	7.67370002314353
2.4224422698000407	3903	(-1, -1, -1, -1, -1, -1, -1, 1, 1, 1, 1, -1, -1, 1, 1, 1, 1, 1, 1)	7.67370002314353
2.4224422698000407	3962	(-1, -1, -1, -1, -1, -1, -1, 1, 1, 1, 1, -1, 1, 1, 1, 1, -1, 1, -1)	7.575135282954786
2.4224422698000407	3963	(-1, -1, -1, -1, -1, -1, -1, 1, 1, 1, 1, -1, 1, 1, 1, 1, -1, 1, 1)	7.575135282954786
2.4224422698000407	4035	(-1, -1, -1, -1, -1, -1, -1, 1, 1, 1, 1, 1, 1, -1, -1, -1, -1, 1, 1)	7.6737000229389025
2.4224422698000407	4046	(-1, -1, -1, -1, -1, -1, -1, 1, 1, 1, 1, 1, 1, -1, -1, 1, 1, 1, -1)	7.673700022884943
2.4224422698000407	4047	(-1, -1, -1, -1, -1, -1, -1, 1, 1, 1, 1, 1, 1, -1, -1, 1, 1, 1, 1)	7.673700022884943
2.4224422698000407	4144	(-1, -1, -1, -1, -1, -1, 1, -1, -1, -1, -1, -1, -1, 1, 1, -1, -1, -1, -1)	7.673700023000503
2.4224422698000407	4145	(-1, -1, -1, -1, -1, -1, 1, -1, -1, -1, -1, -1, -1, 1, 1, -1, -1, -1, 1)	7.673700023000503
2.4224422698000407	4156	(-1, -1, -1, -1, -1, -1, 1, -1, -1, -1, -1, -1, -1, 1, 1, 1, 1, -1, -1)	7.673700022893335
2.4224422698000407	4228	(-1, -1, -1, -1, -1, -1, 1, -1, -1, -1, -1, 1, -1, -1, -1, -1, 1, -1, -1)	7.57513528307596
2.4224422698000407	4229	(-1, -1, -1, -1, -1, -1, 1, -1, -1, -1, -1, 1, -1, -1, -1, -1, 1, -1, 1)	7.57513528307596
2.4224422698000407	4288	(-1, -1, -1, -1, -1, -1, 1, -1, -1, -1, -1, 1, 1, -1, -1, -1, -1, -1, -1)	7.6737000230525
2.4224422698000407	4289	(-1, -1, -1, -1, -1, -1, 1, -1, -1, -1, -1, 1, 1, -1, -1, -1, -1, -1, 1)	7.6737000230525
2.4224422698000407	4290	(-1, -1, -1, -1, -1, -1, 1, -1, -1, -1, -1, 1, 1, -1, -1, -1, -1, 1, -1)	7.6737000230525
2.4224422698000407	4291	(-1, -1, -1, -1, -1, -1, 1, -1, -1, -1, -1, 1, 1, -1, -1, -1, -1, 1, 1)	7.673700022971667
2.4224422698000407	4292	(-1, -1, -1, -1, -1, -1, 1, -1, -1, -1, -1, 1, 1, -1, -1, -1, 1, -1, -1)	7.6737000230525
2.4224422698000407	4293	(-1, -1, -1, -1, -1, -1, 1, -1, -1, -1, -1, 1, 1, -1, -1, -1, 1, -1, 1)	7.6737000230525
2.4224422698000407	4294	(-1, -1, -1, -1, -1, -1, 1, -1, -1, -1, -1, 1, 1, -1, -1, -1, 1, 1, -1)	7.6737000230525
2.4224422698000407	4295	(-1, -1, -1, -1, -1, -1, 1, -1, -1, -1, -1, 1, 1, -1, -1, -1, 1, 1, 1)	7.6737000230525
2.4224422698000407	4336	(-1, -1, -1, -1, -1, -1, 1, -1, -1, -1, -1, 1, 1, 1, 1, -1, -1, -1, -1)	7.673700023117307
2.4224422698000407	4337	(-1, -1, -1, -1, -1, -1, 1, -1, -1, -1, -1, 1, 1, 1, 1, -1, -1, -1, 1)	7.673700023117307
2.4224422698000407	4338	(-1, -1, -1, -1, -1, -1, 1, -1, -1, -1, -1, 1, 1, 1, 1, -1, -1, 1, -1)	7.673700023117307
2.4224422698000407	4339	(-1, -1, -1, -1, -1, -1, 1, -1, -1, -1, -1, 1, 1, 1, 1, -1, -1, 1, 1)	7.673700023117307
2.4224422698000407	4412	(-1, -1, -1, -1, -1, -1, 1, -1, -1, -1, 1, -1, -1, 1, 1, 1, 1, -1, -1)	7.673700022907665
2.4224422698000407	4474	(-1, -1, -1, -1, -1, -1, 1, -1, -1, -1, 1, -1, 1, 1, 1, 1, -1, 1, -1)	7.575135282860948
2.4224422698000407	4475	(-1, -1, -1, -1, -1, -1, 1, -1, -1, -1, 1, -1, 1, 1, 1, 1, -1, 1, 1)	7.575135282860948
