2.6049378290154284	30	(-1, -1, -1, -1, -1, -1, -1, -1, -1, -1, -1, -1, -1, -1, 1, 1, 1, 1, -1)	6.095905414979469
2.6049378290154284	33	(-1, -1, -1, -1, -1, -1, -1, -1, -1, -1, -1, -1, -1, 1, -1, -1, -1, -1, 1)	6.095905414921728
2.6049378290154284	94	(-1, -1, -1, -1, -1, -1, -1, -1, -1, -1, -1, -1, 1, -1, 1, 1, 1, 1, -1)	6.09590541497422
2.6049378290154284	97	(-1, -1, -1, -1, -1, -1, -1, -1, -1, -1, -1, -1, 1, 1, -1, -1, -1, -1, 1)	6.095905414912866
2.6049378290154284	102	(-1, -1, -1, -1, -1, -1, -1, -1, -1, -1, -1, -1, 1, 1, -1, -1, 1, 1, -1)	6.732934342245218
2.6049378290154284	103	(-1, -1, -1, -1, -1, -1, -1, -1, -1, -1, -1, -1, 1, 1, -1, -1, 1, 1, 1)	6.732934342245218
2.6049378290154284	120	(-1, -1, -1, -1, -1, -1, -1, -1, -1, -1, -1, -1, 1, 1, 1, 1, -1, -1, -1)	6.095905414810098
2.6049378290154284	121	(-1, -1, -1, -1, -1, -1, -1, -1, -1, -1, -1, -1, 1, 1, 1, 1, -1, -1, 1)	6.095905414810098
2.6049378290154284	122	(-1, -1, -1, -1, -1, -1, -1, -1, -1, -1, -1, -1, 1, 1, 1, 1, -1, 1, -1)	6.095905414810098
2.6049378290154284	123	(-1, -1, -1, -1, -1, -1, -1, -1, -1, -1, -1, -1, 1, 1, 1, 1, -1, 1, 1)	6.095905414810098
2.6049378290154284	132	(-1, -1, -1, -1, -1, -1, -1, -1, -1, -1, -1, 1, -1, -1, -1, -1, 1, -1, -1)	6.095905414821897
2.6049378290154284	133	(-1, -1, -1, -1, -1, -1, -1, -1, -1, -1, -1, 1, -1, -1, -1, -1, 1, -1, 1)	6.095905414821897
2.6049378290154284	134	(-1, -1, -1, -1, -1, -1, -1, -1, -1, -1, -1, 1, -1, -1, -1, -1, 1, 1, -1)	6.095905414821897
2.6049378290154284	135	(-1, -1, -1, -1, -1, -1, -1, -1, -1, -1, -1, 1, -1, -1, -1, -1, 1, 1, 1)	6.095905414821897
2.6049378290154284	158	(-1, -1, -1, -1, -1, -1, -1, -1, -1, -1, -1, 1, -1, -1, 1, 1, 1, 1, -1)	6.095905415008484
2.6049378290154284	161	(-1, -1, -1, -1, -1, -1, -1, -1, -1, -1, -1, 1, -1, 1, -1, -1, -1, -1, 1)	6.09590541494074
2.6049378290154284	222	(-1, -1, -1, -1, -1, -1, -1, -1, -1, -1, -1, 1, 1, -1, 1, 1, 1, 1, -1)	6.095905415006411
2.6049378290154284	225	(-1, -1, -1, -1, -1, -1, -1, -1, -1, -1, -1, 1, 1, 1, -1, -1, -1, -1, 1)	6.095905414951772
2.6049378290154284	230	(-1, -1, -1, -1, -1, -1, -1, -1, -1, -1, -1, 1, 1, 1, -1, -1, 1, 1, -1)	7.443430322528424
2.6049378290154284	231	(-1, -1, -1, -1, -1, -1, -1, -1, -1, -1, -1, 1, 1, 1, -1, -1, 1, 1, 1)	7.443430322528424
2.6049378290154284	286	(-1, -1, -1, -1, -1, -1, -1, -1, -1, -1, 1, -1, -1, -1, 1, 1, 1, 1, -1)	6.095905415034008
2.6049378290154284	289	(-1, -1, -1, -1, -1, -1, -1, -1, -1, -1, 1, -1, -1, 1, -1, -1, -1, -1, 1)	6.095905415004047
2.6049378290154284	350	(-1, -1, -1, -1, -1, -1, -1, -1, -1, -1, 1, -1, 1, -1, 1, 1, 1, 1, -1)	6.095905415021317
2.6049378290154284	353	(-1, -1, -1, -1, -1, -1, -1, -1, -1, -1, 1, -1, 1, 1, -1, -1, -1, -1, 1)	6.095905414963756
2.6049378290154284	376	(-1, -1, -1, -1, -1, -1, -1, -1, -1, -1, 1, -1, 1, 1, 1, 1, -1, -1, -1)	6.0959054148127985
2.6049378290154284	377	(-1, -1, -1, -1, -1, -1, -1, -1, -1, -1, 1, -1, 1, 1, 1, 1, -1, -1, 1)	6.0959054148127985
2.6049378290154284	378	(-1, -1, -1, -1, -1, -1, -1, -1, -1, -1, 1, -1, 1, 1, 1, 1, -1, 1, -1)	6.0959054148127985
2.6049378290154284	379	(-1, -1, -1, -1, -1, -1, -1, -1, -1, -1, 1, -1, 1, 1, 1, 1, -1, 1, 1)	6.0959054148127985
2.6049378290154284	388	(-1, -1, -1, -1, -1, -1, -1, -1, -1, -1, 1, 1, -1, -1, -1, -1, 1, -1, -1)	6.095905414865458
2.6049378290154284	389	(-1, -1, -1, -1, -1, -1, -1, -1, -1, -1, 1, 1, -1, -1, -1, -1, 1, -1, 1)	6.095905414865458
2.6049378290154284	390	(-1, -1, -1, -1, -1, -1, -1, -1, -1, -1, 1, 1, -1, -1, -1, -1, 1, 1, -1)	6.095905414865458
2.6049378290154284	391	(-1, -1, -1, -1, -1, -1, -1, -1, -1, -1, 1, 1, -1, -1, -1, -1, 1, 1, 1)	6.095905414865458
2.6049378290154284	408	(-1, -1, -1, -1, -1, -1, -1, -1, -1, -1, 1, 1, -1, -1, 1, 1, -1, -1, -1)	6.7329343424035
2.6049378290154284	409	(-1, -1, -1, -1, -1, -1, -1, -1, -1, -1, 1, 1, -1, -1, 1, 1, -1, -1, 1)	6.7329343424035
2.6049378290154284	410	(-1, -1, -1, -1, -1, -1, -1, -1, -1, -1, 1, 1, -1, -1, 1, 1, -1, 1, -1)	6.7329343424035
2.6049378290154284	411	(-1, -1, -1, -1, -1, -1, -1, -1, -1, -1, 1, 1, -1, -1, 1, 1, -1, 1, 1)	6.7329343424035
2.6049378290154284	412	(-1, -1, -1, -1, -1, -1, -1, -1, -1, -1, 1, 1, -1, -1, 1, 1, 1, -1, -1)	6.7329343424035
2.6049378290154284	413	(-1, -1, -1, -1, -1, -1, -1, -1, -1, -1, 1, 1, -1, -1, 1, 1, 1, -1, 1)	6.7329343424035
2.6049378290154284	414	(-1, -1, -1, -1, -1, -1, -1, -1, -1, -1, 1, 1, -1, -1, 1, 1, 1, 1, -1)	6.414419878733473
2.6049378290154284	415	(-1, -1, -1, -1, -1, -1, -1, -1, -1, -1, 1, 1, -1, -1, 1, 1, 1, 1, 1)	6.7329343424035
2.6049378290154284	417	(-1, -1, -1, -1, -1, -1, -1, -1, -1, -1, 1, 1, -1, 1, -1, -1, -1, -1, 1)	6.095905414982551
2.6049378290154284	478	(-1, -1, -1, -1, -1, -1, -1, -1, -1, -1, 1, 1, 1, -1, 1, 1, 1, 1, -1)	6.095905415041862
2.6049378290154284	480	(-1, -1, -1, -1, -1, -1, -1, -1, -1, -1, 1, 1, 1, 1, -1, -1, -1, -1, -1)	6.095905415130507
2.6049378290154284	481	(-1, -1, -1, -1, -1, -1, -1, -1, -1, -1, 1, 1, 1, 1, -1, -1, -1, -1, 1)	6.095905415063212
2.6049378290154284	482	(-1, -1, -1, -1, -1, -1, -1, -1, -1, -1, 1, 1, 1, 1, -1, -1, -1, 1, -1)	6.095905415130507
2.6049378290154284	483	(-1, -1, -1, -1, -1, -1, -1, -1, -1, -1, 1, 1, 1, 1, -1, -1, -1, 1, 1)	6.095905415130507
2.6049378290154284	484	(-1, -1, -1, -1, -1, -1, -1, -1, -1, -1, 1, 1, 1, 1, -1, -1, 1, -1, -1)	6.095905415130507
2.6049378290154284	485	(-1, -1, -1, -1, -1, -1, -1, -1, -1, -1, 1, 1, 1, 1, -1, -1, 1, -1, 1)	6.095905415130507
2.6049378290154284	486	(-1, -1, -1, -1, -1, -1, -1, -1, -1, -1, 1, 1, 1, 1, -1, -1, 1, 1, -1)	6.095905415130507
2.6049378290154284	487	(-1, -1, -1, -1, -1, -1, -1, -1, -1, -1, 1, 1, 1, 1, -1, -1, 1, 1, 1)	6.095905415130507
2.6049378290154284	488	(-1, -1, -1, -1, -1, -1, -1, -1, -1, -1, 1, 1, 1, 1, -1, 1, -1, -1, -1)	6.095905415130507
2.6049378290154284	489	(-1, -1, -1, -1, -1, -1, -1, -1, -1, -1, 1, 1, 1, 1, -1, 1, -1, -1, 1)	6.095905415130507
2.6049378290154284	490	(-1, -1, -1, -1, -1, -1, -1, -1, -1, -1, 1, 1, 1, 1, -1, 1, -1, 1, -1)	6.095905415130507
2.6049378290154284	491	(-1, -1, -1, -1, -1, -1, -1, -1, -1, -1, 1, 1, 1, 1, -1, 1, -1, 1, 1)	6.095905415130507
2.6049378290154284	492	(-1, -1, -1, -1, -1, -1, -1, -1, -1, -1, 1, 1, 1, 1, -1, 1, 1, -1, -1)	6.095905415130507
2.6049378290154284	493	(-1, -1, -1, -1, -1, -1, -1, -1, -1, -1, 1, 1, 1, 1, -1, 1, 1, -1, 1)	6.095905415130507
2.6049378290154284	494	(-1, -1, -1, -1, -1, -1, -1, -1, -1, -1, 1, 1, 1, 1, -1, 1, 1, 1, -1)	6.095905415130507
2.6049378290154284	495	(-1, -1, -1, -1, -1, -1, -1, -1, -1, -1, 1, 1, 1, 1, -1, 1, 1, 1, 1)	6.095905415130507
2.6049378290154284	528	(-1, -1, -1, -1, -1, -1, -1, -1, -1, 1, -1, -1, -1, -1, 1, -1, -1, -1, -1)	6.095905415158554
2.6049378290154284	529	(-1, -1, -1, -1, -1, -1, -1, -1, -1, 1, -1, -1, -1, -1, 1, -1, -1, -1, 1)	6.095905415158554
2.6049378290154284	530	(-1, -1, -1, -1, -1, -1, -1, -1, -1, 1, -1, -1, -1, -1, 1, -1, -1, 1, -1)	6.095905415158554
2.6049378290154284	531	(-1, -1, -1, -1, -1, -1, -1, -1, -1, 1, -1, -1, -1, -1, 1, -1, -1, 1, 1)	6.095905415158554
2.6049378290154284	532	(-1, -1, -1, -1, -1, -1, -1, -1, -1, 1, -1, -1, -1, -1, 1, -1, 1, -1, -1)	6.095905415158554
2.6049378290154284	533	(-1, -1, -1, -1, -1, -1, -1, -1, -1, 1, -1, -1, -1, -1, 1, -1, 1, -1, 1)	6.095905415158554
2.6049378290154284	534	(-1, -1, -1, -1, -1, -1, -1, -1, -1, 1, -1, -1, -1, -1, 1, -1, 1, 1, -1)	6.095905415158554
2.6049378290154284	535	(-1, -1, -1, -1, -1, -1, -1, -1, -1, 1, -1, -1, -1, -1, 1, -1, 1, 1, 1)	6.095905415158554
2.6049378290154284	536	(-1, -1, -1, -1, -1, -1, -1, -1, -1, 1, -1, -1, -1, -1, 1, 1, -1, -1, -1)	6.095905415158554
2.6049378290154284	537	(-1, -1, -1, -1, -1, -1, -1, -1, -1, 1, -1, -1, -1, -1, 1, 1, -1, -1, 1)	6.095905415158554
2.6049378290154284	538	(-1, -1, -1, -1, -1, -1, -1, -1, -1, 1, -1, -1, -1, -1, 1, 1, -1, 1, -1)	6.095905415158554
2.6049378290154284	539	(-1, -1, -1, -1, -1, -1, -1, -1, -1, 1, -1, -1, -1, -1, 1, 1, -1, 1, 1)	6.095905415158554
2.6049378290154284	540	(-1, -1, -1, -1, -1, -1, -1, -1, -1, 1, -1, -1, -1, -1, 1, 1, 1, -1, -1)	6.095905415158554
2.6049378290154284	541	(-1, -1, -1, -1, -1, -1, -1, -1, -1, 1, -1, -1, -1, -1, 1, 1, 1, -1, 1)	6.095905415158554
2.6049378290154284	542	(-1, -1, -1, -1, -1, -1, -1, -1, -1, 1, -1, -1, -1, -1, 1, 1, 1, 1, -1)	6.095905415057098
2.6049378290154284	543	(-1, -1, -1, -1, -1, -1, -1, -1, -1, 1, -1, -1, -1, -1, 1, 1, 1, 1, 1)	6.095905415158554
2.6049378290154284	545	(-1, -1, -1, -1, -1, -1, -1, -1, -1, 1, -1, -1, -1, 1, -1, -1, -1, -1, 1)	6.095905414883423
2.6049378290154284	606	(-1, -1, -1, -1, -1, -1, -1, -1, -1, 1, -1, -1, 1, -1, 1, 1, 1, 1, -1)	6.0959054149754
2.6049378290154284	609	(-1, -1, -1, -1, -1, -1, -1, -1, -1, 1, -1, -1, 1, 1, -1, -1, -1, -1, 1)	6.09590541488673
2.6049378290154284	632	(-1, -1, -1, -1, -1, -1, -1, -1, -1, 1, -1, -1, 1, 1, 1, 1, -1, -1, -1)	6.095905414875305
2.6049378290154284	633	(-1, -1, -1, -1, -1, -1, -1, -1, -1, 1, -1, -1, 1, 1, 1, 1, -1, -1, 1)	6.095905414875305
2.6049378290154284	634	(-1, -1, -1, -1, -1, -1, -1, -1, -1, 1, -1, -1, 1, 1, 1, 1, -1, 1, -1)	6.095905414875305
2.6049378290154284	635	(-1, -1, -1, -1, -1, -1, -1, -1, -1, 1, -1, -1, 1, 1, 1, 1, -1, 1, 1)	6.095905414875305
2.6049378290154284	644	(-1, -1, -1, -1, -1, -1, -1, -1, -1, 1, -1, 1, -1, -1, -1, -1, 1, -1, -1)	6.0959054149309235
2.6049378290154284	645	(-1, -1, -1, -1, -1, -1, -1, -1, -1, 1, -1, 1, -1, -1, -1, -1, 1, -1, 1)	6.0959054149309235
2.6049378290154284	646	(-1, -1, -1, -1, -1, -1, -1, -1, -1, 1, -1, 1, -1, -1, -1, -1, 1, 1, -1)	6.0959054149309235
2.6049378290154284	647	(-1, -1, -1, -1, -1, -1, -1, -1, -1, 1, -1, 1, -1, -1, -1, -1, 1, 1, 1)	6.0959054149309235
2.6049378290154284	670	(-1, -1, -1, -1, -1, -1, -1, -1, -1, 1, -1, 1, -1, -1, 1, 1, 1, 1, -1)	6.095905414994783
2.6049378290154284	673	(-1, -1, -1, -1, -1, -1, -1, -1, -1, 1, -1, 1, -1, 1, -1, -1, -1, -1, 1)	6.095905414907782
2.6049378290154284	734	(-1, -1, -1, -1, -1, -1, -1, -1, -1, 1, -1, 1, 1, -1, 1, 1, 1, 1, -1)	6.095905415034752
2.6049378290154284	737	(-1, -1, -1, -1, -1, -1, -1, -1, -1, 1, -1, 1, 1, 1, -1, -1, -1, -1, 1)	6.09590541495734
2.6049378290154284	798	(-1, -1, -1, -1, -1, -1, -1, -1, -1, 1, 1, -1, -1, -1, 1, 1, 1, 1, -1)	6.095905415063149
2.6049378290154284	801	(-1, -1, -1, -1, -1, -1, -1, -1, -1, 1, 1, -1, -1, 1, -1, -1, -1, -1, 1)	6.095905414957829
2.6049378290154284	862	(-1, -1, -1, -1, -1, -1, -1, -1, -1, 1, 1, -1, 1, -1, 1, 1, 1, 1, -1)	6.095905415054848
2.6049378290154284	865	(-1, -1, -1, -1, -1, -1, -1, -1, -1, 1, 1, -1, 1, 1, -1, -1, -1, -1, 1)	6.095905414970631
2.6049378290154284	888	(-1, -1, -1, -1, -1, -1, -1, -1, -1, 1, 1, -1, 1, 1, 1, 1, -1, -1, -1)	6.0959054149172
2.6049378290154284	889	(-1, -1, -1, -1, -1, -1, -1, -1, -1, 1, 1, -1, 1, 1, 1, 1, -1, -1, 1)	6.0959054149172
2.6049378290154284	890	(-1, -1, -1, -1, -1, -1, -1, -1, -1, 1, 1, -1, 1, 1, 1, 1, -1, 1, -1)	6.0959054149172
2.6049378290154284	891	(-1, -1, -1, -1, -1, -1, -1, -1, -1, 1, 1, -1, 1, 1, 1, 1, -1, 1, 1)	6.0959054149172
2.6049378290154284	900	(-1, -1, -1, -1, -1, -1, -1, -1, -1, 1, 1, 1, -1, -1, -1, -1, 1, -1, -1)	6.095905414932714
2.6049378290154284	901	(-1, -1, -1, -1, -1, -1, -1, -1, -1, 1, 1, 1, -1, -1, -1, -1, 1, -1, 1)	6.095905414932714
2.6049378290154284	902	(-1, -1, -1, -1, -1, -1, -1, -1, -1, 1, 1, 1, -1, -1, -1, -1, 1, 1, -1)	6.095905414932714
2.6049378290154284	903	(-1, -1, -1, -1, -1, -1, -1, -1, -1, 1, 1, 1, -1, -1, -1, -1, 1, 1, 1)	6.095905414932714
2.6049378290154284	920	(-1, -1, -1, -1, -1, -1, -1, -1, -1, 1, 1, 1, -1, -1, 1, 1, -1, -1, -1)	7.443430322540229
2.6049378290154284	921	(-1, -1, -1, -1, -1, -1, -1, -1, -1, 1, 1, 1, -1, -1, 1, 1, -1, -1, 1)	7.443430322540229
2.6049378290154284	922	(-1, -1, -1, -1, -1, -1, -1, -1, -1, 1, 1, 1, -1, -1, 1, 1, -1, 1, -1)	7.443430322540229
2.6049378290154284	923	(-1, -1, -1, -1, -1, -1, -1, -1, -1, 1, 1, 1, -1, -1, 1, 1, -1, 1, 1)	7.443430322540229
2.6049378290154284	924	(-1, -1, -1, -1, -1, -1, -1, -1, -1, 1, 1, 1, -1, -1, 1, 1, 1, -1, -1)	7.443430322540229
2.6049378290154284	925	(-1, -1, -1, -1, -1, -1, -1, -1, -1, 1, 1, 1, -1, -1, 1, 1, 1, -1, 1)	7.443430322540229
2.6049378290154284	926	(-1, -1, -1, -1, -1, -1, -1, -1, -1, 1, 1, 1, -1, -1, 1, 1, 1, 1, -1)	6.769667868794144
2.6049378290154284	927	(-1, -1, -1, -1, -1, -1, -1, -1, -1, 1, 1, 1, -1, -1, 1, 1, 1, 1, 1)	7.443430322540229
2.6049378290154284	929	(-1, -1, -1, -1, -1, -1, -1, -1, -1, 1, 1, 1, -1, 1, -1, -1, -1, -1, 1)	6.095905414971443
2.6049378290154284	990	(-1, -1, -1, -1, -1, -1, -1, -1, -1, 1, 1, 1, 1, -1, 1, 1, 1, 1, -1)	6.095905415021627
2.6049378290154284	993	(-1, -1, -1, -1, -1, -1, -1, -1, -1, 1, 1, 1, 1, 1, -1, -1, -1, -1, 1)	6.09590541492943
2.6049378290154284	1054	(-1, -1, -1, -1, -1, -1, -1, -1, 1, -1, -1, -1, -1, -1, 1, 1, 1, 1, -1)	6.095905415064091
2.6049378290154284	1057	(-1, -1, -1, -1, -1, -1, -1, -1, 1, -1, -1, -1, -1, 1, -1, -1, -1, -1, 1)	6.0959054149783904
2.6049378290154284	1118	(-1, -1, -1, -1, -1, -1, -1, -1, 1, -1, -1, -1, 1, -1, 1, 1, 1, 1, -1)	6.095905415128403
2.6049378290154284	1121	(-1, -1, -1, -1, -1, -1, -1, -1, 1, -1, -1, -1, 1, 1, -1, -1, -1, -1, 1)	6.095905415031946
2.6049378290154284	1144	(-1, -1, -1, -1, -1, -1, -1, -1, 1, -1, -1, -1, 1, 1, 1, 1, -1, -1, -1)	6.095905415002597
2.6049378290154284	1145	(-1, -1, -1, -1, -1, -1, -1, -1, 1, -1, -1, -1, 1, 1, 1, 1, -1, -1, 1)	6.095905415002597
2.6049378290154284	1146	(-1, -1, -1, -1, -1, -1, -1, -1, 1, -1, -1, -1, 1, 1, 1, 1, -1, 1, -1)	6.095905415002597
2.6049378290154284	1147	(-1, -1, -1, -1, -1, -1, -1, -1, 1, -1, -1, -1, 1, 1, 1, 1, -1, 1, 1)	6.095905415002597
2.6049378290154284	1156	(-1, -1, -1, -1, -1, -1, -1, -1, 1, -1, -1, 1, -1, -1, -1, -1, 1, -1, -1)	6.095905415033665
2.6049378290154284	1157	(-1, -1, -1, -1, -1, -1, -1, -1, 1, -1, -1, 1, -1, -1, -1, -1, 1, -1, 1)	6.095905415033665
2.6049378290154284	1158	(-1, -1, -1, -1, -1, -1, -1, -1, 1, -1, -1, 1, -1, -1, -1, -1, 1, 1, -1)	6.095905415033665
2.6049378290154284	1159	(-1, -1, -1, -1, -1, -1, -1, -1, 1, -1, -1, 1, -1, -1, -1, -1, 1, 1, 1)	6.095905415033665
2.6049378290154284	1182	(-1, -1, -1, -1, -1, -1, -1, -1, 1, -1, -1, 1, -1, -1, 1, 1, 1, 1, -1)	6.095905415131185
2.6049378290154284	1185	(-1, -1, -1, -1, -1, -1, -1, -1, 1, -1, -1, 1, -1, 1, -1, -1, -1, -1, 1)	6.095905415055759
2.6049378290154284	1246	(-1, -1, -1, -1, -1, -1, -1, -1, 1, -1, -1, 1, 1, -1, 1, 1, 1, 1, -1)	6.095905415114021
2.6049378290154284	1249	(-1, -1, -1, -1, -1, -1, -1, -1, 1, -1, -1, 1, 1, 1, -1, -1, -1, -1, 1)	6.095905415038042
2.6049378290154284	1310	(-1, -1, -1, -1, -1, -1, -1, -1, 1, -1, 1, -1, -1, -1, 1, 1, 1, 1, -1)	6.095905415053316
2.6049378290154284	1313	(-1, -1, -1, -1, -1, -1, -1, -1, 1, -1, 1, -1, -1, 1, -1, -1, -1, -1, 1)	6.095905414938504
2.6049378290154284	1374	(-1, -1, -1, -1, -1, -1, -1, -1, 1, -1, 1, -1, 1, -1, 1, 1, 1, 1, -1)	6.095905415115294
2.6049378290154284	1377	(-1, -1, -1, -1, -1, -1, -1, -1, 1, -1, 1, -1, 1, 1, -1, -1, -1, -1, 1)	6.095905415047588
2.6049378290154284	1400	(-1, -1, -1, -1, -1, -1, -1, -1, 1, -1, 1, -1, 1, 1, 1, 1, -1, -1, -1)	6.095905415004322
2.6049378290154284	1401	(-1, -1, -1, -1, -1, -1, -1, -1, 1, -1, 1, -1, 1, 1, 1, 1, -1, -1, 1)	6.095905415004322
2.6049378290154284	1402	(-1, -1, -1, -1, -1, -1, -1, -1, 1, -1, 1, -1, 1, 1, 1, 1, -1, 1, -1)	6.095905415004322
2.6049378290154284	1403	(-1, -1, -1, -1, -1, -1, -1, -1, 1, -1, 1, -1, 1, 1, 1, 1, -1, 1, 1)	6.095905415004322
2.6049378290154284	1412	(-1, -1, -1, -1, -1, -1, -1, -1, 1, -1, 1, 1, -1, -1, -1, -1, 1, -1, -1)	6.095905415040077
2.6049378290154284	1413	(-1, -1, -1, -1, -1, -1, -1, -1, 1, -1, 1, 1, -1, -1, -1, -1, 1, -1, 1)	6.095905415040077
2.6049378290154284	1414	(-1, -1, -1, -1, -1, -1, -1, -1, 1, -1, 1, 1, -1, -1, -1, -1, 1, 1, -1)	6.095905415040077
2.6049378290154284	1415	(-1, -1, -1, -1, -1, -1, -1, -1, 1, -1, 1, 1, -1, -1, -1, -1, 1, 1, 1)	6.095905415040077
2.6049378290154284	1438	(-1, -1, -1, -1, -1, -1, -1, -1, 1, -1, 1, 1, -1, -1, 1, 1, 1, 1, -1)	6.095905415069083
2.6049378290154284	1441	(-1, -1, -1, -1, -1, -1, -1, -1, 1, -1, 1, 1, -1, 1, -1, -1, -1, -1, 1)	6.095905415000321
2.6049378290154284	1502	(-1, -1, -1, -1, -1, -1, -1, -1, 1, -1, 1, 1, 1, -1, 1, 1, 1, 1, -1)	6.095905415063663
2.6049378290154284	1504	(-1, -1, -1, -1, -1, -1, -1, -1, 1, -1, 1, 1, 1, 1, -1, -1, -1, -1, -1)	6.095905415199131
2.6049378290154284	1505	(-1, -1, -1, -1, -1, -1, -1, -1, 1, -1, 1, 1, 1, 1, -1, -1, -1, -1, 1)	6.095905415085911
2.6049378290154284	1506	(-1, -1, -1, -1, -1, -1, -1, -1, 1, -1, 1, 1, 1, 1, -1, -1, -1, 1, -1)	6.095905415199131
2.6049378290154284	1507	(-1, -1, -1, -1, -1, -1, -1, -1, 1, -1, 1, 1, 1, 1, -1, -1, -1, 1, 1)	6.095905415199131
2.6049378290154284	1508	(-1, -1, -1, -1, -1, -1, -1, -1, 1, -1, 1, 1, 1, 1, -1, -1, 1, -1, -1)	6.095905415199131
2.6049378290154284	1509	(-1, -1, -1, -1, -1, -1, -1, -1, 1, -1, 1, 1, 1, 1, -1, -1, 1, -1, 1)	6.095905415199131
2.6049378290154284	1510	(-1, -1, -1, -1, -1, -1, -1, -1, 1, -1, 1, 1, 1, 1, -1, -1, 1, 1, -1)	6.095905415199131
2.6049378290154284	1511	(-1, -1, -1, -1, -1, -1, -1, -1, 1, -1, 1, 1, 1, 1, -1, -1, 1, 1, 1)	6.095905415199131
2.6049378290154284	1512	(-1, -1, -1, -1, -1, -1, -1, -1, 1, -1, 1, 1, 1, 1, -1, 1, -1, -1, -1)	6.095905415199131
2.6049378290154284	1513	(-1, -1, -1, -1, -1, -1, -1, -1, 1, -1, 1, 1, 1, 1, -1, 1, -1, -1, 1)	6.095905415199131
2.6049378290154284	1514	(-1, -1, -1, -1, -1, -1, -1, -1, 1, -1, 1, 1, 1, 1, -1, 1, -1, 1, -1)	6.095905415199131
2.6049378290154284	1515	(-1, -1, -1, -1, -1, -1, -1, -1, 1, -1, 1, 1, 1, 1, -1, 1, -1, 1, 1)	6.095905415199131
2.6049378290154284	1516	(-1, -1, -1, -1, -1, -1, -1, -1, 1, -1, 1, 1, 1, 1, -1, 1, 1, -1, -1)	6.095905415199131
2.6049378290154284	1517	(-1, -1, -1, -1, -1, -1, -1, -1, 1, -1, 1, 1, 1, 1, -1, 1, 1, -1, 1)	6.095905415199131
2.6049378290154284	1518	(-1, -1, -1, -1, -1, -1, -1, -1, 1, -1, 1, 1, 1, 1, -1, 1, 1, 1, -1)	6.095905415199131
2.6049378290154284	1519	(-1, -1, -1, -1, -1, -1, -1, -1, 1, -1, 1, 1, 1, 1, -1, 1, 1, 1, 1)	6.095905415199131
2.6049378290154284	1552	(-1, -1, -1, -1, -1, -1, -1, -1, 1, 1, -1, -1, -1, -1, 1, -1, -1, -1, -1)	6.0959054151905905
2.6049378290154284	1553	(-1, -1, -1, -1, -1, -1, -1, -1, 1, 1, -1, -1, -1, -1, 1, -1, -1, -1, 1)	6.0959054151905905
2.6049378290154284	1554	(-1, -1, -1, -1, -1, -1, -1, -1, 1, 1, -1, -1, -1, -1, 1, -1, -1, 1, -1)	6.0959054151905905
2.6049378290154284	1555	(-1, -1, -1, -1, -1, -1, -1, -1, 1, 1, -1, -1, -1, -1, 1, -1, -1, 1, 1)	6.0959054151905905
2.6049378290154284	1556	(-1, -1, -1, -1, -1, -1, -1, -1, 1, 1, -1, -1, -1, -1, 1, -1, 1, -1, -1)	6.0959054151905905
2.6049378290154284	1557	(-1, -1, -1, -1, -1, -1, -1, -1, 1, 1, -1, -1, -1, -1, 1, -1, 1, -1, 1)	6.0959054151905905
2.6049378290154284	1558	(-1, -1, -1, -1, -1, -1, -1, -1, 1, 1, -1, -1, -1, -1, 1, -1, 1, 1, -1)	6.0959054151905905
2.6049378290154284	1559	(-1, -1, -1, -1, -1, -1, -1, -1, 1, 1, -1, -1, -1, -1, 1, -1, 1, 1, 1)	6.0959054151905905
2.6049378290154284	1560	(-1, -1, -1, -1, -1, -1, -1, -1, 1, 1, -1, -1, -1, -1, 1, 1, -1, -1, -1)	6.0959054151905905
2.6049378290154284	1561	(-1, -1, -1, -1, -1, -1, -1, -1, 1, 1, -1, -1, -1, -1, 1, 1, -1, -1, 1)	6.0959054151905905
2.6049378290154284	1562	(-1, -1, -1, -1, -1, -1, -1, -1, 1, 1, -1, -1, -1, -1, 1, 1, -1, 1, -1)	6.0959054151905905
2.6049378290154284	1563	(-1, -1, -1, -1, -1, -1, -1, -1, 1, 1, -1, -1, -1, -1, 1, 1, -1, 1, 1)	6.0959054151905905
2.6049378290154284	1564	(-1, -1, -1, -1, -1, -1, -1, -1, 1, 1, -1, -1, -1, -1, 1, 1, 1, -1, -1)	6.0959054151905905
2.6049378290154284	1565	(-1, -1, -1, -1, -1, -1, -1, -1, 1, 1, -1, -1, -1, -1, 1, 1, 1, -1, 1)	6.0959054151905905
2.6049378290154284	1566	(-1, -1, -1, -1, -1, -1, -1, -1, 1, 1, -1, -1, -1, -1, 1, 1, 1, 1, -1)	6.095905415138758
2.6049378290154284	1567	(-1, -1, -1, -1, -1, -1, -1, -1, 1, 1, -1, -1, -1, -1, 1, 1, 1, 1, 1)	6.0959054151905905
2.6049378290154284	1569	(-1, -1, -1, -1, -1, -1, -1, -1, 1, 1, -1, -1, -1, 1, -1, -1, -1, -1, 1)	6.095905414991032
2.6049378290154284	1599	(-1, -1, -1, -1, -1, -1, -1, -1, 1, 1, -1, -1, -1, 1, 1, 1, 1, 1, 1)	7.4434303225017455
2.6049378290154284	1630	(-1, -1, -1, -1, -1, -1, -1, -1, 1, 1, -1, -1, 1, -1, 1, 1, 1, 1, -1)	6.09590541508443
2.6049378290154284	1632	(-1, -1, -1, -1, -1, -1, -1, -1, 1, 1, -1, -1, 1, 1, -1, -1, -1, -1, -1)	6.73293434261712
2.6049378290154284	1633	(-1, -1, -1, -1, -1, -1, -1, -1, 1, 1, -1, -1, 1, 1, -1, -1, -1, -1, 1)	6.414419878817164
2.6049378290154284	1634	(-1, -1, -1, -1, -1, -1, -1, -1, 1, 1, -1, -1, 1, 1, -1, -1, -1, 1, -1)	6.73293434261712
2.6049378290154284	1635	(-1, -1, -1, -1, -1, -1, -1, -1, 1, 1, -1, -1, 1, 1, -1, -1, -1, 1, 1)	6.73293434261712
2.6049378290154284	1636	(-1, -1, -1, -1, -1, -1, -1, -1, 1, 1, -1, -1, 1, 1, -1, -1, 1, -1, -1)	6.73293434261712
2.6049378290154284	1637	(-1, -1, -1, -1, -1, -1, -1, -1, 1, 1, -1, -1, 1, 1, -1, -1, 1, -1, 1)	6.73293434261712
2.6049378290154284	1638	(-1, -1, -1, -1, -1, -1, -1, -1, 1, 1, -1, -1, 1, 1, -1, -1, 1, 1, -1)	6.73293434261712
2.6049378290154284	1639	(-1, -1, -1, -1, -1, -1, -1, -1, 1, 1, -1, -1, 1, 1, -1, -1, 1, 1, 1)	6.73293434261712
2.6049378290154284	1640	(-1, -1, -1, -1, -1, -1, -1, -1, 1, 1, -1, -1, 1, 1, -1, 1, -1, -1, -1)	6.73293434261712
2.6049378290154284	1641	(-1, -1, -1, -1, -1, -1, -1, -1, 1, 1, -1, -1, 1, 1, -1, 1, -1, -1, 1)	6.73293434261712
2.6049378290154284	1642	(-1, -1, -1, -1, -1, -1, -1, -1, 1, 1, -1, -1, 1, 1, -1, 1, -1, 1, -1)	6.73293434261712
2.6049378290154284	1643	(-1, -1, -1, -1, -1, -1, -1, -1, 1, 1, -1, -1, 1, 1, -1, 1, -1, 1, 1)	6.73293434261712
2.6049378290154284	1644	(-1, -1, -1, -1, -1, -1, -1, -1, 1, 1, -1, -1, 1, 1, -1, 1, 1, -1, -1)	6.73293434261712
2.6049378290154284	1645	(-1, -1, -1, -1, -1, -1, -1, -1, 1, 1, -1, -1, 1, 1, -1, 1, 1, -1, 1)	6.73293434261712
2.6049378290154284	1646	(-1, -1, -1, -1, -1, -1, -1, -1, 1, 1, -1, -1, 1, 1, -1, 1, 1, 1, -1)	6.73293434261712
2.6049378290154284	1647	(-1, -1, -1, -1, -1, -1, -1, -1, 1, 1, -1, -1, 1, 1, -1, 1, 1, 1, 1)	6.73293434261712
2.6049378290154284	1648	(-1, -1, -1, -1, -1, -1, -1, -1, 1, 1, -1, -1, 1, 1, 1, -1, -1, -1, -1)	6.73293434261712
2.6049378290154284	1649	(-1, -1, -1, -1, -1, -1, -1, -1, 1, 1, -1, -1, 1, 1, 1, -1, -1, -1, 1)	6.73293434261712
2.6049378290154284	1650	(-1, -1, -1, -1, -1, -1, -1, -1, 1, 1, -1, -1, 1, 1, 1, -1, -1, 1, -1)	6.73293434261712
2.6049378290154284	1651	(-1, -1, -1, -1, -1, -1, -1, -1, 1, 1, -1, -1, 1, 1, 1, -1, -1, 1, 1)	6.73293434261712
2.6049378290154284	1652	(-1, -1, -1, -1, -1, -1, -1, -1, 1, 1, -1, -1, 1, 1, 1, -1, 1, -1, -1)	6.73293434261712
2.6049378290154284	1653	(-1, -1, -1, -1, -1, -1, -1, -1, 1, 1, -1, -1, 1, 1, 1, -1, 1, -1, 1)	6.73293434261712
2.6049378290154284	1654	(-1, -1, -1, -1, -1, -1, -1, -1, 1, 1, -1, -1, 1, 1, 1, -1, 1, 1, -1)	6.73293434261712
2.6049378290154284	1655	(-1, -1, -1, -1, -1, -1, -1, -1, 1, 1, -1, -1, 1, 1, 1, -1, 1, 1, 1)	6.73293434261712
2.6049378290154284	1656	(-1, -1, -1, -1, -1, -1, -1, -1, 1, 1, -1, -1, 1, 1, 1, 1, -1, -1, -1)	6.414419878784559
2.6049378290154284	1657	(-1, -1, -1, -1, -1, -1, -1, -1, 1, 1, -1, -1, 1, 1, 1, 1, -1, -1, 1)	6.414419878784559
2.6049378290154284	1658	(-1, -1, -1, -1, -1, -1, -1, -1, 1, 1, -1, -1, 1, 1, 1, 1, -1, 1, -1)	6.414419878784559
2.6049378290154284	1659	(-1, -1, -1, -1, -1, -1, -1, -1, 1, 1, -1, -1, 1, 1, 1, 1, -1, 1, 1)	6.414419878784559
2.6049378290154284	1660	(-1, -1, -1, -1, -1, -1, -1, -1, 1, 1, -1, -1, 1, 1, 1, 1, 1, -1, -1)	6.73293434261712
2.6049378290154284	1661	(-1, -1, -1, -1, -1, -1, -1, -1, 1, 1, -1, -1, 1, 1, 1, 1, 1, -1, 1)	6.73293434261712
2.6049378290154284	1662	(-1, -1, -1, -1, -1, -1, -1, -1, 1, 1, -1, -1, 1, 1, 1, 1, 1, 1, -1)	6.73293434261712
2.6049378290154284	1663	(-1, -1, -1, -1, -1, -1, -1, -1, 1, 1, -1, -1, 1, 1, 1, 1, 1, 1, 1)	6.7329343425532535
2.6049378290154284	1668	(-1, -1, -1, -1, -1, -1, -1, -1, 1, 1, -1, 1, -1, -1, -1, -1, 1, -1, -1)	6.095905414968275
2.6049378290154284	1669	(-1, -1, -1, -1, -1, -1, -1, -1, 1, 1, -1, 1, -1, -1, -1, -1, 1, -1, 1)	6.095905414968275
2.6049378290154284	1670	(-1, -1, -1, -1, -1, -1, -1, -1, 1, 1, -1, 1, -1, -1, -1, -1, 1, 1, -1)	6.095905414968275
2.6049378290154284	1671	(-1, -1, -1, -1, -1, -1, -1, -1, 1, 1, -1, 1, -1, -1, -1, -1, 1, 1, 1)	6.095905414968275
2.6049378290154284	1694	(-1, -1, -1, -1, -1, -1, -1, -1, 1, 1, -1, 1, -1, -1, 1, 1, 1, 1, -1)	6.095905415108584
2.6049378290154284	1697	(-1, -1, -1, -1, -1, -1, -1, -1, 1, 1, -1, 1, -1, 1, -1, -1, -1, -1, 1)	6.095905415041516
2.6049378290154284	1758	(-1, -1, -1, -1, -1, -1, -1, -1, 1, 1, -1, 1, 1, -1, 1, 1, 1, 1, -1)	6.095905415037487
2.6049378290154284	1761	(-1, -1, -1, -1, -1, -1, -1, -1, 1, 1, -1, 1, 1, 1, -1, -1, -1, -1, 1)	6.095905414990944
2.6049378290154284	1822	(-1, -1, -1, -1, -1, -1, -1, -1, 1, 1, 1, -1, -1, -1, 1, 1, 1, 1, -1)	6.095905415102243
2.6049378290154284	1825	(-1, -1, -1, -1, -1, -1, -1, -1, 1, 1, 1, -1, -1, 1, -1, -1, -1, -1, 1)	6.095905415032299
2.6049378290154284	1886	(-1, -1, -1, -1, -1, -1, -1, -1, 1, 1, 1, -1, 1, -1, 1, 1, 1, 1, -1)	6.095905415107283
2.6049378290154284	1889	(-1, -1, -1, -1, -1, -1, -1, -1, 1, 1, 1, -1, 1, 1, -1, -1, -1, -1, 1)	6.095905415033164
2.6049378290154284	1912	(-1, -1, -1, -1, -1, -1, -1, -1, 1, 1, 1, -1, 1, 1, 1, 1, -1, -1, -1)	6.095905414914202
2.6049378290154284	1913	(-1, -1, -1, -1, -1, -1, -1, -1, 1, 1, 1, -1, 1, 1, 1, 1, -1, -1, 1)	6.095905414914202
2.6049378290154284	1914	(-1, -1, -1, -1, -1, -1, -1, -1, 1, 1, 1, -1, 1, 1, 1, 1, -1, 1, -1)	6.095905414914202
2.6049378290154284	1915	(-1, -1, -1, -1, -1, -1, -1, -1, 1, 1, 1, -1, 1, 1, 1, 1, -1, 1, 1)	6.095905414914202
2.6049378290154284	1920	(-1, -1, -1, -1, -1, -1, -1, -1, 1, 1, 1, 1, -1, -1, -1, -1, -1, -1, -1)	6.0959054151770635
2.6049378290154284	1921	(-1, -1, -1, -1, -1, -1, -1, -1, 1, 1, 1, 1, -1, -1, -1, -1, -1, -1, 1)	6.0959054151770635
2.6049378290154284	1922	(-1, -1, -1, -1, -1, -1, -1, -1, 1, 1, 1, 1, -1, -1, -1, -1, -1, 1, -1)	6.0959054151770635
2.6049378290154284	1923	(-1, -1, -1, -1, -1, -1, -1, -1, 1, 1, 1, 1, -1, -1, -1, -1, -1, 1, 1)	6.0959054151770635
2.6049378290154284	1924	(-1, -1, -1, -1, -1, -1, -1, -1, 1, 1, 1, 1, -1, -1, -1, -1, 1, -1, -1)	6.095905415058757
2.6049378290154284	1925	(-1, -1, -1, -1, -1, -1, -1, -1, 1, 1, 1, 1, -1, -1, -1, -1, 1, -1, 1)	6.095905415058757
2.6049378290154284	1926	(-1, -1, -1, -1, -1, -1, -1, -1, 1, 1, 1, 1, -1, -1, -1, -1, 1, 1, -1)	6.095905415058757
2.6049378290154284	1927	(-1, -1, -1, -1, -1, -1, -1, -1, 1, 1, 1, 1, -1, -1, -1, -1, 1, 1, 1)	6.095905415058757
2.6049378290154284	1928	(-1, -1, -1, -1, -1, -1, -1, -1, 1, 1, 1, 1, -1, -1, -1, 1, -1, -1, -1)	6.0959054151770635
2.6049378290154284	1929	(-1, -1, -1, -1, -1, -1, -1, -1, 1, 1, 1, 1, -1, -1, -1, 1, -1, -1, 1)	6.0959054151770635
2.6049378290154284	1930	(-1, -1, -1, -1, -1, -1, -1, -1, 1, 1, 1, 1, -1, -1, -1, 1, -1, 1, -1)	6.0959054151770635
2.6049378290154284	1931	(-1, -1, -1, -1, -1, -1, -1, -1, 1, 1, 1, 1, -1, -1, -1, 1, -1, 1, 1)	6.0959054151770635
2.6049378290154284	1932	(-1, -1, -1, -1, -1, -1, -1, -1, 1, 1, 1, 1, -1, -1, -1, 1, 1, -1, -1)	6.0959054151770635
2.6049378290154284	1933	(-1, -1, -1, -1, -1, -1, -1, -1, 1, 1, 1, 1, -1, -1, -1, 1, 1, -1, 1)	6.0959054151770635
2.6049378290154284	1934	(-1, -1, -1, -1, -1, -1, -1, -1, 1, 1, 1, 1, -1, -1, -1, 1, 1, 1, -1)	6.0959054151770635
2.6049378290154284	1935	(-1, -1, -1, -1, -1, -1, -1, -1, 1, 1, 1, 1, -1, -1, -1, 1, 1, 1, 1)	6.0959054151770635
2.6049378290154284	1936	(-1, -1, -1, -1, -1, -1, -1, -1, 1, 1, 1, 1, -1, -1, 1, -1, -1, -1, -1)	6.0959054151770635
2.6049378290154284	1937	(-1, -1, -1, -1, -1, -1, -1, -1, 1, 1, 1, 1, -1, -1, 1, -1, -1, -1, 1)	6.0959054151770635
2.6049378290154284	1938	(-1, -1, -1, -1, -1, -1, -1, -1, 1, 1, 1, 1, -1, -1, 1, -1, -1, 1, -1)	6.0959054151770635
2.6049378290154284	1939	(-1, -1, -1, -1, -1, -1, -1, -1, 1, 1, 1, 1, -1, -1, 1, -1, -1, 1, 1)	6.0959054151770635
2.6049378290154284	1940	(-1, -1, -1, -1, -1, -1, -1, -1, 1, 1, 1, 1, -1, -1, 1, -1, 1, -1, -1)	6.0959054151770635
2.6049378290154284	1941	(-1, -1, -1, -1, -1, -1, -1, -1, 1, 1, 1, 1, -1, -1, 1, -1, 1, -1, 1)	6.0959054151770635
2.6049378290154284	1942	(-1, -1, -1, -1, -1, -1, -1, -1, 1, 1, 1, 1, -1, -1, 1, -1, 1, 1, -1)	6.0959054151770635
2.6049378290154284	1943	(-1, -1, -1, -1, -1, -1, -1, -1, 1, 1, 1, 1, -1, -1, 1, -1, 1, 1, 1)	6.0959054151770635
2.6049378290154284	1944	(-1, -1, -1, -1, -1, -1, -1, -1, 1, 1, 1, 1, -1, -1, 1, 1, -1, -1, -1)	6.0959054151770635
2.6049378290154284	1945	(-1, -1, -1, -1, -1, -1, -1, -1, 1, 1, 1, 1, -1, -1, 1, 1, -1, -1, 1)	6.0959054151770635
2.6049378290154284	1946	(-1, -1, -1, -1, -1, -1, -1, -1, 1, 1, 1, 1, -1, -1, 1, 1, -1, 1, -1)	6.0959054151770635
2.6049378290154284	1947	(-1, -1, -1, -1, -1, -1, -1, -1, 1, 1, 1, 1, -1, -1, 1, 1, -1, 1, 1)	6.0959054151770635
2.6049378290154284	1948	(-1, -1, -1, -1, -1, -1, -1, -1, 1, 1, 1, 1, -1, -1, 1, 1, 1, -1, -1)	6.0959054151770635
2.6049378290154284	1949	(-1, -1, -1, -1, -1, -1, -1, -1, 1, 1, 1, 1, -1, -1, 1, 1, 1, -1, 1)	6.0959054151770635
2.6049378290154284	1950	(-1, -1, -1, -1, -1, -1, -1, -1, 1, 1, 1, 1, -1, -1, 1, 1, 1, 1, -1)	6.095905415148006
2.6049378290154284	1951	(-1, -1, -1, -1, -1, -1, -1, -1, 1, 1, 1, 1, -1, -1, 1, 1, 1, 1, 1)	6.0959054151770635
2.6049378290154284	1952	(-1, -1, -1, -1, -1, -1, -1, -1, 1, 1, 1, 1, -1, 1, -1, -1, -1, -1, -1)	6.0959054151770635
2.6049378290154284	1953	(-1, -1, -1, -1, -1, -1, -1, -1, 1, 1, 1, 1, -1, 1, -1, -1, -1, -1, 1)	6.0959054151021945
2.6049378290154284	1954	(-1, -1, -1, -1, -1, -1, -1, -1, 1, 1, 1, 1, -1, 1, -1, -1, -1, 1, -1)	6.0959054151770635
2.6049378290154284	1955	(-1, -1, -1, -1, -1, -1, -1, -1, 1, 1, 1, 1, -1, 1, -1, -1, -1, 1, 1)	6.0959054151770635
2.6049378290154284	1956	(-1, -1, -1, -1, -1, -1, -1, -1, 1, 1, 1, 1, -1, 1, -1, -1, 1, -1, -1)	6.0959054151770635
2.6049378290154284	1957	(-1, -1, -1, -1, -1, -1, -1, -1, 1, 1, 1, 1, -1, 1, -1, -1, 1, -1, 1)	6.0959054151770635
2.6049378290154284	1958	(-1, -1, -1, -1, -1, -1, -1, -1, 1, 1, 1, 1, -1, 1, -1, -1, 1, 1, -1)	6.0959054151770635
2.6049378290154284	1959	(-1, -1, -1, -1, -1, -1, -1, -1, 1, 1, 1, 1, -1, 1, -1, -1, 1, 1, 1)	6.0959054151770635
2.6049378290154284	1960	(-1, -1, -1, -1, -1, -1, -1, -1, 1, 1, 1, 1, -1, 1, -1, 1, -1, -1, -1)	6.0959054151770635
2.6049378290154284	1961	(-1, -1, -1, -1, -1, -1, -1, -1, 1, 1, 1, 1, -1, 1, -1, 1, -1, -1, 1)	6.0959054151770635
2.6049378290154284	1962	(-1, -1, -1, -1, -1, -1, -1, -1, 1, 1, 1, 1, -1, 1, -1, 1, -1, 1, -1)	6.0959054151770635
2.6049378290154284	1963	(-1, -1, -1, -1, -1, -1, -1, -1, 1, 1, 1, 1, -1, 1, -1, 1, -1, 1, 1)	6.0959054151770635
2.6049378290154284	1964	(-1, -1, -1, -1, -1, -1, -1, -1, 1, 1, 1, 1, -1, 1, -1, 1, 1, -1, -1)	6.0959054151770635
2.6049378290154284	1965	(-1, -1, -1, -1, -1, -1, -1, -1, 1, 1, 1, 1, -1, 1, -1, 1, 1, -1, 1)	6.0959054151770635
2.6049378290154284	1966	(-1, -1, -1, -1, -1, -1, -1, -1, 1, 1, 1, 1, -1, 1, -1, 1, 1, 1, -1)	6.0959054151770635
2.6049378290154284	1967	(-1, -1, -1, -1, -1, -1, -1, -1, 1, 1, 1, 1, -1, 1, -1, 1, 1, 1, 1)	6.0959054151770635
2.6049378290154284	1968	(-1, -1, -1, -1, -1, -1, -1, -1, 1, 1, 1, 1, -1, 1, 1, -1, -1, -1, -1)	6.0959054151770635
2.6049378290154284	1969	(-1, -1, -1, -1, -1, -1, -1, -1, 1, 1, 1, 1, -1, 1, 1, -1, -1, -1, 1)	6.0959054151770635
2.6049378290154284	1970	(-1, -1, -1, -1, -1, -1, -1, -1, 1, 1, 1, 1, -1, 1, 1, -1, -1, 1, -1)	6.0959054151770635
2.6049378290154284	1971	(-1, -1, -1, -1, -1, -1, -1, -1, 1, 1, 1, 1, -1, 1, 1, -1, -1, 1, 1)	6.0959054151770635
2.6049378290154284	1972	(-1, -1, -1, -1, -1, -1, -1, -1, 1, 1, 1, 1, -1, 1, 1, -1, 1, -1, -1)	6.0959054151770635
2.6049378290154284	1973	(-1, -1, -1, -1, -1, -1, -1, -1, 1, 1, 1, 1, -1, 1, 1, -1, 1, -1, 1)	6.0959054151770635
2.6049378290154284	1974	(-1, -1, -1, -1, -1, -1, -1, -1, 1, 1, 1, 1, -1, 1, 1, -1, 1, 1, -1)	6.0959054151770635
2.6049378290154284	1975	(-1, -1, -1, -1, -1, -1, -1, -1, 1, 1, 1, 1, -1, 1, 1, -1, 1, 1, 1)	6.0959054151770635
2.6049378290154284	1976	(-1, -1, -1, -1, -1, -1, -1, -1, 1, 1, 1, 1, -1, 1, 1, 1, -1, -1, -1)	6.0959054151770635
2.6049378290154284	1977	(-1, -1, -1, -1, -1, -1, -1, -1, 1, 1, 1, 1, -1, 1, 1, 1, -1, -1, 1)	6.0959054151770635
2.6049378290154284	1978	(-1, -1, -1, -1, -1, -1, -1, -1, 1, 1, 1, 1, -1, 1, 1, 1, -1, 1, -1)	6.0959054151770635
2.6049378290154284	1979	(-1, -1, -1, -1, -1, -1, -1, -1, 1, 1, 1, 1, -1, 1, 1, 1, -1, 1, 1)	6.0959054151770635
2.6049378290154284	1980	(-1, -1, -1, -1, -1, -1, -1, -1, 1, 1, 1, 1, -1, 1, 1, 1, 1, -1, -1)	6.0959054151770635
2.6049378290154284	1981	(-1, -1, -1, -1, -1, -1, -1, -1, 1, 1, 1, 1, -1, 1, 1, 1, 1, -1, 1)	6.0959054151770635
2.6049378290154284	1982	(-1, -1, -1, -1, -1, -1, -1, -1, 1, 1, 1, 1, -1, 1, 1, 1, 1, 1, -1)	6.0959054151770635
2.6049378290154284	1983	(-1, -1, -1, -1, -1, -1, -1, -1, 1, 1, 1, 1, -1, 1, 1, 1, 1, 1, 1)	6.0959054151770635
2.6049378290154284	2014	(-1, -1, -1, -1, -1, -1, -1, -1, 1, 1, 1, 1, 1, -1, 1, 1, 1, 1, -1)	6.095905415082194
2.6049378290154284	2017	(-1, -1, -1, -1, -1, -1, -1, -1, 1, 1, 1, 1, 1, 1, -1, -1, -1, -1, 1)	6.095905415035257
2.6049378290154284	2078	(-1, -1, -1, -1, -1, -1, -1, 1, -1, -1, -1, -1, -1, -1, 1, 1, 1, 1, -1)	6.095905414853982
2.6049378290154284	2081	(-1, -1, -1, -1, -1, -1, -1, 1, -1, -1, -1, -1, -1, 1, -1, -1, -1, -1, 1)	6.0959054147563325
2.6049378290154284	2112	(-1, -1, -1, -1, -1, -1, -1, 1, -1, -1, -1, -1, 1, -1, -1, -1, -1, -1, -1)	6.095905415122723
2.6049378290154284	2113	(-1, -1, -1, -1, -1, -1, -1, 1, -1, -1, -1, -1, 1, -1, -1, -1, -1, -1, 1)	6.095905415122723
2.6049378290154284	2114	(-1, -1, -1, -1, -1, -1, -1, 1, -1, -1, -1, -1, 1, -1, -1, -1, -1, 1, -1)	6.095905415122723
2.6049378290154284	2115	(-1, -1, -1, -1, -1, -1, -1, 1, -1, -1, -1, -1, 1, -1, -1, -1, -1, 1, 1)	6.095905415122723
2.6049378290154284	2116	(-1, -1, -1, -1, -1, -1, -1, 1, -1, -1, -1, -1, 1, -1, -1, -1, 1, -1, -1)	6.095905415122723
2.6049378290154284	2117	(-1, -1, -1, -1, -1, -1, -1, 1, -1, -1, -1, -1, 1, -1, -1, -1, 1, -1, 1)	6.095905415122723
2.6049378290154284	2118	(-1, -1, -1, -1, -1, -1, -1, 1, -1, -1, -1, -1, 1, -1, -1, -1, 1, 1, -1)	6.095905415122723
2.6049378290154284	2119	(-1, -1, -1, -1, -1, -1, -1, 1, -1, -1, -1, -1, 1, -1, -1, -1, 1, 1, 1)	6.095905415122723
2.6049378290154284	2120	(-1, -1, -1, -1, -1, -1, -1, 1, -1, -1, -1, -1, 1, -1, -1, 1, -1, -1, -1)	6.095905415122723
2.6049378290154284	2121	(-1, -1, -1, -1, -1, -1, -1, 1, -1, -1, -1, -1, 1, -1, -1, 1, -1, -1, 1)	6.095905415122723
2.6049378290154284	2122	(-1, -1, -1, -1, -1, -1, -1, 1, -1, -1, -1, -1, 1, -1, -1, 1, -1, 1, -1)	6.095905415122723
2.6049378290154284	2123	(-1, -1, -1, -1, -1, -1, -1, 1, -1, -1, -1, -1, 1, -1, -1, 1, -1, 1, 1)	6.095905415122723
2.6049378290154284	2124	(-1, -1, -1, -1, -1, -1, -1, 1, -1, -1, -1, -1, 1, -1, -1, 1, 1, -1, -1)	6.095905415122723
2.6049378290154284	2125	(-1, -1, -1, -1, -1, -1, -1, 1, -1, -1, -1, -1, 1, -1, -1, 1, 1, -1, 1)	6.095905415122723
2.6049378290154284	2126	(-1, -1, -1, -1, -1, -1, -1, 1, -1, -1, -1, -1, 1, -1, -1, 1, 1, 1, -1)	6.095905415122723
2.6049378290154284	2127	(-1, -1, -1, -1, -1, -1, -1, 1, -1, -1, -1, -1, 1, -1, -1, 1, 1, 1, 1)	6.095905415122723
2.6049378290154284	2128	(-1, -1, -1, -1, -1, -1, -1, 1, -1, -1, -1, -1, 1, -1, 1, -1, -1, -1, -1)	6.095905415122723
2.6049378290154284	2129	(-1, -1, -1, -1, -1, -1, -1, 1, -1, -1, -1, -1, 1, -1, 1, -1, -1, -1, 1)	6.095905415122723
2.6049378290154284	2130	(-1, -1, -1, -1, -1, -1, -1, 1, -1, -1, -1, -1, 1, -1, 1, -1, -1, 1, -1)	6.095905415122723
2.6049378290154284	2131	(-1, -1, -1, -1, -1, -1, -1, 1, -1, -1, -1, -1, 1, -1, 1, -1, -1, 1, 1)	6.095905415122723
2.6049378290154284	2132	(-1, -1, -1, -1, -1, -1, -1, 1, -1, -1, -1, -1, 1, -1, 1, -1, 1, -1, -1)	6.095905415122723
2.6049378290154284	2133	(-1, -1, -1, -1, -1, -1, -1, 1, -1, -1, -1, -1, 1, -1, 1, -1, 1, -1, 1)	6.095905415122723
2.6049378290154284	2134	(-1, -1, -1, -1, -1, -1, -1, 1, -1, -1, -1, -1, 1, -1, 1, -1, 1, 1, -1)	6.095905415122723
2.6049378290154284	2135	(-1, -1, -1, -1, -1, -1, -1, 1, -1, -1, -1, -1, 1, -1, 1, -1, 1, 1, 1)	6.095905415122723
2.6049378290154284	2136	(-1, -1, -1, -1, -1, -1, -1, 1, -1, -1, -1, -1, 1, -1, 1, 1, -1, -1, -1)	6.095905415122723
2.6049378290154284	2137	(-1, -1, -1, -1, -1, -1, -1, 1, -1, -1, -1, -1, 1, -1, 1, 1, -1, -1, 1)	6.095905415122723
2.6049378290154284	2138	(-1, -1, -1, -1, -1, -1, -1, 1, -1, -1, -1, -1, 1, -1, 1, 1, -1, 1, -1)	6.095905415122723
2.6049378290154284	2139	(-1, -1, -1, -1, -1, -1, -1, 1, -1, -1, -1, -1, 1, -1, 1, 1, -1, 1, 1)	6.095905415122723
2.6049378290154284	2140	(-1, -1, -1, -1, -1, -1, -1, 1, -1, -1, -1, -1, 1, -1, 1, 1, 1, -1, -1)	6.095905415122723
2.6049378290154284	2141	(-1, -1, -1, -1, -1, -1, -1, 1, -1, -1, -1, -1, 1, -1, 1, 1, 1, -1, 1)	6.095905415122723
2.6049378290154284	2142	(-1, -1, -1, -1, -1, -1, -1, 1, -1, -1, -1, -1, 1, -1, 1, 1, 1, 1, -1)	6.095905414993616
2.6049378290154284	2143	(-1, -1, -1, -1, -1, -1, -1, 1, -1, -1, -1, -1, 1, -1, 1, 1, 1, 1, 1)	6.095905415122723
2.6049378290154284	2144	(-1, -1, -1, -1, -1, -1, -1, 1, -1, -1, -1, -1, 1, 1, -1, -1, -1, -1, -1)	6.095905415122723
2.6049378290154284	2145	(-1, -1, -1, -1, -1, -1, -1, 1, -1, -1, -1, -1, 1, 1, -1, -1, -1, -1, 1)	6.095905414964813
2.6049378290154284	2146	(-1, -1, -1, -1, -1, -1, -1, 1, -1, -1, -1, -1, 1, 1, -1, -1, -1, 1, -1)	6.095905415122723
2.6049378290154284	2147	(-1, -1, -1, -1, -1, -1, -1, 1, -1, -1, -1, -1, 1, 1, -1, -1, -1, 1, 1)	6.095905415122723
2.6049378290154284	2148	(-1, -1, -1, -1, -1, -1, -1, 1, -1, -1, -1, -1, 1, 1, -1, -1, 1, -1, -1)	6.095905415122723
2.6049378290154284	2149	(-1, -1, -1, -1, -1, -1, -1, 1, -1, -1, -1, -1, 1, 1, -1, -1, 1, -1, 1)	6.095905415122723
2.6049378290154284	2150	(-1, -1, -1, -1, -1, -1, -1, 1, -1, -1, -1, -1, 1, 1, -1, -1, 1, 1, -1)	6.095905415122723
2.6049378290154284	2151	(-1, -1, -1, -1, -1, -1, -1, 1, -1, -1, -1, -1, 1, 1, -1, -1, 1, 1, 1)	6.095905415122723
2.6049378290154284	2152	(-1, -1, -1, -1, -1, -1, -1, 1, -1, -1, -1, -1, 1, 1, -1, 1, -1, -1, -1)	6.095905415122723
2.6049378290154284	2153	(-1, -1, -1, -1, -1, -1, -1, 1, -1, -1, -1, -1, 1, 1, -1, 1, -1, -1, 1)	6.095905415122723
2.6049378290154284	2154	(-1, -1, -1, -1, -1, -1, -1, 1, -1, -1, -1, -1, 1, 1, -1, 1, -1, 1, -1)	6.095905415122723
2.6049378290154284	2155	(-1, -1, -1, -1, -1, -1, -1, 1, -1, -1, -1, -1, 1, 1, -1, 1, -1, 1, 1)	6.095905415122723
2.6049378290154284	2156	(-1, -1, -1, -1, -1, -1, -1, 1, -1, -1, -1, -1, 1, 1, -1, 1, 1, -1, -1)	6.095905415122723
2.6049378290154284	2157	(-1, -1, -1, -1, -1, -1, -1, 1, -1, -1, -1, -1, 1, 1, -1, 1, 1, -1, 1)	6.095905415122723
2.6049378290154284	2158	(-1, -1, -1, -1, -1, -1, -1, 1, -1, -1, -1, -1, 1, 1, -1, 1, 1, 1, -1)	6.095905415122723
2.6049378290154284	2159	(-1, -1, -1, -1, -1, -1, -1, 1, -1, -1, -1, -1, 1, 1, -1, 1, 1, 1, 1)	6.095905415122723
2.6049378290154284	2160	(-1, -1, -1, -1, -1, -1, -1, 1, -1, -1, -1, -1, 1, 1, 1, -1, -1, -1, -1)	6.095905415122723
2.6049378290154284	2161	(-1, -1, -1, -1, -1, -1, -1, 1, -1, -1, -1, -1, 1, 1, 1, -1, -1, -1, 1)	6.095905415122723
2.6049378290154284	2162	(-1, -1, -1, -1, -1, -1, -1, 1, -1, -1, -1, -1, 1, 1, 1, -1, -1, 1, -1)	6.095905415122723
2.6049378290154284	2163	(-1, -1, -1, -1, -1, -1, -1, 1, -1, -1, -1, -1, 1, 1, 1, -1, -1, 1, 1)	6.095905415122723
2.6049378290154284	2164	(-1, -1, -1, -1, -1, -1, -1, 1, -1, -1, -1, -1, 1, 1, 1, -1, 1, -1, -1)	6.095905415122723
2.6049378290154284	2165	(-1, -1, -1, -1, -1, -1, -1, 1, -1, -1, -1, -1, 1, 1, 1, -1, 1, -1, 1)	6.095905415122723
2.6049378290154284	2166	(-1, -1, -1, -1, -1, -1, -1, 1, -1, -1, -1, -1, 1, 1, 1, -1, 1, 1, -1)	6.095905415122723
2.6049378290154284	2167	(-1, -1, -1, -1, -1, -1, -1, 1, -1, -1, -1, -1, 1, 1, 1, -1, 1, 1, 1)	6.095905415122723
2.6049378290154284	2168	(-1, -1, -1, -1, -1, -1, -1, 1, -1, -1, -1, -1, 1, 1, 1, 1, -1, -1, -1)	6.095905414938162
2.6049378290154284	2169	(-1, -1, -1, -1, -1, -1, -1, 1, -1, -1, -1, -1, 1, 1, 1, 1, -1, -1, 1)	6.095905414938162
2.6049378290154284	2170	(-1, -1, -1, -1, -1, -1, -1, 1, -1, -1, -1, -1, 1, 1, 1, 1, -1, 1, -1)	6.095905414938162
2.6049378290154284	2171	(-1, -1, -1, -1, -1, -1, -1, 1, -1, -1, -1, -1, 1, 1, 1, 1, -1, 1, 1)	6.095905414938162
2.6049378290154284	2172	(-1, -1, -1, -1, -1, -1, -1, 1, -1, -1, -1, -1, 1, 1, 1, 1, 1, -1, -1)	6.095905415122723
2.6049378290154284	2173	(-1, -1, -1, -1, -1, -1, -1, 1, -1, -1, -1, -1, 1, 1, 1, 1, 1, -1, 1)	6.095905415122723
2.6049378290154284	2174	(-1, -1, -1, -1, -1, -1, -1, 1, -1, -1, -1, -1, 1, 1, 1, 1, 1, 1, -1)	6.095905415122723
2.6049378290154284	2175	(-1, -1, -1, -1, -1, -1, -1, 1, -1, -1, -1, -1, 1, 1, 1, 1, 1, 1, 1)	6.095905415122723
2.6049378290154284	2180	(-1, -1, -1, -1, -1, -1, -1, 1, -1, -1, -1, 1, -1, -1, -1, -1, 1, -1, -1)	6.095905414813784
2.6049378290154284	2181	(-1, -1, -1, -1, -1, -1, -1, 1, -1, -1, -1, 1, -1, -1, -1, -1, 1, -1, 1)	6.095905414813784
2.6049378290154284	2182	(-1, -1, -1, -1, -1, -1, -1, 1, -1, -1, -1, 1, -1, -1, -1, -1, 1, 1, -1)	6.095905414813784
2.6049378290154284	2183	(-1, -1, -1, -1, -1, -1, -1, 1, -1, -1, -1, 1, -1, -1, -1, -1, 1, 1, 1)	6.095905414813784
2.6049378290154284	2206	(-1, -1, -1, -1, -1, -1, -1, 1, -1, -1, -1, 1, -1, -1, 1, 1, 1, 1, -1)	6.095905414877892
2.6049378290154284	2209	(-1, -1, -1, -1, -1, -1, -1, 1, -1, -1, -1, 1, -1, 1, -1, -1, -1, -1, 1)	6.09590541481658
2.6049378290154284	2270	(-1, -1, -1, -1, -1, -1, -1, 1, -1, -1, -1, 1, 1, -1, 1, 1, 1, 1, -1)	6.095905414882677
2.6049378290154284	2273	(-1, -1, -1, -1, -1, -1, -1, 1, -1, -1, -1, 1, 1, 1, -1, -1, -1, -1, 1)	6.095905414812615
2.6049378290154284	2334	(-1, -1, -1, -1, -1, -1, -1, 1, -1, -1, 1, -1, -1, -1, 1, 1, 1, 1, -1)	6.095905414912601
2.6049378290154284	2337	(-1, -1, -1, -1, -1, -1, -1, 1, -1, -1, 1, -1, -1, 1, -1, -1, -1, -1, 1)	6.095905414823604
2.6049378290154284	2398	(-1, -1, -1, -1, -1, -1, -1, 1, -1, -1, 1, -1, 1, -1, 1, 1, 1, 1, -1)	6.0959054149359515
2.6049378290154284	2401	(-1, -1, -1, -1, -1, -1, -1, 1, -1, -1, 1, -1, 1, 1, -1, -1, -1, -1, 1)	6.0959054148707015
2.6049378290154284	2424	(-1, -1, -1, -1, -1, -1, -1, 1, -1, -1, 1, -1, 1, 1, 1, 1, -1, -1, -1)	6.095905414750117
2.6049378290154284	2425	(-1, -1, -1, -1, -1, -1, -1, 1, -1, -1, 1, -1, 1, 1, 1, 1, -1, -1, 1)	6.095905414750117
2.6049378290154284	2426	(-1, -1, -1, -1, -1, -1, -1, 1, -1, -1, 1, -1, 1, 1, 1, 1, -1, 1, -1)	6.095905414750117
2.6049378290154284	2427	(-1, -1, -1, -1, -1, -1, -1, 1, -1, -1, 1, -1, 1, 1, 1, 1, -1, 1, 1)	6.095905414750117
2.6049378290154284	2436	(-1, -1, -1, -1, -1, -1, -1, 1, -1, -1, 1, 1, -1, -1, -1, -1, 1, -1, -1)	6.095905414800674
2.6049378290154284	2437	(-1, -1, -1, -1, -1, -1, -1, 1, -1, -1, 1, 1, -1, -1, -1, -1, 1, -1, 1)	6.095905414800674
2.6049378290154284	2438	(-1, -1, -1, -1, -1, -1, -1, 1, -1, -1, 1, 1, -1, -1, -1, -1, 1, 1, -1)	6.095905414800674
2.6049378290154284	2439	(-1, -1, -1, -1, -1, -1, -1, 1, -1, -1, 1, 1, -1, -1, -1, -1, 1, 1, 1)	6.095905414800674
2.6049378290154284	2462	(-1, -1, -1, -1, -1, -1, -1, 1, -1, -1, 1, 1, -1, -1, 1, 1, 1, 1, -1)	6.095905414893785
2.6049378290154284	2465	(-1, -1, -1, -1, -1, -1, -1, 1, -1, -1, 1, 1, -1, 1, -1, -1, -1, -1, 1)	6.095905414812472
2.6049378290154284	2526	(-1, -1, -1, -1, -1, -1, -1, 1, -1, -1, 1, 1, 1, -1, 1, 1, 1, 1, -1)	6.095905414861654
2.6049378290154284	2528	(-1, -1, -1, -1, -1, -1, -1, 1, -1, -1, 1, 1, 1, 1, -1, -1, -1, -1, -1)	6.095905415074273
2.6049378290154284	2529	(-1, -1, -1, -1, -1, -1, -1, 1, -1, -1, 1, 1, 1, 1, -1, -1, -1, -1, 1)	6.095905414928032
2.6049378290154284	2530	(-1, -1, -1, -1, -1, -1, -1, 1, -1, -1, 1, 1, 1, 1, -1, -1, -1, 1, -1)	6.095905415074273
2.6049378290154284	2531	(-1, -1, -1, -1, -1, -1, -1, 1, -1, -1, 1, 1, 1, 1, -1, -1, -1, 1, 1)	6.095905415074273
2.6049378290154284	2532	(-1, -1, -1, -1, -1, -1, -1, 1, -1, -1, 1, 1, 1, 1, -1, -1, 1, -1, -1)	6.095905415074273
2.6049378290154284	2533	(-1, -1, -1, -1, -1, -1, -1, 1, -1, -1, 1, 1, 1, 1, -1, -1, 1, -1, 1)	6.095905415074273
2.6049378290154284	2534	(-1, -1, -1, -1, -1, -1, -1, 1, -1, -1, 1, 1, 1, 1, -1, -1, 1, 1, -1)	6.095905415074273
2.6049378290154284	2535	(-1, -1, -1, -1, -1, -1, -1, 1, -1, -1, 1, 1, 1, 1, -1, -1, 1, 1, 1)	6.095905415074273
2.6049378290154284	2536	(-1, -1, -1, -1, -1, -1, -1, 1, -1, -1, 1, 1, 1, 1, -1, 1, -1, -1, -1)	6.095905415074273
2.6049378290154284	2537	(-1, -1, -1, -1, -1, -1, -1, 1, -1, -1, 1, 1, 1, 1, -1, 1, -1, -1, 1)	6.095905415074273
2.6049378290154284	2538	(-1, -1, -1, -1, -1, -1, -1, 1, -1, -1, 1, 1, 1, 1, -1, 1, -1, 1, -1)	6.095905415074273
2.6049378290154284	2539	(-1, -1, -1, -1, -1, -1, -1, 1, -1, -1, 1, 1, 1, 1, -1, 1, -1, 1, 1)	6.095905415074273
2.6049378290154284	2540	(-1, -1, -1, -1, -1, -1, -1, 1, -1, -1, 1, 1, 1, 1, -1, 1, 1, -1, -1)	6.095905415074273
2.6049378290154284	2541	(-1, -1, -1, -1, -1, -1, -1, 1, -1, -1, 1, 1, 1, 1, -1, 1, 1, -1, 1)	6.095905415074273
2.6049378290154284	2542	(-1, -1, -1, -1, -1, -1, -1, 1, -1, -1, 1, 1, 1, 1, -1, 1, 1, 1, -1)	6.095905415074273
2.6049378290154284	2543	(-1, -1, -1, -1, -1, -1, -1, 1, -1, -1, 1, 1, 1, 1, -1, 1, 1, 1, 1)	6.095905415074273
2.6049378290154284	2576	(-1, -1, -1, -1, -1, -1, -1, 1, -1, 1, -1, -1, -1, -1, 1, -1, -1, -1, -1)	6.095905415041186
2.6049378290154284	2577	(-1, -1, -1, -1, -1, -1, -1, 1, -1, 1, -1, -1, -1, -1, 1, -1, -1, -1, 1)	6.095905415041186
2.6049378290154284	2578	(-1, -1, -1, -1, -1, -1, -1, 1, -1, 1, -1, -1, -1, -1, 1, -1, -1, 1, -1)	6.095905415041186
2.6049378290154284	2579	(-1, -1, -1, -1, -1, -1, -1, 1, -1, 1, -1, -1, -1, -1, 1, -1, -1, 1, 1)	6.095905415041186
2.6049378290154284	2580	(-1, -1, -1, -1, -1, -1, -1, 1, -1, 1, -1, -1, -1, -1, 1, -1, 1, -1, -1)	6.095905415041186
2.6049378290154284	2581	(-1, -1, -1, -1, -1, -1, -1, 1, -1, 1, -1, -1, -1, -1, 1, -1, 1, -1, 1)	6.095905415041186
2.6049378290154284	2582	(-1, -1, -1, -1, -1, -1, -1, 1, -1, 1, -1, -1, -1, -1, 1, -1, 1, 1, -1)	6.095905415041186
2.6049378290154284	2583	(-1, -1, -1, -1, -1, -1, -1, 1, -1, 1, -1, -1, -1, -1, 1, -1, 1, 1, 1)	6.095905415041186
2.6049378290154284	2584	(-1, -1, -1, -1, -1, -1, -1, 1, -1, 1, -1, -1, -1, -1, 1, 1, -1, -1, -1)	6.095905415041186
2.6049378290154284	2585	(-1, -1, -1, -1, -1, -1, -1, 1, -1, 1, -1, -1, -1, -1, 1, 1, -1, -1, 1)	6.095905415041186
2.6049378290154284	2586	(-1, -1, -1, -1, -1, -1, -1, 1, -1, 1, -1, -1, -1, -1, 1, 1, -1, 1, -1)	6.095905415041186
2.6049378290154284	2587	(-1, -1, -1, -1, -1, -1, -1, 1, -1, 1, -1, -1, -1, -1, 1, 1, -1, 1, 1)	6.095905415041186
2.6049378290154284	2588	(-1, -1, -1, -1, -1, -1, -1, 1, -1, 1, -1, -1, -1, -1, 1, 1, 1, -1, -1)	6.095905415041186
2.6049378290154284	2589	(-1, -1, -1, -1, -1, -1, -1, 1, -1, 1, -1, -1, -1, -1, 1, 1, 1, -1, 1)	6.095905415041186
2.6049378290154284	2590	(-1, -1, -1, -1, -1, -1, -1, 1, -1, 1, -1, -1, -1, -1, 1, 1, 1, 1, -1)	6.095905414889349
2.6049378290154284	2591	(-1, -1, -1, -1, -1, -1, -1, 1, -1, 1, -1, -1, -1, -1, 1, 1, 1, 1, 1)	6.095905415041186
2.6049378290154284	2593	(-1, -1, -1, -1, -1, -1, -1, 1, -1, 1, -1, -1, -1, 1, -1, -1, -1, -1, 1)	6.095905414676673
2.6049378290154284	2654	(-1, -1, -1, -1, -1, -1, -1, 1, -1, 1, -1, -1, 1, -1, 1, 1, 1, 1, -1)	6.095905414721287
2.6049378290154284	2657	(-1, -1, -1, -1, -1, -1, -1, 1, -1, 1, -1, -1, 1, 1, -1, -1, -1, -1, 1)	6.095905414651448
2.6049378290154284	2680	(-1, -1, -1, -1, -1, -1, -1, 1, -1, 1, -1, -1, 1, 1, 1, 1, -1, -1, -1)	6.095905414658871
2.6049378290154284	2681	(-1, -1, -1, -1, -1, -1, -1, 1, -1, 1, -1, -1, 1, 1, 1, 1, -1, -1, 1)	6.095905414658871
2.6049378290154284	2682	(-1, -1, -1, -1, -1, -1, -1, 1, -1, 1, -1, -1, 1, 1, 1, 1, -1, 1, -1)	6.095905414658871
2.6049378290154284	2683	(-1, -1, -1, -1, -1, -1, -1, 1, -1, 1, -1, -1, 1, 1, 1, 1, -1, 1, 1)	6.095905414658871
2.6049378290154284	2692	(-1, -1, -1, -1, -1, -1, -1, 1, -1, 1, -1, 1, -1, -1, -1, -1, 1, -1, -1)	6.095905414678238
2.6049378290154284	2693	(-1, -1, -1, -1, -1, -1, -1, 1, -1, 1, -1, 1, -1, -1, -1, -1, 1, -1, 1)	6.095905414678238
2.6049378290154284	2694	(-1, -1, -1, -1, -1, -1, -1, 1, -1, 1, -1, 1, -1, -1, -1, -1, 1, 1, -1)	6.095905414678238
2.6049378290154284	2695	(-1, -1, -1, -1, -1, -1, -1, 1, -1, 1, -1, 1, -1, -1, -1, -1, 1, 1, 1)	6.095905414678238
2.6049378290154284	2718	(-1, -1, -1, -1, -1, -1, -1, 1, -1, 1, -1, 1, -1, -1, 1, 1, 1, 1, -1)	6.095905414748906
2.6049378290154284	2721	(-1, -1, -1, -1, -1, -1, -1, 1, -1, 1, -1, 1, -1, 1, -1, -1, -1, -1, 1)	6.095905414679397
