2.483274122871837	0	(-1, -1, -1, -1, -1, -1, -1, -1, -1, -1, -1, -1, -1, -1, -1, -1, -1, -1, -1)	7.303955143664
2.483274122871837	1	(-1, -1, -1, -1, -1, -1, -1, -1, -1, -1, -1, -1, -1, -1, -1, -1, -1, -1, 1)	7.303955143663737
2.483274122871837	2	(-1, -1, -1, -1, -1, -1, -1, -1, -1, -1, -1, -1, -1, -1, -1, -1, -1, 1, -1)	7.303955143662174
2.483274122871837	3	(-1, -1, -1, -1, -1, -1, -1, -1, -1, -1, -1, -1, -1, -1, -1, -1, -1, 1, 1)	7.303955143662174
2.483274122871837	4	(-1, -1, -1, -1, -1, -1, -1, -1, -1, -1, -1, -1, -1, -1, -1, -1, 1, -1, -1)	7.303955143660612
2.483274122871837	5	(-1, -1, -1, -1, -1, -1, -1, -1, -1, -1, -1, -1, -1, -1, -1, -1, 1, -1, 1)	7.303955143660612
2.483274122871837	6	(-1, -1, -1, -1, -1, -1, -1, -1, -1, -1, -1, -1, -1, -1, -1, -1, 1, 1, -1)	7.303955143660612
2.483274122871837	7	(-1, -1, -1, -1, -1, -1, -1, -1, -1, -1, -1, -1, -1, -1, -1, -1, 1, 1, 1)	7.303955143660612
2.483274122871837	8	(-1, -1, -1, -1, -1, -1, -1, -1, -1, -1, -1, -1, -1, -1, -1, 1, -1, -1, -1)	7.303955143628739
2.483274122871837	9	(-1, -1, -1, -1, -1, -1, -1, -1, -1, -1, -1, -1, -1, -1, -1, 1, -1, -1, 1)	7.303955143628739
2.483274122871837	10	(-1, -1, -1, -1, -1, -1, -1, -1, -1, -1, -1, -1, -1, -1, -1, 1, -1, 1, -1)	7.303955143628739
2.483274122871837	11	(-1, -1, -1, -1, -1, -1, -1, -1, -1, -1, -1, -1, -1, -1, -1, 1, -1, 1, 1)	7.303955143628739
2.483274122871837	12	(-1, -1, -1, -1, -1, -1, -1, -1, -1, -1, -1, -1, -1, -1, -1, 1, 1, -1, -1)	7.303955143628739
2.483274122871837	13	(-1, -1, -1, -1, -1, -1, -1, -1, -1, -1, -1, -1, -1, -1, -1, 1, 1, -1, 1)	7.303955143628739
2.483274122871837	14	(-1, -1, -1, -1, -1, -1, -1, -1, -1, -1, -1, -1, -1, -1, -1, 1, 1, 1, -1)	7.303955143628739
2.483274122871837	15	(-1, -1, -1, -1, -1, -1, -1, -1, -1, -1, -1, -1, -1, -1, -1, 1, 1, 1, 1)	7.303955143628739
2.483274122871837	16	(-1, -1, -1, -1, -1, -1, -1, -1, -1, -1, -1, -1, -1, -1, 1, -1, -1, -1, -1)	7.303955143660612
2.483274122871837	17	(-1, -1, -1, -1, -1, -1, -1, -1, -1, -1, -1, -1, -1, -1, 1, -1, -1, -1, 1)	7.303955143660612
2.483274122871837	18	(-1, -1, -1, -1, -1, -1, -1, -1, -1, -1, -1, -1, -1, -1, 1, -1, -1, 1, -1)	7.303955143660612
2.483274122871837	19	(-1, -1, -1, -1, -1, -1, -1, -1, -1, -1, -1, -1, -1, -1, 1, -1, -1, 1, 1)	7.303955143660612
2.483274122871837	20	(-1, -1, -1, -1, -1, -1, -1, -1, -1, -1, -1, -1, -1, -1, 1, -1, 1, -1, -1)	7.303955143660612
2.483274122871837	21	(-1, -1, -1, -1, -1, -1, -1, -1, -1, -1, -1, -1, -1, -1, 1, -1, 1, -1, 1)	7.303955143660612
2.483274122871837	22	(-1, -1, -1, -1, -1, -1, -1, -1, -1, -1, -1, -1, -1, -1, 1, -1, 1, 1, -1)	7.303955143660612
2.483274122871837	23	(-1, -1, -1, -1, -1, -1, -1, -1, -1, -1, -1, -1, -1, -1, 1, -1, 1, 1, 1)	7.303955143660612
2.483274122871837	24	(-1, -1, -1, -1, -1, -1, -1, -1, -1, -1, -1, -1, -1, -1, 1, 1, -1, -1, -1)	7.303955143660612
2.483274122871837	25	(-1, -1, -1, -1, -1, -1, -1, -1, -1, -1, -1, -1, -1, -1, 1, 1, -1, -1, 1)	7.303955143660612
2.483274122871837	26	(-1, -1, -1, -1, -1, -1, -1, -1, -1, -1, -1, -1, -1, -1, 1, 1, -1, 1, -1)	7.303955143660612
2.483274122871837	27	(-1, -1, -1, -1, -1, -1, -1, -1, -1, -1, -1, -1, -1, -1, 1, 1, -1, 1, 1)	7.303955143660612
2.483274122871837	28	(-1, -1, -1, -1, -1, -1, -1, -1, -1, -1, -1, -1, -1, -1, 1, 1, 1, -1, -1)	7.303955143660612
2.483274122871837	29	(-1, -1, -1, -1, -1, -1, -1, -1, -1, -1, -1, -1, -1, -1, 1, 1, 1, -1, 1)	7.303955143660612
2.483274122871837	30	(-1, -1, -1, -1, -1, -1, -1, -1, -1, -1, -1, -1, -1, -1, 1, 1, 1, 1, -1)	7.303955143660612
2.483274122871837	31	(-1, -1, -1, -1, -1, -1, -1, -1, -1, -1, -1, -1, -1, -1, 1, 1, 1, 1, 1)	7.303955143660612
2.483274122871837	32	(-1, -1, -1, -1, -1, -1, -1, -1, -1, -1, -1, -1, -1, 1, -1, -1, -1, -1, -1)	7.303955143662437
2.483274122871837	33	(-1, -1, -1, -1, -1, -1, -1, -1, -1, -1, -1, -1, -1, 1, -1, -1, -1, -1, 1)	7.303955143662437
2.483274122871837	34	(-1, -1, -1, -1, -1, -1, -1, -1, -1, -1, -1, -1, -1, 1, -1, -1, -1, 1, -1)	7.303955143662437
2.483274122871837	35	(-1, -1, -1, -1, -1, -1, -1, -1, -1, -1, -1, -1, -1, 1, -1, -1, -1, 1, 1)	7.303955143662437
2.483274122871837	36	(-1, -1, -1, -1, -1, -1, -1, -1, -1, -1, -1, -1, -1, 1, -1, -1, 1, -1, -1)	7.303955143662437
2.483274122871837	37	(-1, -1, -1, -1, -1, -1, -1, -1, -1, -1, -1, -1, -1, 1, -1, -1, 1, -1, 1)	7.303955143662437
2.483274122871837	38	(-1, -1, -1, -1, -1, -1, -1, -1, -1, -1, -1, -1, -1, 1, -1, -1, 1, 1, -1)	7.303955143662437
2.483274122871837	39	(-1, -1, -1, -1, -1, -1, -1, -1, -1, -1, -1, -1, -1, 1, -1, -1, 1, 1, 1)	7.303955143662437
2.483274122871837	40	(-1, -1, -1, -1, -1, -1, -1, -1, -1, -1, -1, -1, -1, 1, -1, 1, -1, -1, -1)	7.303955143662437
2.483274122871837	41	(-1, -1, -1, -1, -1, -1, -1, -1, -1, -1, -1, -1, -1, 1, -1, 1, -1, -1, 1)	7.303955143662437
2.483274122871837	42	(-1, -1, -1, -1, -1, -1, -1, -1, -1, -1, -1, -1, -1, 1, -1, 1, -1, 1, -1)	7.303955143662437
2.483274122871837	43	(-1, -1, -1, -1, -1, -1, -1, -1, -1, -1, -1, -1, -1, 1, -1, 1, -1, 1, 1)	7.303955143662437
2.483274122871837	44	(-1, -1, -1, -1, -1, -1, -1, -1, -1, -1, -1, -1, -1, 1, -1, 1, 1, -1, -1)	7.303955143662437
2.483274122871837	45	(-1, -1, -1, -1, -1, -1, -1, -1, -1, -1, -1, -1, -1, 1, -1, 1, 1, -1, 1)	7.303955143662437
2.483274122871837	46	(-1, -1, -1, -1, -1, -1, -1, -1, -1, -1, -1, -1, -1, 1, -1, 1, 1, 1, -1)	7.303955143662437
2.483274122871837	47	(-1, -1, -1, -1, -1, -1, -1, -1, -1, -1, -1, -1, -1, 1, -1, 1, 1, 1, 1)	7.303955143662437
2.483274122871837	48	(-1, -1, -1, -1, -1, -1, -1, -1, -1, -1, -1, -1, -1, 1, 1, -1, -1, -1, -1)	7.303955143662437
2.483274122871837	49	(-1, -1, -1, -1, -1, -1, -1, -1, -1, -1, -1, -1, -1, 1, 1, -1, -1, -1, 1)	7.303955143662437
2.483274122871837	50	(-1, -1, -1, -1, -1, -1, -1, -1, -1, -1, -1, -1, -1, 1, 1, -1, -1, 1, -1)	7.303955143662437
2.483274122871837	51	(-1, -1, -1, -1, -1, -1, -1, -1, -1, -1, -1, -1, -1, 1, 1, -1, -1, 1, 1)	7.303955143662437
2.483274122871837	52	(-1, -1, -1, -1, -1, -1, -1, -1, -1, -1, -1, -1, -1, 1, 1, -1, 1, -1, -1)	7.303955143662437
2.483274122871837	53	(-1, -1, -1, -1, -1, -1, -1, -1, -1, -1, -1, -1, -1, 1, 1, -1, 1, -1, 1)	7.303955143662437
2.483274122871837	54	(-1, -1, -1, -1, -1, -1, -1, -1, -1, -1, -1, -1, -1, 1, 1, -1, 1, 1, -1)	7.303955143662437
2.483274122871837	55	(-1, -1, -1, -1, -1, -1, -1, -1, -1, -1, -1, -1, -1, 1, 1, -1, 1, 1, 1)	7.303955143662437
2.483274122871837	56	(-1, -1, -1, -1, -1, -1, -1, -1, -1, -1, -1, -1, -1, 1, 1, 1, -1, -1, -1)	7.303955143662437
2.483274122871837	57	(-1, -1, -1, -1, -1, -1, -1, -1, -1, -1, -1, -1, -1, 1, 1, 1, -1, -1, 1)	7.303955143662437
2.483274122871837	58	(-1, -1, -1, -1, -1, -1, -1, -1, -1, -1, -1, -1, -1, 1, 1, 1, -1, 1, -1)	7.303955143662437
2.483274122871837	59	(-1, -1, -1, -1, -1, -1, -1, -1, -1, -1, -1, -1, -1, 1, 1, 1, -1, 1, 1)	7.303955143662437
2.483274122871837	60	(-1, -1, -1, -1, -1, -1, -1, -1, -1, -1, -1, -1, -1, 1, 1, 1, 1, -1, -1)	7.303955143662437
2.483274122871837	61	(-1, -1, -1, -1, -1, -1, -1, -1, -1, -1, -1, -1, -1, 1, 1, 1, 1, -1, 1)	7.303955143662437
2.483274122871837	62	(-1, -1, -1, -1, -1, -1, -1, -1, -1, -1, -1, -1, -1, 1, 1, 1, 1, 1, -1)	7.303955143662437
2.483274122871837	63	(-1, -1, -1, -1, -1, -1, -1, -1, -1, -1, -1, -1, -1, 1, 1, 1, 1, 1, 1)	7.303955143660612
2.483274122871837	64	(-1, -1, -1, -1, -1, -1, -1, -1, -1, -1, -1, -1, 1, -1, -1, -1, -1, -1, -1)	7.303955143665322
2.483274122871837	65	(-1, -1, -1, -1, -1, -1, -1, -1, -1, -1, -1, -1, 1, -1, -1, -1, -1, -1, 1)	7.303955143664262
2.483274122871837	66	(-1, -1, -1, -1, -1, -1, -1, -1, -1, -1, -1, -1, 1, -1, -1, -1, -1, 1, -1)	7.303955143664262
2.483274122871837	67	(-1, -1, -1, -1, -1, -1, -1, -1, -1, -1, -1, -1, 1, -1, -1, -1, -1, 1, 1)	7.303955143664262
2.483274122871837	68	(-1, -1, -1, -1, -1, -1, -1, -1, -1, -1, -1, -1, 1, -1, -1, -1, 1, -1, -1)	7.303955143664262
2.483274122871837	69	(-1, -1, -1, -1, -1, -1, -1, -1, -1, -1, -1, -1, 1, -1, -1, -1, 1, -1, 1)	7.303955143664262
2.483274122871837	70	(-1, -1, -1, -1, -1, -1, -1, -1, -1, -1, -1, -1, 1, -1, -1, -1, 1, 1, -1)	7.303955143664262
2.483274122871837	71	(-1, -1, -1, -1, -1, -1, -1, -1, -1, -1, -1, -1, 1, -1, -1, -1, 1, 1, 1)	7.303955143664262
2.483274122871837	72	(-1, -1, -1, -1, -1, -1, -1, -1, -1, -1, -1, -1, 1, -1, -1, 1, -1, -1, -1)	7.303955143664262
2.483274122871837	73	(-1, -1, -1, -1, -1, -1, -1, -1, -1, -1, -1, -1, 1, -1, -1, 1, -1, -1, 1)	7.303955143664262
2.483274122871837	74	(-1, -1, -1, -1, -1, -1, -1, -1, -1, -1, -1, -1, 1, -1, -1, 1, -1, 1, -1)	7.303955143664262
2.483274122871837	75	(-1, -1, -1, -1, -1, -1, -1, -1, -1, -1, -1, -1, 1, -1, -1, 1, -1, 1, 1)	7.303955143664262
2.483274122871837	76	(-1, -1, -1, -1, -1, -1, -1, -1, -1, -1, -1, -1, 1, -1, -1, 1, 1, -1, -1)	7.303955143664262
2.483274122871837	77	(-1, -1, -1, -1, -1, -1, -1, -1, -1, -1, -1, -1, 1, -1, -1, 1, 1, -1, 1)	7.303955143664262
2.483274122871837	78	(-1, -1, -1, -1, -1, -1, -1, -1, -1, -1, -1, -1, 1, -1, -1, 1, 1, 1, -1)	7.303955143664262
2.483274122871837	79	(-1, -1, -1, -1, -1, -1, -1, -1, -1, -1, -1, -1, 1, -1, -1, 1, 1, 1, 1)	7.303955143664262
2.483274122871837	80	(-1, -1, -1, -1, -1, -1, -1, -1, -1, -1, -1, -1, 1, -1, 1, -1, -1, -1, -1)	7.303955143664262
2.483274122871837	81	(-1, -1, -1, -1, -1, -1, -1, -1, -1, -1, -1, -1, 1, -1, 1, -1, -1, -1, 1)	7.303955143664262
2.483274122871837	82	(-1, -1, -1, -1, -1, -1, -1, -1, -1, -1, -1, -1, 1, -1, 1, -1, -1, 1, -1)	7.303955143664262
2.483274122871837	83	(-1, -1, -1, -1, -1, -1, -1, -1, -1, -1, -1, -1, 1, -1, 1, -1, -1, 1, 1)	7.303955143664262
2.483274122871837	84	(-1, -1, -1, -1, -1, -1, -1, -1, -1, -1, -1, -1, 1, -1, 1, -1, 1, -1, -1)	7.303955143664262
2.483274122871837	85	(-1, -1, -1, -1, -1, -1, -1, -1, -1, -1, -1, -1, 1, -1, 1, -1, 1, -1, 1)	7.303955143664262
2.483274122871837	86	(-1, -1, -1, -1, -1, -1, -1, -1, -1, -1, -1, -1, 1, -1, 1, -1, 1, 1, -1)	7.303955143664262
2.483274122871837	87	(-1, -1, -1, -1, -1, -1, -1, -1, -1, -1, -1, -1, 1, -1, 1, -1, 1, 1, 1)	7.303955143664262
2.483274122871837	88	(-1, -1, -1, -1, -1, -1, -1, -1, -1, -1, -1, -1, 1, -1, 1, 1, -1, -1, -1)	7.303955143664262
2.483274122871837	89	(-1, -1, -1, -1, -1, -1, -1, -1, -1, -1, -1, -1, 1, -1, 1, 1, -1, -1, 1)	7.303955143664262
2.483274122871837	90	(-1, -1, -1, -1, -1, -1, -1, -1, -1, -1, -1, -1, 1, -1, 1, 1, -1, 1, -1)	7.303955143664262
2.483274122871837	91	(-1, -1, -1, -1, -1, -1, -1, -1, -1, -1, -1, -1, 1, -1, 1, 1, -1, 1, 1)	7.303955143664262
2.483274122871837	92	(-1, -1, -1, -1, -1, -1, -1, -1, -1, -1, -1, -1, 1, -1, 1, 1, 1, -1, -1)	7.303955143664262
2.483274122871837	93	(-1, -1, -1, -1, -1, -1, -1, -1, -1, -1, -1, -1, 1, -1, 1, 1, 1, -1, 1)	7.303955143664262
2.483274122871837	94	(-1, -1, -1, -1, -1, -1, -1, -1, -1, -1, -1, -1, 1, -1, 1, 1, 1, 1, -1)	7.303955143664262
2.483274122871837	95	(-1, -1, -1, -1, -1, -1, -1, -1, -1, -1, -1, -1, 1, -1, 1, 1, 1, 1, 1)	7.303955143664262
2.483274122871837	96	(-1, -1, -1, -1, -1, -1, -1, -1, -1, -1, -1, -1, 1, 1, -1, -1, -1, -1, -1)	7.303955143664262
2.483274122871837	97	(-1, -1, -1, -1, -1, -1, -1, -1, -1, -1, -1, -1, 1, 1, -1, -1, -1, -1, 1)	7.303955143664262
2.483274122871837	98	(-1, -1, -1, -1, -1, -1, -1, -1, -1, -1, -1, -1, 1, 1, -1, -1, -1, 1, -1)	7.303955143664262
2.483274122871837	99	(-1, -1, -1, -1, -1, -1, -1, -1, -1, -1, -1, -1, 1, 1, -1, -1, -1, 1, 1)	7.303955143664262
2.483274122871837	100	(-1, -1, -1, -1, -1, -1, -1, -1, -1, -1, -1, -1, 1, 1, -1, -1, 1, -1, -1)	7.303955143664262
2.483274122871837	101	(-1, -1, -1, -1, -1, -1, -1, -1, -1, -1, -1, -1, 1, 1, -1, -1, 1, -1, 1)	7.303955143664262
2.483274122871837	102	(-1, -1, -1, -1, -1, -1, -1, -1, -1, -1, -1, -1, 1, 1, -1, -1, 1, 1, -1)	7.303955143664262
2.483274122871837	103	(-1, -1, -1, -1, -1, -1, -1, -1, -1, -1, -1, -1, 1, 1, -1, -1, 1, 1, 1)	7.303955143664262
2.483274122871837	104	(-1, -1, -1, -1, -1, -1, -1, -1, -1, -1, -1, -1, 1, 1, -1, 1, -1, -1, -1)	7.303955143664262
2.483274122871837	105	(-1, -1, -1, -1, -1, -1, -1, -1, -1, -1, -1, -1, 1, 1, -1, 1, -1, -1, 1)	7.303955143664262
2.483274122871837	106	(-1, -1, -1, -1, -1, -1, -1, -1, -1, -1, -1, -1, 1, 1, -1, 1, -1, 1, -1)	7.303955143664262
2.483274122871837	107	(-1, -1, -1, -1, -1, -1, -1, -1, -1, -1, -1, -1, 1, 1, -1, 1, -1, 1, 1)	7.303955143664262
2.483274122871837	108	(-1, -1, -1, -1, -1, -1, -1, -1, -1, -1, -1, -1, 1, 1, -1, 1, 1, -1, -1)	7.303955143664262
2.483274122871837	109	(-1, -1, -1, -1, -1, -1, -1, -1, -1, -1, -1, -1, 1, 1, -1, 1, 1, -1, 1)	7.303955143664262
2.483274122871837	110	(-1, -1, -1, -1, -1, -1, -1, -1, -1, -1, -1, -1, 1, 1, -1, 1, 1, 1, -1)	7.303955143664262
2.483274122871837	111	(-1, -1, -1, -1, -1, -1, -1, -1, -1, -1, -1, -1, 1, 1, -1, 1, 1, 1, 1)	7.303955143664262
2.483274122871837	112	(-1, -1, -1, -1, -1, -1, -1, -1, -1, -1, -1, -1, 1, 1, 1, -1, -1, -1, -1)	7.303955143664262
2.483274122871837	113	(-1, -1, -1, -1, -1, -1, -1, -1, -1, -1, -1, -1, 1, 1, 1, -1, -1, -1, 1)	7.303955143664262
2.483274122871837	114	(-1, -1, -1, -1, -1, -1, -1, -1, -1, -1, -1, -1, 1, 1, 1, -1, -1, 1, -1)	7.303955143664262
2.483274122871837	115	(-1, -1, -1, -1, -1, -1, -1, -1, -1, -1, -1, -1, 1, 1, 1, -1, -1, 1, 1)	7.303955143664262
2.483274122871837	116	(-1, -1, -1, -1, -1, -1, -1, -1, -1, -1, -1, -1, 1, 1, 1, -1, 1, -1, -1)	7.303955143664262
2.483274122871837	117	(-1, -1, -1, -1, -1, -1, -1, -1, -1, -1, -1, -1, 1, 1, 1, -1, 1, -1, 1)	7.303955143664262
2.483274122871837	118	(-1, -1, -1, -1, -1, -1, -1, -1, -1, -1, -1, -1, 1, 1, 1, -1, 1, 1, -1)	7.303955143664262
2.483274122871837	119	(-1, -1, -1, -1, -1, -1, -1, -1, -1, -1, -1, -1, 1, 1, 1, -1, 1, 1, 1)	7.303955143664262
2.483274122871837	120	(-1, -1, -1, -1, -1, -1, -1, -1, -1, -1, -1, -1, 1, 1, 1, 1, -1, -1, -1)	7.303955143664262
2.483274122871837	121	(-1, -1, -1, -1, -1, -1, -1, -1, -1, -1, -1, -1, 1, 1, 1, 1, -1, -1, 1)	7.303955143664262
2.483274122871837	122	(-1, -1, -1, -1, -1, -1, -1, -1, -1, -1, -1, -1, 1, 1, 1, 1, -1, 1, -1)	7.303955143664262
2.483274122871837	123	(-1, -1, -1, -1, -1, -1, -1, -1, -1, -1, -1, -1, 1, 1, 1, 1, -1, 1, 1)	7.303955143664262
2.483274122871837	124	(-1, -1, -1, -1, -1, -1, -1, -1, -1, -1, -1, -1, 1, 1, 1, 1, 1, -1, -1)	7.303955143664262
2.483274122871837	125	(-1, -1, -1, -1, -1, -1, -1, -1, -1, -1, -1, -1, 1, 1, 1, 1, 1, -1, 1)	7.303955143664262
2.483274122871837	126	(-1, -1, -1, -1, -1, -1, -1, -1, -1, -1, -1, -1, 1, 1, 1, 1, 1, 1, -1)	7.303955143665322
2.483274122871837	127	(-1, -1, -1, -1, -1, -1, -1, -1, -1, -1, -1, -1, 1, 1, 1, 1, 1, 1, 1)	7.303955143664262
2.483274122871837	128	(-1, -1, -1, -1, -1, -1, -1, -1, -1, -1, -1, 1, -1, -1, -1, -1, -1, -1, -1)	7.303955143670981
2.483274122871837	129	(-1, -1, -1, -1, -1, -1, -1, -1, -1, -1, -1, 1, -1, -1, -1, -1, -1, -1, 1)	7.303955143666382
2.483274122871837	130	(-1, -1, -1, -1, -1, -1, -1, -1, -1, -1, -1, 1, -1, -1, -1, -1, -1, 1, -1)	7.303955143665322
2.483274122871837	131	(-1, -1, -1, -1, -1, -1, -1, -1, -1, -1, -1, 1, -1, -1, -1, -1, -1, 1, 1)	7.303955143665322
2.483274122871837	132	(-1, -1, -1, -1, -1, -1, -1, -1, -1, -1, -1, 1, -1, -1, -1, -1, 1, -1, -1)	7.303955143665322
2.483274122871837	133	(-1, -1, -1, -1, -1, -1, -1, -1, -1, -1, -1, 1, -1, -1, -1, -1, 1, -1, 1)	7.303955143665322
2.483274122871837	134	(-1, -1, -1, -1, -1, -1, -1, -1, -1, -1, -1, 1, -1, -1, -1, -1, 1, 1, -1)	7.303955143665322
2.483274122871837	135	(-1, -1, -1, -1, -1, -1, -1, -1, -1, -1, -1, 1, -1, -1, -1, -1, 1, 1, 1)	7.303955143665322
2.483274122871837	136	(-1, -1, -1, -1, -1, -1, -1, -1, -1, -1, -1, 1, -1, -1, -1, 1, -1, -1, -1)	7.303955143665322
2.483274122871837	137	(-1, -1, -1, -1, -1, -1, -1, -1, -1, -1, -1, 1, -1, -1, -1, 1, -1, -1, 1)	7.303955143665322
2.483274122871837	138	(-1, -1, -1, -1, -1, -1, -1, -1, -1, -1, -1, 1, -1, -1, -1, 1, -1, 1, -1)	7.303955143665322
2.483274122871837	139	(-1, -1, -1, -1, -1, -1, -1, -1, -1, -1, -1, 1, -1, -1, -1, 1, -1, 1, 1)	7.303955143665322
2.483274122871837	140	(-1, -1, -1, -1, -1, -1, -1, -1, -1, -1, -1, 1, -1, -1, -1, 1, 1, -1, -1)	7.303955143665322
2.483274122871837	141	(-1, -1, -1, -1, -1, -1, -1, -1, -1, -1, -1, 1, -1, -1, -1, 1, 1, -1, 1)	7.303955143665322
2.483274122871837	142	(-1, -1, -1, -1, -1, -1, -1, -1, -1, -1, -1, 1, -1, -1, -1, 1, 1, 1, -1)	7.303955143665322
2.483274122871837	143	(-1, -1, -1, -1, -1, -1, -1, -1, -1, -1, -1, 1, -1, -1, -1, 1, 1, 1, 1)	7.303955143665322
2.483274122871837	144	(-1, -1, -1, -1, -1, -1, -1, -1, -1, -1, -1, 1, -1, -1, 1, -1, -1, -1, -1)	7.303955143665322
2.483274122871837	145	(-1, -1, -1, -1, -1, -1, -1, -1, -1, -1, -1, 1, -1, -1, 1, -1, -1, -1, 1)	7.303955143665322
2.483274122871837	146	(-1, -1, -1, -1, -1, -1, -1, -1, -1, -1, -1, 1, -1, -1, 1, -1, -1, 1, -1)	7.303955143665322
2.483274122871837	147	(-1, -1, -1, -1, -1, -1, -1, -1, -1, -1, -1, 1, -1, -1, 1, -1, -1, 1, 1)	7.303955143665322
2.483274122871837	148	(-1, -1, -1, -1, -1, -1, -1, -1, -1, -1, -1, 1, -1, -1, 1, -1, 1, -1, -1)	7.303955143665322
2.483274122871837	149	(-1, -1, -1, -1, -1, -1, -1, -1, -1, -1, -1, 1, -1, -1, 1, -1, 1, -1, 1)	7.303955143665322
2.483274122871837	150	(-1, -1, -1, -1, -1, -1, -1, -1, -1, -1, -1, 1, -1, -1, 1, -1, 1, 1, -1)	7.303955143665322
2.483274122871837	151	(-1, -1, -1, -1, -1, -1, -1, -1, -1, -1, -1, 1, -1, -1, 1, -1, 1, 1, 1)	7.303955143665322
2.483274122871837	152	(-1, -1, -1, -1, -1, -1, -1, -1, -1, -1, -1, 1, -1, -1, 1, 1, -1, -1, -1)	7.303955143665322
2.483274122871837	153	(-1, -1, -1, -1, -1, -1, -1, -1, -1, -1, -1, 1, -1, -1, 1, 1, -1, -1, 1)	7.303955143665322
2.483274122871837	154	(-1, -1, -1, -1, -1, -1, -1, -1, -1, -1, -1, 1, -1, -1, 1, 1, -1, 1, -1)	7.303955143665322
2.483274122871837	155	(-1, -1, -1, -1, -1, -1, -1, -1, -1, -1, -1, 1, -1, -1, 1, 1, -1, 1, 1)	7.303955143665322
2.483274122871837	156	(-1, -1, -1, -1, -1, -1, -1, -1, -1, -1, -1, 1, -1, -1, 1, 1, 1, -1, -1)	7.303955143665322
2.483274122871837	157	(-1, -1, -1, -1, -1, -1, -1, -1, -1, -1, -1, 1, -1, -1, 1, 1, 1, -1, 1)	7.303955143665322
2.483274122871837	158	(-1, -1, -1, -1, -1, -1, -1, -1, -1, -1, -1, 1, -1, -1, 1, 1, 1, 1, -1)	7.303955143665322
2.483274122871837	159	(-1, -1, -1, -1, -1, -1, -1, -1, -1, -1, -1, 1, -1, -1, 1, 1, 1, 1, 1)	7.303955143665322
2.483274122871837	160	(-1, -1, -1, -1, -1, -1, -1, -1, -1, -1, -1, 1, -1, 1, -1, -1, -1, -1, -1)	7.303955143665322
2.483274122871837	161	(-1, -1, -1, -1, -1, -1, -1, -1, -1, -1, -1, 1, -1, 1, -1, -1, -1, -1, 1)	7.303955143665322
2.483274122871837	162	(-1, -1, -1, -1, -1, -1, -1, -1, -1, -1, -1, 1, -1, 1, -1, -1, -1, 1, -1)	7.303955143665322
2.483274122871837	163	(-1, -1, -1, -1, -1, -1, -1, -1, -1, -1, -1, 1, -1, 1, -1, -1, -1, 1, 1)	7.303955143665322
2.483274122871837	164	(-1, -1, -1, -1, -1, -1, -1, -1, -1, -1, -1, 1, -1, 1, -1, -1, 1, -1, -1)	7.303955143665322
2.483274122871837	165	(-1, -1, -1, -1, -1, -1, -1, -1, -1, -1, -1, 1, -1, 1, -1, -1, 1, -1, 1)	7.303955143665322
2.483274122871837	166	(-1, -1, -1, -1, -1, -1, -1, -1, -1, -1, -1, 1, -1, 1, -1, -1, 1, 1, -1)	7.303955143665322
2.483274122871837	167	(-1, -1, -1, -1, -1, -1, -1, -1, -1, -1, -1, 1, -1, 1, -1, -1, 1, 1, 1)	7.303955143665322
2.483274122871837	168	(-1, -1, -1, -1, -1, -1, -1, -1, -1, -1, -1, 1, -1, 1, -1, 1, -1, -1, -1)	7.303955143665322
2.483274122871837	169	(-1, -1, -1, -1, -1, -1, -1, -1, -1, -1, -1, 1, -1, 1, -1, 1, -1, -1, 1)	7.303955143665322
2.483274122871837	170	(-1, -1, -1, -1, -1, -1, -1, -1, -1, -1, -1, 1, -1, 1, -1, 1, -1, 1, -1)	7.303955143665322
2.483274122871837	171	(-1, -1, -1, -1, -1, -1, -1, -1, -1, -1, -1, 1, -1, 1, -1, 1, -1, 1, 1)	7.303955143665322
2.483274122871837	172	(-1, -1, -1, -1, -1, -1, -1, -1, -1, -1, -1, 1, -1, 1, -1, 1, 1, -1, -1)	7.303955143665322
2.483274122871837	173	(-1, -1, -1, -1, -1, -1, -1, -1, -1, -1, -1, 1, -1, 1, -1, 1, 1, -1, 1)	7.303955143665322
2.483274122871837	174	(-1, -1, -1, -1, -1, -1, -1, -1, -1, -1, -1, 1, -1, 1, -1, 1, 1, 1, -1)	7.303955143665322
2.483274122871837	175	(-1, -1, -1, -1, -1, -1, -1, -1, -1, -1, -1, 1, -1, 1, -1, 1, 1, 1, 1)	7.303955143665322
2.483274122871837	176	(-1, -1, -1, -1, -1, -1, -1, -1, -1, -1, -1, 1, -1, 1, 1, -1, -1, -1, -1)	7.303955143665322
2.483274122871837	177	(-1, -1, -1, -1, -1, -1, -1, -1, -1, -1, -1, 1, -1, 1, 1, -1, -1, -1, 1)	7.303955143665322
2.483274122871837	178	(-1, -1, -1, -1, -1, -1, -1, -1, -1, -1, -1, 1, -1, 1, 1, -1, -1, 1, -1)	7.303955143665322
2.483274122871837	179	(-1, -1, -1, -1, -1, -1, -1, -1, -1, -1, -1, 1, -1, 1, 1, -1, -1, 1, 1)	7.303955143665322
2.483274122871837	180	(-1, -1, -1, -1, -1, -1, -1, -1, -1, -1, -1, 1, -1, 1, 1, -1, 1, -1, -1)	7.303955143665322
2.483274122871837	181	(-1, -1, -1, -1, -1, -1, -1, -1, -1, -1, -1, 1, -1, 1, 1, -1, 1, -1, 1)	7.303955143665322
2.483274122871837	182	(-1, -1, -1, -1, -1, -1, -1, -1, -1, -1, -1, 1, -1, 1, 1, -1, 1, 1, -1)	7.303955143665322
2.483274122871837	183	(-1, -1, -1, -1, -1, -1, -1, -1, -1, -1, -1, 1, -1, 1, 1, -1, 1, 1, 1)	7.303955143665322
2.483274122871837	184	(-1, -1, -1, -1, -1, -1, -1, -1, -1, -1, -1, 1, -1, 1, 1, 1, -1, -1, -1)	7.303955143665322
2.483274122871837	185	(-1, -1, -1, -1, -1, -1, -1, -1, -1, -1, -1, 1, -1, 1, 1, 1, -1, -1, 1)	7.303955143665322
2.483274122871837	186	(-1, -1, -1, -1, -1, -1, -1, -1, -1, -1, -1, 1, -1, 1, 1, 1, -1, 1, -1)	7.303955143665322
2.483274122871837	187	(-1, -1, -1, -1, -1, -1, -1, -1, -1, -1, -1, 1, -1, 1, 1, 1, -1, 1, 1)	7.303955143665322
2.483274122871837	188	(-1, -1, -1, -1, -1, -1, -1, -1, -1, -1, -1, 1, -1, 1, 1, 1, 1, -1, -1)	7.303955143665322
2.483274122871837	189	(-1, -1, -1, -1, -1, -1, -1, -1, -1, -1, -1, 1, -1, 1, 1, 1, 1, -1, 1)	7.303955143665322
2.483274122871837	190	(-1, -1, -1, -1, -1, -1, -1, -1, -1, -1, -1, 1, -1, 1, 1, 1, 1, 1, -1)	7.303955143665322
2.483274122871837	191	(-1, -1, -1, -1, -1, -1, -1, -1, -1, -1, -1, 1, -1, 1, 1, 1, 1, 1, 1)	7.303955143666243
2.483274122871837	192	(-1, -1, -1, -1, -1, -1, -1, -1, -1, -1, -1, 1, 1, -1, -1, -1, -1, -1, -1)	7.303955143664262
2.483274122871837	193	(-1, -1, -1, -1, -1, -1, -1, -1, -1, -1, -1, 1, 1, -1, -1, -1, -1, -1, 1)	7.303955143665322
2.483274122871837	194	(-1, -1, -1, -1, -1, -1, -1, -1, -1, -1, -1, 1, 1, -1, -1, -1, -1, 1, -1)	7.303955143665322
2.483274122871837	195	(-1, -1, -1, -1, -1, -1, -1, -1, -1, -1, -1, 1, 1, -1, -1, -1, -1, 1, 1)	7.303955143665322
2.483274122871837	196	(-1, -1, -1, -1, -1, -1, -1, -1, -1, -1, -1, 1, 1, -1, -1, -1, 1, -1, -1)	7.303955143665322
2.483274122871837	197	(-1, -1, -1, -1, -1, -1, -1, -1, -1, -1, -1, 1, 1, -1, -1, -1, 1, -1, 1)	7.303955143665322
2.483274122871837	198	(-1, -1, -1, -1, -1, -1, -1, -1, -1, -1, -1, 1, 1, -1, -1, -1, 1, 1, -1)	7.303955143665322
2.483274122871837	199	(-1, -1, -1, -1, -1, -1, -1, -1, -1, -1, -1, 1, 1, -1, -1, -1, 1, 1, 1)	7.303955143665322
2.483274122871837	200	(-1, -1, -1, -1, -1, -1, -1, -1, -1, -1, -1, 1, 1, -1, -1, 1, -1, -1, -1)	7.303955143665322
2.483274122871837	201	(-1, -1, -1, -1, -1, -1, -1, -1, -1, -1, -1, 1, 1, -1, -1, 1, -1, -1, 1)	7.303955143665322
2.483274122871837	202	(-1, -1, -1, -1, -1, -1, -1, -1, -1, -1, -1, 1, 1, -1, -1, 1, -1, 1, -1)	7.303955143665322
2.483274122871837	203	(-1, -1, -1, -1, -1, -1, -1, -1, -1, -1, -1, 1, 1, -1, -1, 1, -1, 1, 1)	7.303955143665322
2.483274122871837	204	(-1, -1, -1, -1, -1, -1, -1, -1, -1, -1, -1, 1, 1, -1, -1, 1, 1, -1, -1)	7.303955143665322
2.483274122871837	205	(-1, -1, -1, -1, -1, -1, -1, -1, -1, -1, -1, 1, 1, -1, -1, 1, 1, -1, 1)	7.303955143665322
2.483274122871837	206	(-1, -1, -1, -1, -1, -1, -1, -1, -1, -1, -1, 1, 1, -1, -1, 1, 1, 1, -1)	7.303955143665322
2.483274122871837	207	(-1, -1, -1, -1, -1, -1, -1, -1, -1, -1, -1, 1, 1, -1, -1, 1, 1, 1, 1)	7.303955143665322
2.483274122871837	208	(-1, -1, -1, -1, -1, -1, -1, -1, -1, -1, -1, 1, 1, -1, 1, -1, -1, -1, -1)	7.303955143665322
2.483274122871837	209	(-1, -1, -1, -1, -1, -1, -1, -1, -1, -1, -1, 1, 1, -1, 1, -1, -1, -1, 1)	7.303955143665322
2.483274122871837	210	(-1, -1, -1, -1, -1, -1, -1, -1, -1, -1, -1, 1, 1, -1, 1, -1, -1, 1, -1)	7.303955143665322
2.483274122871837	211	(-1, -1, -1, -1, -1, -1, -1, -1, -1, -1, -1, 1, 1, -1, 1, -1, -1, 1, 1)	7.303955143665322
2.483274122871837	212	(-1, -1, -1, -1, -1, -1, -1, -1, -1, -1, -1, 1, 1, -1, 1, -1, 1, -1, -1)	7.303955143665322
2.483274122871837	213	(-1, -1, -1, -1, -1, -1, -1, -1, -1, -1, -1, 1, 1, -1, 1, -1, 1, -1, 1)	7.303955143665322
2.483274122871837	214	(-1, -1, -1, -1, -1, -1, -1, -1, -1, -1, -1, 1, 1, -1, 1, -1, 1, 1, -1)	7.303955143665322
2.483274122871837	215	(-1, -1, -1, -1, -1, -1, -1, -1, -1, -1, -1, 1, 1, -1, 1, -1, 1, 1, 1)	7.303955143665322
2.483274122871837	216	(-1, -1, -1, -1, -1, -1, -1, -1, -1, -1, -1, 1, 1, -1, 1, 1, -1, -1, -1)	7.303955143665322
2.483274122871837	217	(-1, -1, -1, -1, -1, -1, -1, -1, -1, -1, -1, 1, 1, -1, 1, 1, -1, -1, 1)	7.303955143665322
2.483274122871837	218	(-1, -1, -1, -1, -1, -1, -1, -1, -1, -1, -1, 1, 1, -1, 1, 1, -1, 1, -1)	7.303955143665322
2.483274122871837	219	(-1, -1, -1, -1, -1, -1, -1, -1, -1, -1, -1, 1, 1, -1, 1, 1, -1, 1, 1)	7.303955143665322
2.483274122871837	220	(-1, -1, -1, -1, -1, -1, -1, -1, -1, -1, -1, 1, 1, -1, 1, 1, 1, -1, -1)	7.303955143665322
2.483274122871837	221	(-1, -1, -1, -1, -1, -1, -1, -1, -1, -1, -1, 1, 1, -1, 1, 1, 1, -1, 1)	7.303955143665322
2.483274122871837	222	(-1, -1, -1, -1, -1, -1, -1, -1, -1, -1, -1, 1, 1, -1, 1, 1, 1, 1, -1)	7.303955143665322
2.483274122871837	223	(-1, -1, -1, -1, -1, -1, -1, -1, -1, -1, -1, 1, 1, -1, 1, 1, 1, 1, 1)	7.303955143665322
2.483274122871837	224	(-1, -1, -1, -1, -1, -1, -1, -1, -1, -1, -1, 1, 1, 1, -1, -1, -1, -1, -1)	7.303955143665322
2.483274122871837	225	(-1, -1, -1, -1, -1, -1, -1, -1, -1, -1, -1, 1, 1, 1, -1, -1, -1, -1, 1)	7.303955143665322
2.483274122871837	226	(-1, -1, -1, -1, -1, -1, -1, -1, -1, -1, -1, 1, 1, 1, -1, -1, -1, 1, -1)	7.303955143665322
2.483274122871837	227	(-1, -1, -1, -1, -1, -1, -1, -1, -1, -1, -1, 1, 1, 1, -1, -1, -1, 1, 1)	7.303955143665322
2.483274122871837	228	(-1, -1, -1, -1, -1, -1, -1, -1, -1, -1, -1, 1, 1, 1, -1, -1, 1, -1, -1)	7.303955143665322
2.483274122871837	229	(-1, -1, -1, -1, -1, -1, -1, -1, -1, -1, -1, 1, 1, 1, -1, -1, 1, -1, 1)	7.303955143665322
2.483274122871837	230	(-1, -1, -1, -1, -1, -1, -1, -1, -1, -1, -1, 1, 1, 1, -1, -1, 1, 1, -1)	7.303955143665322
2.483274122871837	231	(-1, -1, -1, -1, -1, -1, -1, -1, -1, -1, -1, 1, 1, 1, -1, -1, 1, 1, 1)	7.303955143665322
2.483274122871837	232	(-1, -1, -1, -1, -1, -1, -1, -1, -1, -1, -1, 1, 1, 1, -1, 1, -1, -1, -1)	7.303955143665322
2.483274122871837	233	(-1, -1, -1, -1, -1, -1, -1, -1, -1, -1, -1, 1, 1, 1, -1, 1, -1, -1, 1)	7.303955143665322
2.483274122871837	234	(-1, -1, -1, -1, -1, -1, -1, -1, -1, -1, -1, 1, 1, 1, -1, 1, -1, 1, -1)	7.303955143665322
2.483274122871837	235	(-1, -1, -1, -1, -1, -1, -1, -1, -1, -1, -1, 1, 1, 1, -1, 1, -1, 1, 1)	7.303955143665322
2.483274122871837	236	(-1, -1, -1, -1, -1, -1, -1, -1, -1, -1, -1, 1, 1, 1, -1, 1, 1, -1, -1)	7.303955143665322
2.483274122871837	237	(-1, -1, -1, -1, -1, -1, -1, -1, -1, -1, -1, 1, 1, 1, -1, 1, 1, -1, 1)	7.303955143665322
2.483274122871837	238	(-1, -1, -1, -1, -1, -1, -1, -1, -1, -1, -1, 1, 1, 1, -1, 1, 1, 1, -1)	7.303955143665322
2.483274122871837	239	(-1, -1, -1, -1, -1, -1, -1, -1, -1, -1, -1, 1, 1, 1, -1, 1, 1, 1, 1)	7.303955143665322
2.483274122871837	240	(-1, -1, -1, -1, -1, -1, -1, -1, -1, -1, -1, 1, 1, 1, 1, -1, -1, -1, -1)	7.303955143664262
2.483274122871837	241	(-1, -1, -1, -1, -1, -1, -1, -1, -1, -1, -1, 1, 1, 1, 1, -1, -1, -1, 1)	7.303955143664262
2.483274122871837	242	(-1, -1, -1, -1, -1, -1, -1, -1, -1, -1, -1, 1, 1, 1, 1, -1, -1, 1, -1)	7.303955143665322
2.483274122871837	243	(-1, -1, -1, -1, -1, -1, -1, -1, -1, -1, -1, 1, 1, 1, 1, -1, -1, 1, 1)	7.303955143665322
2.483274122871837	244	(-1, -1, -1, -1, -1, -1, -1, -1, -1, -1, -1, 1, 1, 1, 1, -1, 1, -1, -1)	7.303955143665322
2.483274122871837	245	(-1, -1, -1, -1, -1, -1, -1, -1, -1, -1, -1, 1, 1, 1, 1, -1, 1, -1, 1)	7.303955143665322
2.483274122871837	246	(-1, -1, -1, -1, -1, -1, -1, -1, -1, -1, -1, 1, 1, 1, 1, -1, 1, 1, -1)	7.303955143665322
2.483274122871837	247	(-1, -1, -1, -1, -1, -1, -1, -1, -1, -1, -1, 1, 1, 1, 1, -1, 1, 1, 1)	7.303955143665322
2.483274122871837	248	(-1, -1, -1, -1, -1, -1, -1, -1, -1, -1, -1, 1, 1, 1, 1, 1, -1, -1, -1)	7.303955143665322
2.483274122871837	249	(-1, -1, -1, -1, -1, -1, -1, -1, -1, -1, -1, 1, 1, 1, 1, 1, -1, -1, 1)	7.303955143665322
2.483274122871837	250	(-1, -1, -1, -1, -1, -1, -1, -1, -1, -1, -1, 1, 1, 1, 1, 1, -1, 1, -1)	7.303955143665322
2.483274122871837	251	(-1, -1, -1, -1, -1, -1, -1, -1, -1, -1, -1, 1, 1, 1, 1, 1, -1, 1, 1)	7.303955143665322
2.483274122871837	252	(-1, -1, -1, -1, -1, -1, -1, -1, -1, -1, -1, 1, 1, 1, 1, 1, 1, -1, -1)	7.303955143666382
2.483274122871837	253	(-1, -1, -1, -1, -1, -1, -1, -1, -1, -1, -1, 1, 1, 1, 1, 1, 1, -1, 1)	7.303955143666382
2.483274122871837	254	(-1, -1, -1, -1, -1, -1, -1, -1, -1, -1, -1, 1, 1, 1, 1, 1, 1, 1, -1)	7.303955143670981
2.483274122871837	255	(-1, -1, -1, -1, -1, -1, -1, -1, -1, -1, -1, 1, 1, 1, 1, 1, 1, 1, 1)	7.303955143666382
2.483274122871837	256	(-1, -1, -1, -1, -1, -1, -1, -1, -1, -1, 1, -1, -1, -1, -1, -1, -1, -1, -1)	7.303955143665322
2.483274122871837	257	(-1, -1, -1, -1, -1, -1, -1, -1, -1, -1, 1, -1, -1, -1, -1, -1, -1, -1, 1)	7.303955143666382
2.483274122871837	258	(-1, -1, -1, -1, -1, -1, -1, -1, -1, -1, 1, -1, -1, -1, -1, -1, -1, 1, -1)	7.303955143670946
2.483274122871837	259	(-1, -1, -1, -1, -1, -1, -1, -1, -1, -1, 1, -1, -1, -1, -1, -1, -1, 1, 1)	7.303955143670946
2.483274122871837	260	(-1, -1, -1, -1, -1, -1, -1, -1, -1, -1, 1, -1, -1, -1, -1, -1, 1, -1, -1)	7.303955143666382
2.483274122871837	261	(-1, -1, -1, -1, -1, -1, -1, -1, -1, -1, 1, -1, -1, -1, -1, -1, 1, -1, 1)	7.303955143666382
2.483274122871837	262	(-1, -1, -1, -1, -1, -1, -1, -1, -1, -1, 1, -1, -1, -1, -1, -1, 1, 1, -1)	7.303955143666382
2.483274122871837	263	(-1, -1, -1, -1, -1, -1, -1, -1, -1, -1, 1, -1, -1, -1, -1, -1, 1, 1, 1)	7.303955143666382
2.483274122871837	264	(-1, -1, -1, -1, -1, -1, -1, -1, -1, -1, 1, -1, -1, -1, -1, 1, -1, -1, -1)	7.303955143666382
2.483274122871837	265	(-1, -1, -1, -1, -1, -1, -1, -1, -1, -1, 1, -1, -1, -1, -1, 1, -1, -1, 1)	7.303955143666382
2.483274122871837	266	(-1, -1, -1, -1, -1, -1, -1, -1, -1, -1, 1, -1, -1, -1, -1, 1, -1, 1, -1)	7.303955143666382
2.483274122871837	267	(-1, -1, -1, -1, -1, -1, -1, -1, -1, -1, 1, -1, -1, -1, -1, 1, -1, 1, 1)	7.303955143666382
2.483274122871837	268	(-1, -1, -1, -1, -1, -1, -1, -1, -1, -1, 1, -1, -1, -1, -1, 1, 1, -1, -1)	7.303955143666382
2.483274122871837	269	(-1, -1, -1, -1, -1, -1, -1, -1, -1, -1, 1, -1, -1, -1, -1, 1, 1, -1, 1)	7.303955143666382
2.483274122871837	270	(-1, -1, -1, -1, -1, -1, -1, -1, -1, -1, 1, -1, -1, -1, -1, 1, 1, 1, -1)	7.303955143666382
2.483274122871837	271	(-1, -1, -1, -1, -1, -1, -1, -1, -1, -1, 1, -1, -1, -1, -1, 1, 1, 1, 1)	7.303955143666382
2.483274122871837	272	(-1, -1, -1, -1, -1, -1, -1, -1, -1, -1, 1, -1, -1, -1, 1, -1, -1, -1, -1)	7.303955143666382
2.483274122871837	273	(-1, -1, -1, -1, -1, -1, -1, -1, -1, -1, 1, -1, -1, -1, 1, -1, -1, -1, 1)	7.303955143666382
2.483274122871837	274	(-1, -1, -1, -1, -1, -1, -1, -1, -1, -1, 1, -1, -1, -1, 1, -1, -1, 1, -1)	7.303955143666382
2.483274122871837	275	(-1, -1, -1, -1, -1, -1, -1, -1, -1, -1, 1, -1, -1, -1, 1, -1, -1, 1, 1)	7.303955143666382
2.483274122871837	276	(-1, -1, -1, -1, -1, -1, -1, -1, -1, -1, 1, -1, -1, -1, 1, -1, 1, -1, -1)	7.303955143666382
2.483274122871837	277	(-1, -1, -1, -1, -1, -1, -1, -1, -1, -1, 1, -1, -1, -1, 1, -1, 1, -1, 1)	7.303955143666382
2.483274122871837	278	(-1, -1, -1, -1, -1, -1, -1, -1, -1, -1, 1, -1, -1, -1, 1, -1, 1, 1, -1)	7.303955143666382
2.483274122871837	279	(-1, -1, -1, -1, -1, -1, -1, -1, -1, -1, 1, -1, -1, -1, 1, -1, 1, 1, 1)	7.303955143666382
2.483274122871837	280	(-1, -1, -1, -1, -1, -1, -1, -1, -1, -1, 1, -1, -1, -1, 1, 1, -1, -1, -1)	7.303955143666382
2.483274122871837	281	(-1, -1, -1, -1, -1, -1, -1, -1, -1, -1, 1, -1, -1, -1, 1, 1, -1, -1, 1)	7.303955143666382
2.483274122871837	282	(-1, -1, -1, -1, -1, -1, -1, -1, -1, -1, 1, -1, -1, -1, 1, 1, -1, 1, -1)	7.303955143666382
2.483274122871837	283	(-1, -1, -1, -1, -1, -1, -1, -1, -1, -1, 1, -1, -1, -1, 1, 1, -1, 1, 1)	7.303955143666382
2.483274122871837	284	(-1, -1, -1, -1, -1, -1, -1, -1, -1, -1, 1, -1, -1, -1, 1, 1, 1, -1, -1)	7.303955143666382
2.483274122871837	285	(-1, -1, -1, -1, -1, -1, -1, -1, -1, -1, 1, -1, -1, -1, 1, 1, 1, -1, 1)	7.303955143666382
2.483274122871837	286	(-1, -1, -1, -1, -1, -1, -1, -1, -1, -1, 1, -1, -1, -1, 1, 1, 1, 1, -1)	7.303955143666382
2.483274122871837	287	(-1, -1, -1, -1, -1, -1, -1, -1, -1, -1, 1, -1, -1, -1, 1, 1, 1, 1, 1)	7.303955143666382
2.483274122871837	288	(-1, -1, -1, -1, -1, -1, -1, -1, -1, -1, 1, -1, -1, 1, -1, -1, -1, -1, -1)	7.303955143666382
2.483274122871837	289	(-1, -1, -1, -1, -1, -1, -1, -1, -1, -1, 1, -1, -1, 1, -1, -1, -1, -1, 1)	7.303955143666382
2.483274122871837	290	(-1, -1, -1, -1, -1, -1, -1, -1, -1, -1, 1, -1, -1, 1, -1, -1, -1, 1, -1)	7.303955143666382
2.483274122871837	291	(-1, -1, -1, -1, -1, -1, -1, -1, -1, -1, 1, -1, -1, 1, -1, -1, -1, 1, 1)	7.303955143666382
2.483274122871837	292	(-1, -1, -1, -1, -1, -1, -1, -1, -1, -1, 1, -1, -1, 1, -1, -1, 1, -1, -1)	7.303955143666382
2.483274122871837	293	(-1, -1, -1, -1, -1, -1, -1, -1, -1, -1, 1, -1, -1, 1, -1, -1, 1, -1, 1)	7.303955143666382
2.483274122871837	294	(-1, -1, -1, -1, -1, -1, -1, -1, -1, -1, 1, -1, -1, 1, -1, -1, 1, 1, -1)	7.303955143666382
2.483274122871837	295	(-1, -1, -1, -1, -1, -1, -1, -1, -1, -1, 1, -1, -1, 1, -1, -1, 1, 1, 1)	7.303955143666382
2.483274122871837	296	(-1, -1, -1, -1, -1, -1, -1, -1, -1, -1, 1, -1, -1, 1, -1, 1, -1, -1, -1)	7.303955143666382
2.483274122871837	297	(-1, -1, -1, -1, -1, -1, -1, -1, -1, -1, 1, -1, -1, 1, -1, 1, -1, -1, 1)	7.303955143666382
2.483274122871837	298	(-1, -1, -1, -1, -1, -1, -1, -1, -1, -1, 1, -1, -1, 1, -1, 1, -1, 1, -1)	7.303955143666382
2.483274122871837	299	(-1, -1, -1, -1, -1, -1, -1, -1, -1, -1, 1, -1, -1, 1, -1, 1, -1, 1, 1)	7.303955143666382
2.483274122871837	300	(-1, -1, -1, -1, -1, -1, -1, -1, -1, -1, 1, -1, -1, 1, -1, 1, 1, -1, -1)	7.303955143666382
2.483274122871837	301	(-1, -1, -1, -1, -1, -1, -1, -1, -1, -1, 1, -1, -1, 1, -1, 1, 1, -1, 1)	7.303955143666382
2.483274122871837	302	(-1, -1, -1, -1, -1, -1, -1, -1, -1, -1, 1, -1, -1, 1, -1, 1, 1, 1, -1)	7.303955143666382
2.483274122871837	303	(-1, -1, -1, -1, -1, -1, -1, -1, -1, -1, 1, -1, -1, 1, -1, 1, 1, 1, 1)	7.303955143666382
2.483274122871837	304	(-1, -1, -1, -1, -1, -1, -1, -1, -1, -1, 1, -1, -1, 1, 1, -1, -1, -1, -1)	7.303955143666382
2.483274122871837	305	(-1, -1, -1, -1, -1, -1, -1, -1, -1, -1, 1, -1, -1, 1, 1, -1, -1, -1, 1)	7.303955143666382
2.483274122871837	306	(-1, -1, -1, -1, -1, -1, -1, -1, -1, -1, 1, -1, -1, 1, 1, -1, -1, 1, -1)	7.303955143666382
2.483274122871837	307	(-1, -1, -1, -1, -1, -1, -1, -1, -1, -1, 1, -1, -1, 1, 1, -1, -1, 1, 1)	7.303955143666382
2.483274122871837	308	(-1, -1, -1, -1, -1, -1, -1, -1, -1, -1, 1, -1, -1, 1, 1, -1, 1, -1, -1)	7.303955143666382
2.483274122871837	309	(-1, -1, -1, -1, -1, -1, -1, -1, -1, -1, 1, -1, -1, 1, 1, -1, 1, -1, 1)	7.303955143666382
2.483274122871837	310	(-1, -1, -1, -1, -1, -1, -1, -1, -1, -1, 1, -1, -1, 1, 1, -1, 1, 1, -1)	7.303955143666382
2.483274122871837	311	(-1, -1, -1, -1, -1, -1, -1, -1, -1, -1, 1, -1, -1, 1, 1, -1, 1, 1, 1)	7.303955143666382
2.483274122871837	312	(-1, -1, -1, -1, -1, -1, -1, -1, -1, -1, 1, -1, -1, 1, 1, 1, -1, -1, -1)	7.303955143666382
2.483274122871837	313	(-1, -1, -1, -1, -1, -1, -1, -1, -1, -1, 1, -1, -1, 1, 1, 1, -1, -1, 1)	7.303955143666382
2.483274122871837	314	(-1, -1, -1, -1, -1, -1, -1, -1, -1, -1, 1, -1, -1, 1, 1, 1, -1, 1, -1)	7.303955143666382
2.483274122871837	315	(-1, -1, -1, -1, -1, -1, -1, -1, -1, -1, 1, -1, -1, 1, 1, 1, -1, 1, 1)	7.303955143666382
2.483274122871837	316	(-1, -1, -1, -1, -1, -1, -1, -1, -1, -1, 1, -1, -1, 1, 1, 1, 1, -1, -1)	7.303955143666382
2.483274122871837	317	(-1, -1, -1, -1, -1, -1, -1, -1, -1, -1, 1, -1, -1, 1, 1, 1, 1, -1, 1)	7.303955143666382
2.483274122871837	318	(-1, -1, -1, -1, -1, -1, -1, -1, -1, -1, 1, -1, -1, 1, 1, 1, 1, 1, -1)	7.303955143666382
2.483274122871837	319	(-1, -1, -1, -1, -1, -1, -1, -1, -1, -1, 1, -1, -1, 1, 1, 1, 1, 1, 1)	7.303955143665322
2.483274122871837	320	(-1, -1, -1, -1, -1, -1, -1, -1, -1, -1, 1, -1, 1, -1, -1, -1, -1, -1, -1)	7.303955143665322
2.483274122871837	321	(-1, -1, -1, -1, -1, -1, -1, -1, -1, -1, 1, -1, 1, -1, -1, -1, -1, -1, 1)	7.303955143666382
2.483274122871837	322	(-1, -1, -1, -1, -1, -1, -1, -1, -1, -1, 1, -1, 1, -1, -1, -1, -1, 1, -1)	7.303955143666382
2.483274122871837	323	(-1, -1, -1, -1, -1, -1, -1, -1, -1, -1, 1, -1, 1, -1, -1, -1, -1, 1, 1)	7.303955143666382
2.483274122871837	324	(-1, -1, -1, -1, -1, -1, -1, -1, -1, -1, 1, -1, 1, -1, -1, -1, 1, -1, -1)	7.303955143666382
2.483274122871837	325	(-1, -1, -1, -1, -1, -1, -1, -1, -1, -1, 1, -1, 1, -1, -1, -1, 1, -1, 1)	7.303955143666382
2.483274122871837	326	(-1, -1, -1, -1, -1, -1, -1, -1, -1, -1, 1, -1, 1, -1, -1, -1, 1, 1, -1)	7.303955143666382
2.483274122871837	327	(-1, -1, -1, -1, -1, -1, -1, -1, -1, -1, 1, -1, 1, -1, -1, -1, 1, 1, 1)	7.303955143666382
2.483274122871837	328	(-1, -1, -1, -1, -1, -1, -1, -1, -1, -1, 1, -1, 1, -1, -1, 1, -1, -1, -1)	7.303955143666382
2.483274122871837	329	(-1, -1, -1, -1, -1, -1, -1, -1, -1, -1, 1, -1, 1, -1, -1, 1, -1, -1, 1)	7.303955143666382
2.483274122871837	330	(-1, -1, -1, -1, -1, -1, -1, -1, -1, -1, 1, -1, 1, -1, -1, 1, -1, 1, -1)	7.303955143666382
2.483274122871837	331	(-1, -1, -1, -1, -1, -1, -1, -1, -1, -1, 1, -1, 1, -1, -1, 1, -1, 1, 1)	7.303955143666382
2.483274122871837	332	(-1, -1, -1, -1, -1, -1, -1, -1, -1, -1, 1, -1, 1, -1, -1, 1, 1, -1, -1)	7.303955143666382
2.483274122871837	333	(-1, -1, -1, -1, -1, -1, -1, -1, -1, -1, 1, -1, 1, -1, -1, 1, 1, -1, 1)	7.303955143666382
2.483274122871837	334	(-1, -1, -1, -1, -1, -1, -1, -1, -1, -1, 1, -1, 1, -1, -1, 1, 1, 1, -1)	7.303955143666382
2.483274122871837	335	(-1, -1, -1, -1, -1, -1, -1, -1, -1, -1, 1, -1, 1, -1, -1, 1, 1, 1, 1)	7.303955143666382
2.483274122871837	336	(-1, -1, -1, -1, -1, -1, -1, -1, -1, -1, 1, -1, 1, -1, 1, -1, -1, -1, -1)	7.303955143666382
2.483274122871837	337	(-1, -1, -1, -1, -1, -1, -1, -1, -1, -1, 1, -1, 1, -1, 1, -1, -1, -1, 1)	7.303955143666382
2.483274122871837	338	(-1, -1, -1, -1, -1, -1, -1, -1, -1, -1, 1, -1, 1, -1, 1, -1, -1, 1, -1)	7.303955143666382
2.483274122871837	339	(-1, -1, -1, -1, -1, -1, -1, -1, -1, -1, 1, -1, 1, -1, 1, -1, -1, 1, 1)	7.303955143666382
2.483274122871837	340	(-1, -1, -1, -1, -1, -1, -1, -1, -1, -1, 1, -1, 1, -1, 1, -1, 1, -1, -1)	7.303955143666382
2.483274122871837	341	(-1, -1, -1, -1, -1, -1, -1, -1, -1, -1, 1, -1, 1, -1, 1, -1, 1, -1, 1)	7.303955143666382
2.483274122871837	342	(-1, -1, -1, -1, -1, -1, -1, -1, -1, -1, 1, -1, 1, -1, 1, -1, 1, 1, -1)	7.303955143666382
2.483274122871837	343	(-1, -1, -1, -1, -1, -1, -1, -1, -1, -1, 1, -1, 1, -1, 1, -1, 1, 1, 1)	7.303955143666382
2.483274122871837	344	(-1, -1, -1, -1, -1, -1, -1, -1, -1, -1, 1, -1, 1, -1, 1, 1, -1, -1, -1)	7.303955143666382
2.483274122871837	345	(-1, -1, -1, -1, -1, -1, -1, -1, -1, -1, 1, -1, 1, -1, 1, 1, -1, -1, 1)	7.303955143666382
2.483274122871837	346	(-1, -1, -1, -1, -1, -1, -1, -1, -1, -1, 1, -1, 1, -1, 1, 1, -1, 1, -1)	7.303955143666382
2.483274122871837	347	(-1, -1, -1, -1, -1, -1, -1, -1, -1, -1, 1, -1, 1, -1, 1, 1, -1, 1, 1)	7.303955143666382
2.483274122871837	348	(-1, -1, -1, -1, -1, -1, -1, -1, -1, -1, 1, -1, 1, -1, 1, 1, 1, -1, -1)	7.303955143666382
2.483274122871837	349	(-1, -1, -1, -1, -1, -1, -1, -1, -1, -1, 1, -1, 1, -1, 1, 1, 1, -1, 1)	7.303955143666382
2.483274122871837	350	(-1, -1, -1, -1, -1, -1, -1, -1, -1, -1, 1, -1, 1, -1, 1, 1, 1, 1, -1)	7.303955143666382
2.483274122871837	351	(-1, -1, -1, -1, -1, -1, -1, -1, -1, -1, 1, -1, 1, -1, 1, 1, 1, 1, 1)	7.303955143666382
2.483274122871837	352	(-1, -1, -1, -1, -1, -1, -1, -1, -1, -1, 1, -1, 1, 1, -1, -1, -1, -1, -1)	7.303955143666382
2.483274122871837	353	(-1, -1, -1, -1, -1, -1, -1, -1, -1, -1, 1, -1, 1, 1, -1, -1, -1, -1, 1)	7.303955143666382
2.483274122871837	354	(-1, -1, -1, -1, -1, -1, -1, -1, -1, -1, 1, -1, 1, 1, -1, -1, -1, 1, -1)	7.303955143666382
2.483274122871837	355	(-1, -1, -1, -1, -1, -1, -1, -1, -1, -1, 1, -1, 1, 1, -1, -1, -1, 1, 1)	7.303955143666382
2.483274122871837	356	(-1, -1, -1, -1, -1, -1, -1, -1, -1, -1, 1, -1, 1, 1, -1, -1, 1, -1, -1)	7.303955143666382
2.483274122871837	357	(-1, -1, -1, -1, -1, -1, -1, -1, -1, -1, 1, -1, 1, 1, -1, -1, 1, -1, 1)	7.303955143666382
2.483274122871837	358	(-1, -1, -1, -1, -1, -1, -1, -1, -1, -1, 1, -1, 1, 1, -1, -1, 1, 1, -1)	7.303955143666382
2.483274122871837	359	(-1, -1, -1, -1, -1, -1, -1, -1, -1, -1, 1, -1, 1, 1, -1, -1, 1, 1, 1)	7.303955143666382
2.483274122871837	360	(-1, -1, -1, -1, -1, -1, -1, -1, -1, -1, 1, -1, 1, 1, -1, 1, -1, -1, -1)	7.303955143666382
2.483274122871837	361	(-1, -1, -1, -1, -1, -1, -1, -1, -1, -1, 1, -1, 1, 1, -1, 1, -1, -1, 1)	7.303955143666382
2.483274122871837	362	(-1, -1, -1, -1, -1, -1, -1, -1, -1, -1, 1, -1, 1, 1, -1, 1, -1, 1, -1)	7.303955143666382
2.483274122871837	363	(-1, -1, -1, -1, -1, -1, -1, -1, -1, -1, 1, -1, 1, 1, -1, 1, -1, 1, 1)	7.303955143666382
2.483274122871837	364	(-1, -1, -1, -1, -1, -1, -1, -1, -1, -1, 1, -1, 1, 1, -1, 1, 1, -1, -1)	7.303955143666382
2.483274122871837	365	(-1, -1, -1, -1, -1, -1, -1, -1, -1, -1, 1, -1, 1, 1, -1, 1, 1, -1, 1)	7.303955143666382
2.483274122871837	366	(-1, -1, -1, -1, -1, -1, -1, -1, -1, -1, 1, -1, 1, 1, -1, 1, 1, 1, -1)	7.303955143666382
2.483274122871837	367	(-1, -1, -1, -1, -1, -1, -1, -1, -1, -1, 1, -1, 1, 1, -1, 1, 1, 1, 1)	7.303955143666382
2.483274122871837	368	(-1, -1, -1, -1, -1, -1, -1, -1, -1, -1, 1, -1, 1, 1, 1, -1, -1, -1, -1)	7.303955143666382
2.483274122871837	369	(-1, -1, -1, -1, -1, -1, -1, -1, -1, -1, 1, -1, 1, 1, 1, -1, -1, -1, 1)	7.303955143666382
2.483274122871837	370	(-1, -1, -1, -1, -1, -1, -1, -1, -1, -1, 1, -1, 1, 1, 1, -1, -1, 1, -1)	7.303955143666382
2.483274122871837	371	(-1, -1, -1, -1, -1, -1, -1, -1, -1, -1, 1, -1, 1, 1, 1, -1, -1, 1, 1)	7.303955143666382
2.483274122871837	372	(-1, -1, -1, -1, -1, -1, -1, -1, -1, -1, 1, -1, 1, 1, 1, -1, 1, -1, -1)	7.303955143666382
2.483274122871837	373	(-1, -1, -1, -1, -1, -1, -1, -1, -1, -1, 1, -1, 1, 1, 1, -1, 1, -1, 1)	7.303955143666382
2.483274122871837	374	(-1, -1, -1, -1, -1, -1, -1, -1, -1, -1, 1, -1, 1, 1, 1, -1, 1, 1, -1)	7.303955143666382
2.483274122871837	375	(-1, -1, -1, -1, -1, -1, -1, -1, -1, -1, 1, -1, 1, 1, 1, -1, 1, 1, 1)	7.303955143666382
2.483274122871837	376	(-1, -1, -1, -1, -1, -1, -1, -1, -1, -1, 1, -1, 1, 1, 1, 1, -1, -1, -1)	7.303955143666382
2.483274122871837	377	(-1, -1, -1, -1, -1, -1, -1, -1, -1, -1, 1, -1, 1, 1, 1, 1, -1, -1, 1)	7.303955143666382
2.483274122871837	378	(-1, -1, -1, -1, -1, -1, -1, -1, -1, -1, 1, -1, 1, 1, 1, 1, -1, 1, -1)	7.303955143666382
2.483274122871837	379	(-1, -1, -1, -1, -1, -1, -1, -1, -1, -1, 1, -1, 1, 1, 1, 1, -1, 1, 1)	7.303955143666382
2.483274122871837	380	(-1, -1, -1, -1, -1, -1, -1, -1, -1, -1, 1, -1, 1, 1, 1, 1, 1, -1, -1)	7.303955143666382
2.483274122871837	381	(-1, -1, -1, -1, -1, -1, -1, -1, -1, -1, 1, -1, 1, 1, 1, 1, 1, -1, 1)	7.303955143666382
2.483274122871837	382	(-1, -1, -1, -1, -1, -1, -1, -1, -1, -1, 1, -1, 1, 1, 1, 1, 1, 1, -1)	7.303955143665322
2.483274122871837	383	(-1, -1, -1, -1, -1, -1, -1, -1, -1, -1, 1, -1, 1, 1, 1, 1, 1, 1, 1)	7.303955143664262
2.483274122871837	384	(-1, -1, -1, -1, -1, -1, -1, -1, -1, -1, 1, 1, -1, -1, -1, -1, -1, -1, -1)	7.303955143666382
2.483274122871837	385	(-1, -1, -1, -1, -1, -1, -1, -1, -1, -1, 1, 1, -1, -1, -1, -1, -1, -1, 1)	7.303955143670632
2.483274122871837	386	(-1, -1, -1, -1, -1, -1, -1, -1, -1, -1, 1, 1, -1, -1, -1, -1, -1, 1, -1)	7.303955143666382
2.483274122871837	387	(-1, -1, -1, -1, -1, -1, -1, -1, -1, -1, 1, 1, -1, -1, -1, -1, -1, 1, 1)	7.303955143666382
2.483274122871837	388	(-1, -1, -1, -1, -1, -1, -1, -1, -1, -1, 1, 1, -1, -1, -1, -1, 1, -1, -1)	7.303955143666382
2.483274122871837	389	(-1, -1, -1, -1, -1, -1, -1, -1, -1, -1, 1, 1, -1, -1, -1, -1, 1, -1, 1)	7.303955143666382
2.483274122871837	390	(-1, -1, -1, -1, -1, -1, -1, -1, -1, -1, 1, 1, -1, -1, -1, -1, 1, 1, -1)	7.303955143666382
2.483274122871837	391	(-1, -1, -1, -1, -1, -1, -1, -1, -1, -1, 1, 1, -1, -1, -1, -1, 1, 1, 1)	7.303955143666382
2.483274122871837	392	(-1, -1, -1, -1, -1, -1, -1, -1, -1, -1, 1, 1, -1, -1, -1, 1, -1, -1, -1)	7.303955143666382
2.483274122871837	393	(-1, -1, -1, -1, -1, -1, -1, -1, -1, -1, 1, 1, -1, -1, -1, 1, -1, -1, 1)	7.303955143666382
2.483274122871837	394	(-1, -1, -1, -1, -1, -1, -1, -1, -1, -1, 1, 1, -1, -1, -1, 1, -1, 1, -1)	7.303955143666382
2.483274122871837	395	(-1, -1, -1, -1, -1, -1, -1, -1, -1, -1, 1, 1, -1, -1, -1, 1, -1, 1, 1)	7.303955143666382
2.483274122871837	396	(-1, -1, -1, -1, -1, -1, -1, -1, -1, -1, 1, 1, -1, -1, -1, 1, 1, -1, -1)	7.303955143666382
2.483274122871837	397	(-1, -1, -1, -1, -1, -1, -1, -1, -1, -1, 1, 1, -1, -1, -1, 1, 1, -1, 1)	7.303955143666382
2.483274122871837	398	(-1, -1, -1, -1, -1, -1, -1, -1, -1, -1, 1, 1, -1, -1, -1, 1, 1, 1, -1)	7.303955143666382
2.483274122871837	399	(-1, -1, -1, -1, -1, -1, -1, -1, -1, -1, 1, 1, -1, -1, -1, 1, 1, 1, 1)	7.303955143666382
2.483274122871837	400	(-1, -1, -1, -1, -1, -1, -1, -1, -1, -1, 1, 1, -1, -1, 1, -1, -1, -1, -1)	7.303955143666382
2.483274122871837	401	(-1, -1, -1, -1, -1, -1, -1, -1, -1, -1, 1, 1, -1, -1, 1, -1, -1, -1, 1)	7.303955143666382
2.483274122871837	402	(-1, -1, -1, -1, -1, -1, -1, -1, -1, -1, 1, 1, -1, -1, 1, -1, -1, 1, -1)	7.303955143666382
2.483274122871837	403	(-1, -1, -1, -1, -1, -1, -1, -1, -1, -1, 1, 1, -1, -1, 1, -1, -1, 1, 1)	7.303955143666382
2.483274122871837	404	(-1, -1, -1, -1, -1, -1, -1, -1, -1, -1, 1, 1, -1, -1, 1, -1, 1, -1, -1)	7.303955143666382
2.483274122871837	405	(-1, -1, -1, -1, -1, -1, -1, -1, -1, -1, 1, 1, -1, -1, 1, -1, 1, -1, 1)	7.303955143666382
2.483274122871837	406	(-1, -1, -1, -1, -1, -1, -1, -1, -1, -1, 1, 1, -1, -1, 1, -1, 1, 1, -1)	7.303955143666382
2.483274122871837	407	(-1, -1, -1, -1, -1, -1, -1, -1, -1, -1, 1, 1, -1, -1, 1, -1, 1, 1, 1)	7.303955143666382
2.483274122871837	408	(-1, -1, -1, -1, -1, -1, -1, -1, -1, -1, 1, 1, -1, -1, 1, 1, -1, -1, -1)	7.303955143666382
2.483274122871837	409	(-1, -1, -1, -1, -1, -1, -1, -1, -1, -1, 1, 1, -1, -1, 1, 1, -1, -1, 1)	7.303955143666382
2.483274122871837	410	(-1, -1, -1, -1, -1, -1, -1, -1, -1, -1, 1, 1, -1, -1, 1, 1, -1, 1, -1)	7.303955143666382
2.483274122871837	411	(-1, -1, -1, -1, -1, -1, -1, -1, -1, -1, 1, 1, -1, -1, 1, 1, -1, 1, 1)	7.303955143666382
2.483274122871837	412	(-1, -1, -1, -1, -1, -1, -1, -1, -1, -1, 1, 1, -1, -1, 1, 1, 1, -1, -1)	7.303955143666382
2.483274122871837	413	(-1, -1, -1, -1, -1, -1, -1, -1, -1, -1, 1, 1, -1, -1, 1, 1, 1, -1, 1)	7.303955143666382
2.483274122871837	414	(-1, -1, -1, -1, -1, -1, -1, -1, -1, -1, 1, 1, -1, -1, 1, 1, 1, 1, -1)	7.303955143666382
2.483274122871837	415	(-1, -1, -1, -1, -1, -1, -1, -1, -1, -1, 1, 1, -1, -1, 1, 1, 1, 1, 1)	7.303955143666382
2.483274122871837	416	(-1, -1, -1, -1, -1, -1, -1, -1, -1, -1, 1, 1, -1, 1, -1, -1, -1, -1, -1)	7.303955143666382
2.483274122871837	417	(-1, -1, -1, -1, -1, -1, -1, -1, -1, -1, 1, 1, -1, 1, -1, -1, -1, -1, 1)	7.303955143666382
2.483274122871837	418	(-1, -1, -1, -1, -1, -1, -1, -1, -1, -1, 1, 1, -1, 1, -1, -1, -1, 1, -1)	7.303955143666382
2.483274122871837	419	(-1, -1, -1, -1, -1, -1, -1, -1, -1, -1, 1, 1, -1, 1, -1, -1, -1, 1, 1)	7.303955143666382
2.483274122871837	420	(-1, -1, -1, -1, -1, -1, -1, -1, -1, -1, 1, 1, -1, 1, -1, -1, 1, -1, -1)	7.303955143666382
2.483274122871837	421	(-1, -1, -1, -1, -1, -1, -1, -1, -1, -1, 1, 1, -1, 1, -1, -1, 1, -1, 1)	7.303955143666382
2.483274122871837	422	(-1, -1, -1, -1, -1, -1, -1, -1, -1, -1, 1, 1, -1, 1, -1, -1, 1, 1, -1)	7.303955143666382
2.483274122871837	423	(-1, -1, -1, -1, -1, -1, -1, -1, -1, -1, 1, 1, -1, 1, -1, -1, 1, 1, 1)	7.303955143666382
2.483274122871837	424	(-1, -1, -1, -1, -1, -1, -1, -1, -1, -1, 1, 1, -1, 1, -1, 1, -1, -1, -1)	7.303955143666382
2.483274122871837	424	(-1, -1, -1, -1, -1, -1, -1, -1, -1, -1, 1, 1, -1, 1, -1, 1, -1, -1, -1)	7.303955143666382
2.483274122871837	425	(-1, -1, -1, -1, -1, -1, -1, -1, -1, -1, 1, 1, -1, 1, -1, 1, -1, -1, 1)	7.303955143666382
2.483274122871837	426	(-1, -1, -1, -1, -1, -1, -1, -1, -1, -1, 1, 1, -1, 1, -1, 1, -1, 1, -1)	7.303955143666382
2.483274122871837	427	(-1, -1, -1, -1, -1, -1, -1, -1, -1, -1, 1, 1, -1, 1, -1, 1, -1, 1, 1)	7.303955143666382
2.483274122871837	428	(-1, -1, -1, -1, -1, -1, -1, -1, -1, -1, 1, 1, -1, 1, -1, 1, 1, -1, -1)	7.303955143666382
2.483274122871837	429	(-1, -1, -1, -1, -1, -1, -1, -1, -1, -1, 1, 1, -1, 1, -1, 1, 1, -1, 1)	7.303955143666382
2.483274122871837	430	(-1, -1, -1, -1, -1, -1, -1, -1, -1, -1, 1, 1, -1, 1, -1, 1, 1, 1, -1)	7.303955143666382
2.483274122871837	431	(-1, -1, -1, -1, -1, -1, -1, -1, -1, -1, 1, 1, -1, 1, -1, 1, 1, 1, 1)	7.303955143666382
2.483274122871837	432	(-1, -1, -1, -1, -1, -1, -1, -1, -1, -1, 1, 1, -1, 1, 1, -1, -1, -1, -1)	7.303955143666382
2.483274122871837	433	(-1, -1, -1, -1, -1, -1, -1, -1, -1, -1, 1, 1, -1, 1, 1, -1, -1, -1, 1)	7.303955143666382
2.483274122871837	434	(-1, -1, -1, -1, -1, -1, -1, -1, -1, -1, 1, 1, -1, 1, 1, -1, -1, 1, -1)	7.303955143666382
2.483274122871837	435	(-1, -1, -1, -1, -1, -1, -1, -1, -1, -1, 1, 1, -1, 1, 1, -1, -1, 1, 1)	7.303955143666382
2.483274122871837	436	(-1, -1, -1, -1, -1, -1, -1, -1, -1, -1, 1, 1, -1, 1, 1, -1, 1, -1, -1)	7.303955143666382
2.483274122871837	437	(-1, -1, -1, -1, -1, -1, -1, -1, -1, -1, 1, 1, -1, 1, 1, -1, 1, -1, 1)	7.303955143666382
2.483274122871837	438	(-1, -1, -1, -1, -1, -1, -1, -1, -1, -1, 1, 1, -1, 1, 1, -1, 1, 1, -1)	7.303955143666382
2.483274122871837	439	(-1, -1, -1, -1, -1, -1, -1, -1, -1, -1, 1, 1, -1, 1, 1, -1, 1, 1, 1)	7.303955143666382
2.483274122871837	440	(-1, -1, -1, -1, -1, -1, -1, -1, -1, -1, 1, 1, -1, 1, 1, 1, -1, -1, -1)	7.303955143666382
2.483274122871837	441	(-1, -1, -1, -1, -1, -1, -1, -1, -1, -1, 1, 1, -1, 1, 1, 1, -1, -1, 1)	7.303955143666382
2.483274122871837	442	(-1, -1, -1, -1, -1, -1, -1, -1, -1, -1, 1, 1, -1, 1, 1, 1, -1, 1, -1)	7.303955143666382
2.483274122871837	443	(-1, -1, -1, -1, -1, -1, -1, -1, -1, -1, 1, 1, -1, 1, 1, 1, -1, 1, 1)	7.303955143666382
2.483274122871837	444	(-1, -1, -1, -1, -1, -1, -1, -1, -1, -1, 1, 1, -1, 1, 1, 1, 1, -1, -1)	7.303955143666382
2.483274122871837	445	(-1, -1, -1, -1, -1, -1, -1, -1, -1, -1, 1, 1, -1, 1, 1, 1, 1, -1, 1)	7.303955143666382
2.483274122871837	446	(-1, -1, -1, -1, -1, -1, -1, -1, -1, -1, 1, 1, -1, 1, 1, 1, 1, 1, -1)	7.303955143666382
2.483274122871837	447	(-1, -1, -1, -1, -1, -1, -1, -1, -1, -1, 1, 1, -1, 1, 1, 1, 1, 1, 1)	7.303955143665322
2.483274122871837	448	(-1, -1, -1, -1, -1, -1, -1, -1, -1, -1, 1, 1, 1, -1, -1, -1, -1, -1, -1)	7.303955143665322
2.483274122871837	449	(-1, -1, -1, -1, -1, -1, -1, -1, -1, -1, 1, 1, 1, -1, -1, -1, -1, -1, 1)	7.303955143666382
2.483274122871837	450	(-1, -1, -1, -1, -1, -1, -1, -1, -1, -1, 1, 1, 1, -1, -1, -1, -1, 1, -1)	7.303955143666382
2.483274122871837	451	(-1, -1, -1, -1, -1, -1, -1, -1, -1, -1, 1, 1, 1, -1, -1, -1, -1, 1, 1)	7.303955143666382
2.483274122871837	452	(-1, -1, -1, -1, -1, -1, -1, -1, -1, -1, 1, 1, 1, -1, -1, -1, 1, -1, -1)	7.303955143666382
2.483274122871837	453	(-1, -1, -1, -1, -1, -1, -1, -1, -1, -1, 1, 1, 1, -1, -1, -1, 1, -1, 1)	7.303955143666382
2.483274122871837	454	(-1, -1, -1, -1, -1, -1, -1, -1, -1, -1, 1, 1, 1, -1, -1, -1, 1, 1, -1)	7.303955143666382
2.483274122871837	455	(-1, -1, -1, -1, -1, -1, -1, -1, -1, -1, 1, 1, 1, -1, -1, -1, 1, 1, 1)	7.303955143666382
2.483274122871837	456	(-1, -1, -1, -1, -1, -1, -1, -1, -1, -1, 1, 1, 1, -1, -1, 1, -1, -1, -1)	7.303955143666382
2.483274122871837	457	(-1, -1, -1, -1, -1, -1, -1, -1, -1, -1, 1, 1, 1, -1, -1, 1, -1, -1, 1)	7.303955143666382
2.483274122871837	458	(-1, -1, -1, -1, -1, -1, -1, -1, -1, -1, 1, 1, 1, -1, -1, 1, -1, 1, -1)	7.303955143666382
2.483274122871837	459	(-1, -1, -1, -1, -1, -1, -1, -1, -1, -1, 1, 1, 1, -1, -1, 1, -1, 1, 1)	7.303955143666382
2.483274122871837	460	(-1, -1, -1, -1, -1, -1, -1, -1, -1, -1, 1, 1, 1, -1, -1, 1, 1, -1, -1)	7.303955143666382
2.483274122871837	461	(-1, -1, -1, -1, -1, -1, -1, -1, -1, -1, 1, 1, 1, -1, -1, 1, 1, -1, 1)	7.303955143666382
2.483274122871837	462	(-1, -1, -1, -1, -1, -1, -1, -1, -1, -1, 1, 1, 1, -1, -1, 1, 1, 1, -1)	7.303955143666382
2.483274122871837	463	(-1, -1, -1, -1, -1, -1, -1, -1, -1, -1, 1, 1, 1, -1, -1, 1, 1, 1, 1)	7.303955143666382
2.483274122871837	464	(-1, -1, -1, -1, -1, -1, -1, -1, -1, -1, 1, 1, 1, -1, 1, -1, -1, -1, -1)	7.303955143666382
2.483274122871837	465	(-1, -1, -1, -1, -1, -1, -1, -1, -1, -1, 1, 1, 1, -1, 1, -1, -1, -1, 1)	7.303955143666382
2.483274122871837	466	(-1, -1, -1, -1, -1, -1, -1, -1, -1, -1, 1, 1, 1, -1, 1, -1, -1, 1, -1)	7.303955143666382
2.483274122871837	467	(-1, -1, -1, -1, -1, -1, -1, -1, -1, -1, 1, 1, 1, -1, 1, -1, -1, 1, 1)	7.303955143666382
2.483274122871837	468	(-1, -1, -1, -1, -1, -1, -1, -1, -1, -1, 1, 1, 1, -1, 1, -1, 1, -1, -1)	7.303955143666382
2.483274122871837	469	(-1, -1, -1, -1, -1, -1, -1, -1, -1, -1, 1, 1, 1, -1, 1, -1, 1, -1, 1)	7.303955143666382
2.483274122871837	470	(-1, -1, -1, -1, -1, -1, -1, -1, -1, -1, 1, 1, 1, -1, 1, -1, 1, 1, -1)	7.303955143666382
2.483274122871837	471	(-1, -1, -1, -1, -1, -1, -1, -1, -1, -1, 1, 1, 1, -1, 1, -1, 1, 1, 1)	7.303955143666382
2.483274122871837	472	(-1, -1, -1, -1, -1, -1, -1, -1, -1, -1, 1, 1, 1, -1, 1, 1, -1, -1, -1)	7.303955143666382
2.483274122871837	473	(-1, -1, -1, -1, -1, -1, -1, -1, -1, -1, 1, 1, 1, -1, 1, 1, -1, -1, 1)	7.303955143666382
2.483274122871837	474	(-1, -1, -1, -1, -1, -1, -1, -1, -1, -1, 1, 1, 1, -1, 1, 1, -1, 1, -1)	7.303955143666382
2.483274122871837	475	(-1, -1, -1, -1, -1, -1, -1, -1, -1, -1, 1, 1, 1, -1, 1, 1, -1, 1, 1)	7.303955143666382
2.483274122871837	476	(-1, -1, -1, -1, -1, -1, -1, -1, -1, -1, 1, 1, 1, -1, 1, 1, 1, -1, -1)	7.303955143666382
2.483274122871837	477	(-1, -1, -1, -1, -1, -1, -1, -1, -1, -1, 1, 1, 1, -1, 1, 1, 1, -1, 1)	7.303955143666382
2.483274122871837	478	(-1, -1, -1, -1, -1, -1, -1, -1, -1, -1, 1, 1, 1, -1, 1, 1, 1, 1, -1)	7.303955143666382
2.483274122871837	479	(-1, -1, -1, -1, -1, -1, -1, -1, -1, -1, 1, 1, 1, -1, 1, 1, 1, 1, 1)	7.303955143666382
2.483274122871837	480	(-1, -1, -1, -1, -1, -1, -1, -1, -1, -1, 1, 1, 1, 1, -1, -1, -1, -1, -1)	7.303955143666382
2.483274122871837	481	(-1, -1, -1, -1, -1, -1, -1, -1, -1, -1, 1, 1, 1, 1, -1, -1, -1, -1, 1)	7.303955143666382
2.483274122871837	482	(-1, -1, -1, -1, -1, -1, -1, -1, -1, -1, 1, 1, 1, 1, -1, -1, -1, 1, -1)	7.303955143666382
2.483274122871837	483	(-1, -1, -1, -1, -1, -1, -1, -1, -1, -1, 1, 1, 1, 1, -1, -1, -1, 1, 1)	7.303955143666382
2.483274122871837	484	(-1, -1, -1, -1, -1, -1, -1, -1, -1, -1, 1, 1, 1, 1, -1, -1, 1, -1, -1)	7.303955143666382
2.483274122871837	485	(-1, -1, -1, -1, -1, -1, -1, -1, -1, -1, 1, 1, 1, 1, -1, -1, 1, -1, 1)	7.303955143666382
2.483274122871837	486	(-1, -1, -1, -1, -1, -1, -1, -1, -1, -1, 1, 1, 1, 1, -1, -1, 1, 1, -1)	7.303955143666382
2.483274122871837	487	(-1, -1, -1, -1, -1, -1, -1, -1, -1, -1, 1, 1, 1, 1, -1, -1, 1, 1, 1)	7.303955143666382
2.483274122871837	488	(-1, -1, -1, -1, -1, -1, -1, -1, -1, -1, 1, 1, 1, 1, -1, 1, -1, -1, -1)	7.303955143666382
2.483274122871837	489	(-1, -1, -1, -1, -1, -1, -1, -1, -1, -1, 1, 1, 1, 1, -1, 1, -1, -1, 1)	7.303955143666382
2.483274122871837	490	(-1, -1, -1, -1, -1, -1, -1, -1, -1, -1, 1, 1, 1, 1, -1, 1, -1, 1, -1)	7.303955143666382
2.483274122871837	491	(-1, -1, -1, -1, -1, -1, -1, -1, -1, -1, 1, 1, 1, 1, -1, 1, -1, 1, 1)	7.303955143666382
2.483274122871837	492	(-1, -1, -1, -1, -1, -1, -1, -1, -1, -1, 1, 1, 1, 1, -1, 1, 1, -1, -1)	7.303955143666382
2.483274122871837	493	(-1, -1, -1, -1, -1, -1, -1, -1, -1, -1, 1, 1, 1, 1, -1, 1, 1, -1, 1)	7.303955143666382
2.483274122871837	494	(-1, -1, -1, -1, -1, -1, -1, -1, -1, -1, 1, 1, 1, 1, -1, 1, 1, 1, -1)	7.303955143666382
2.483274122871837	495	(-1, -1, -1, -1, -1, -1, -1, -1, -1, -1, 1, 1, 1, 1, -1, 1, 1, 1, 1)	7.303955143666382
2.483274122871837	496	(-1, -1, -1, -1, -1, -1, -1, -1, -1, -1, 1, 1, 1, 1, 1, -1, -1, -1, -1)	7.303955143666382
2.483274122871837	497	(-1, -1, -1, -1, -1, -1, -1, -1, -1, -1, 1, 1, 1, 1, 1, -1, -1, -1, 1)	7.303955143666382
2.483274122871837	498	(-1, -1, -1, -1, -1, -1, -1, -1, -1, -1, 1, 1, 1, 1, 1, -1, -1, 1, -1)	7.303955143666382
2.483274122871837	499	(-1, -1, -1, -1, -1, -1, -1, -1, -1, -1, 1, 1, 1, 1, 1, -1, -1, 1, 1)	7.303955143666382
2.483274122871837	500	(-1, -1, -1, -1, -1, -1, -1, -1, -1, -1, 1, 1, 1, 1, 1, -1, 1, -1, -1)	7.303955143666382
2.483274122871837	501	(-1, -1, -1, -1, -1, -1, -1, -1, -1, -1, 1, 1, 1, 1, 1, -1, 1, -1, 1)	7.303955143666382
2.483274122871837	502	(-1, -1, -1, -1, -1, -1, -1, -1, -1, -1, 1, 1, 1, 1, 1, -1, 1, 1, -1)	7.303955143666382
2.483274122871837	503	(-1, -1, -1, -1, -1, -1, -1, -1, -1, -1, 1, 1, 1, 1, 1, -1, 1, 1, 1)	7.303955143666382
2.483274122871837	504	(-1, -1, -1, -1, -1, -1, -1, -1, -1, -1, 1, 1, 1, 1, 1, 1, -1, -1, -1)	7.303955143665322
2.483274122871837	505	(-1, -1, -1, -1, -1, -1, -1, -1, -1, -1, 1, 1, 1, 1, 1, 1, -1, -1, 1)	7.303955143665322
2.483274122871837	506	(-1, -1, -1, -1, -1, -1, -1, -1, -1, -1, 1, 1, 1, 1, 1, 1, -1, 1, -1)	7.303955143665322
2.483274122871837	507	(-1, -1, -1, -1, -1, -1, -1, -1, -1, -1, 1, 1, 1, 1, 1, 1, -1, 1, 1)	7.303955143665322
2.483274122871837	508	(-1, -1, -1, -1, -1, -1, -1, -1, -1, -1, 1, 1, 1, 1, 1, 1, 1, -1, -1)	7.303955143666382
2.483274122871837	509	(-1, -1, -1, -1, -1, -1, -1, -1, -1, -1, 1, 1, 1, 1, 1, 1, 1, -1, 1)	7.303955143666382
2.483274122871837	510	(-1, -1, -1, -1, -1, -1, -1, -1, -1, -1, 1, 1, 1, 1, 1, 1, 1, 1, -1)	7.303955143665322
2.483274122871837	511	(-1, -1, -1, -1, -1, -1, -1, -1, -1, -1, 1, 1, 1, 1, 1, 1, 1, 1, 1)	7.303955143664262
2.483274122871837	512	(-1, -1, -1, -1, -1, -1, -1, -1, -1, 1, -1, -1, -1, -1, -1, -1, -1, -1, -1)	7.303955143665322
2.483274122871837	513	(-1, -1, -1, -1, -1, -1, -1, -1, -1, 1, -1, -1, -1, -1, -1, -1, -1, -1, 1)	7.303955143666382
2.483274122871837	514	(-1, -1, -1, -1, -1, -1, -1, -1, -1, 1, -1, -1, -1, -1, -1, -1, -1, 1, -1)	7.303955143670981
2.483274122871837	515	(-1, -1, -1, -1, -1, -1, -1, -1, -1, 1, -1, -1, -1, -1, -1, -1, -1, 1, 1)	7.303955143670981
2.483274122871837	516	(-1, -1, -1, -1, -1, -1, -1, -1, -1, 1, -1, -1, -1, -1, -1, -1, 1, -1, -1)	7.303955143666382
2.483274122871837	517	(-1, -1, -1, -1, -1, -1, -1, -1, -1, 1, -1, -1, -1, -1, -1, -1, 1, -1, 1)	7.303955143666382
2.483274122871837	518	(-1, -1, -1, -1, -1, -1, -1, -1, -1, 1, -1, -1, -1, -1, -1, -1, 1, 1, -1)	7.303955143666382
2.483274122871837	519	(-1, -1, -1, -1, -1, -1, -1, -1, -1, 1, -1, -1, -1, -1, -1, -1, 1, 1, 1)	7.303955143666382
2.483274122871837	520	(-1, -1, -1, -1, -1, -1, -1, -1, -1, 1, -1, -1, -1, -1, -1, 1, -1, -1, -1)	7.303955143670981
2.483274122871837	521	(-1, -1, -1, -1, -1, -1, -1, -1, -1, 1, -1, -1, -1, -1, -1, 1, -1, -1, 1)	7.303955143670981
2.483274122871837	522	(-1, -1, -1, -1, -1, -1, -1, -1, -1, 1, -1, -1, -1, -1, -1, 1, -1, 1, -1)	7.303955143670981
2.483274122871837	523	(-1, -1, -1, -1, -1, -1, -1, -1, -1, 1, -1, -1, -1, -1, -1, 1, -1, 1, 1)	7.303955143670981
2.483274122871837	524	(-1, -1, -1, -1, -1, -1, -1, -1, -1, 1, -1, -1, -1, -1, -1, 1, 1, -1, -1)	7.303955143670981
2.483274122871837	525	(-1, -1, -1, -1, -1, -1, -1, -1, -1, 1, -1, -1, -1, -1, -1, 1, 1, -1, 1)	7.303955143670981
2.483274122871837	526	(-1, -1, -1, -1, -1, -1, -1, -1, -1, 1, -1, -1, -1, -1, -1, 1, 1, 1, -1)	7.303955143670981
2.483274122871837	527	(-1, -1, -1, -1, -1, -1, -1, -1, -1, 1, -1, -1, -1, -1, -1, 1, 1, 1, 1)	7.303955143670981
2.483274122871837	528	(-1, -1, -1, -1, -1, -1, -1, -1, -1, 1, -1, -1, -1, -1, 1, -1, -1, -1, -1)	7.303955143670981
2.483274122871837	529	(-1, -1, -1, -1, -1, -1, -1, -1, -1, 1, -1, -1, -1, -1, 1, -1, -1, -1, 1)	7.303955143670981
2.483274122871837	530	(-1, -1, -1, -1, -1, -1, -1, -1, -1, 1, -1, -1, -1, -1, 1, -1, -1, 1, -1)	7.303955143670981
2.483274122871837	531	(-1, -1, -1, -1, -1, -1, -1, -1, -1, 1, -1, -1, -1, -1, 1, -1, -1, 1, 1)	7.303955143670981
2.483274122871837	532	(-1, -1, -1, -1, -1, -1, -1, -1, -1, 1, -1, -1, -1, -1, 1, -1, 1, -1, -1)	7.303955143670981
2.483274122871837	533	(-1, -1, -1, -1, -1, -1, -1, -1, -1, 1, -1, -1, -1, -1, 1, -1, 1, -1, 1)	7.303955143670981
2.483274122871837	534	(-1, -1, -1, -1, -1, -1, -1, -1, -1, 1, -1, -1, -1, -1, 1, -1, 1, 1, -1)	7.303955143670981
2.483274122871837	535	(-1, -1, -1, -1, -1, -1, -1, -1, -1, 1, -1, -1, -1, -1, 1, -1, 1, 1, 1)	7.303955143670981
2.483274122871837	536	(-1, -1, -1, -1, -1, -1, -1, -1, -1, 1, -1, -1, -1, -1, 1, 1, -1, -1, -1)	7.303955143670981
2.483274122871837	537	(-1, -1, -1, -1, -1, -1, -1, -1, -1, 1, -1, -1, -1, -1, 1, 1, -1, -1, 1)	7.303955143670981
2.483274122871837	538	(-1, -1, -1, -1, -1, -1, -1, -1, -1, 1, -1, -1, -1, -1, 1, 1, -1, 1, -1)	7.303955143670981
2.483274122871837	539	(-1, -1, -1, -1, -1, -1, -1, -1, -1, 1, -1, -1, -1, -1, 1, 1, -1, 1, 1)	7.303955143670981
2.483274122871837	540	(-1, -1, -1, -1, -1, -1, -1, -1, -1, 1, -1, -1, -1, -1, 1, 1, 1, -1, -1)	7.303955143670981
2.483274122871837	541	(-1, -1, -1, -1, -1, -1, -1, -1, -1, 1, -1, -1, -1, -1, 1, 1, 1, -1, 1)	7.303955143670981
2.483274122871837	542	(-1, -1, -1, -1, -1, -1, -1, -1, -1, 1, -1, -1, -1, -1, 1, 1, 1, 1, -1)	7.303955143670981
2.483274122871837	543	(-1, -1, -1, -1, -1, -1, -1, -1, -1, 1, -1, -1, -1, -1, 1, 1, 1, 1, 1)	7.303955143670981
2.483274122871837	544	(-1, -1, -1, -1, -1, -1, -1, -1, -1, 1, -1, -1, -1, 1, -1, -1, -1, -1, -1)	7.303955143670981
2.483274122871837	545	(-1, -1, -1, -1, -1, -1, -1, -1, -1, 1, -1, -1, -1, 1, -1, -1, -1, -1, 1)	7.303955143670981
2.483274122871837	546	(-1, -1, -1, -1, -1, -1, -1, -1, -1, 1, -1, -1, -1, 1, -1, -1, -1, 1, -1)	7.303955143670981
2.483274122871837	547	(-1, -1, -1, -1, -1, -1, -1, -1, -1, 1, -1, -1, -1, 1, -1, -1, -1, 1, 1)	7.303955143670981
2.483274122871837	548	(-1, -1, -1, -1, -1, -1, -1, -1, -1, 1, -1, -1, -1, 1, -1, -1, 1, -1, -1)	7.303955143670981
2.483274122871837	549	(-1, -1, -1, -1, -1, -1, -1, -1, -1, 1, -1, -1, -1, 1, -1, -1, 1, -1, 1)	7.303955143670981
2.483274122871837	550	(-1, -1, -1, -1, -1, -1, -1, -1, -1, 1, -1, -1, -1, 1, -1, -1, 1, 1, -1)	7.303955143670981
2.483274122871837	551	(-1, -1, -1, -1, -1, -1, -1, -1, -1, 1, -1, -1, -1, 1, -1, -1, 1, 1, 1)	7.303955143670981
2.483274122871837	552	(-1, -1, -1, -1, -1, -1, -1, -1, -1, 1, -1, -1, -1, 1, -1, 1, -1, -1, -1)	7.303955143670981
2.483274122871837	553	(-1, -1, -1, -1, -1, -1, -1, -1, -1, 1, -1, -1, -1, 1, -1, 1, -1, -1, 1)	7.303955143670981
2.483274122871837	554	(-1, -1, -1, -1, -1, -1, -1, -1, -1, 1, -1, -1, -1, 1, -1, 1, -1, 1, -1)	7.303955143670981
2.483274122871837	555	(-1, -1, -1, -1, -1, -1, -1, -1, -1, 1, -1, -1, -1, 1, -1, 1, -1, 1, 1)	7.303955143670981
2.483274122871837	556	(-1, -1, -1, -1, -1, -1, -1, -1, -1, 1, -1, -1, -1, 1, -1, 1, 1, -1, -1)	7.303955143670981
2.483274122871837	557	(-1, -1, -1, -1, -1, -1, -1, -1, -1, 1, -1, -1, -1, 1, -1, 1, 1, -1, 1)	7.303955143670981
2.483274122871837	558	(-1, -1, -1, -1, -1, -1, -1, -1, -1, 1, -1, -1, -1, 1, -1, 1, 1, 1, -1)	7.303955143670981
2.483274122871837	559	(-1, -1, -1, -1, -1, -1, -1, -1, -1, 1, -1, -1, -1, 1, -1, 1, 1, 1, 1)	7.303955143670981
2.483274122871837	560	(-1, -1, -1, -1, -1, -1, -1, -1, -1, 1, -1, -1, -1, 1, 1, -1, -1, -1, -1)	7.303955143670981
2.483274122871837	561	(-1, -1, -1, -1, -1, -1, -1, -1, -1, 1, -1, -1, -1, 1, 1, -1, -1, -1, 1)	7.303955143670981
2.483274122871837	562	(-1, -1, -1, -1, -1, -1, -1, -1, -1, 1, -1, -1, -1, 1, 1, -1, -1, 1, -1)	7.303955143670981
2.483274122871837	563	(-1, -1, -1, -1, -1, -1, -1, -1, -1, 1, -1, -1, -1, 1, 1, -1, -1, 1, 1)	7.303955143670981
2.483274122871837	564	(-1, -1, -1, -1, -1, -1, -1, -1, -1, 1, -1, -1, -1, 1, 1, -1, 1, -1, -1)	7.303955143670981
2.483274122871837	565	(-1, -1, -1, -1, -1, -1, -1, -1, -1, 1, -1, -1, -1, 1, 1, -1, 1, -1, 1)	7.303955143670981
2.483274122871837	566	(-1, -1, -1, -1, -1, -1, -1, -1, -1, 1, -1, -1, -1, 1, 1, -1, 1, 1, -1)	7.303955143670981
2.483274122871837	567	(-1, -1, -1, -1, -1, -1, -1, -1, -1, 1, -1, -1, -1, 1, 1, -1, 1, 1, 1)	7.303955143670981
2.483274122871837	568	(-1, -1, -1, -1, -1, -1, -1, -1, -1, 1, -1, -1, -1, 1, 1, 1, -1, -1, -1)	7.303955143670981
2.483274122871837	569	(-1, -1, -1, -1, -1, -1, -1, -1, -1, 1, -1, -1, -1, 1, 1, 1, -1, -1, 1)	7.303955143670981
2.483274122871837	570	(-1, -1, -1, -1, -1, -1, -1, -1, -1, 1, -1, -1, -1, 1, 1, 1, -1, 1, -1)	7.303955143670981
2.483274122871837	571	(-1, -1, -1, -1, -1, -1, -1, -1, -1, 1, -1, -1, -1, 1, 1, 1, -1, 1, 1)	7.303955143670981
2.483274122871837	572	(-1, -1, -1, -1, -1, -1, -1, -1, -1, 1, -1, -1, -1, 1, 1, 1, 1, -1, -1)	7.303955143670981
2.483274122871837	573	(-1, -1, -1, -1, -1, -1, -1, -1, -1, 1, -1, -1, -1, 1, 1, 1, 1, -1, 1)	7.303955143670981
2.483274122871837	574	(-1, -1, -1, -1, -1, -1, -1, -1, -1, 1, -1, -1, -1, 1, 1, 1, 1, 1, -1)	7.303955143670981
2.483274122871837	575	(-1, -1, -1, -1, -1, -1, -1, -1, -1, 1, -1, -1, -1, 1, 1, 1, 1, 1, 1)	7.303955143666382
2.483274122871837	576	(-1, -1, -1, -1, -1, -1, -1, -1, -1, 1, -1, -1, 1, -1, -1, -1, -1, -1, -1)	7.303955143666382
2.483274122871837	577	(-1, -1, -1, -1, -1, -1, -1, -1, -1, 1, -1, -1, 1, -1, -1, -1, -1, -1, 1)	7.303955143670981
2.483274122871837	578	(-1, -1, -1, -1, -1, -1, -1, -1, -1, 1, -1, -1, 1, -1, -1, -1, -1, 1, -1)	7.303955143670981
2.483274122871837	579	(-1, -1, -1, -1, -1, -1, -1, -1, -1, 1, -1, -1, 1, -1, -1, -1, -1, 1, 1)	7.303955143670981
2.483274122871837	580	(-1, -1, -1, -1, -1, -1, -1, -1, -1, 1, -1, -1, 1, -1, -1, -1, 1, -1, -1)	7.303955143670981
2.483274122871837	581	(-1, -1, -1, -1, -1, -1, -1, -1, -1, 1, -1, -1, 1, -1, -1, -1, 1, -1, 1)	7.303955143670981
2.483274122871837	582	(-1, -1, -1, -1, -1, -1, -1, -1, -1, 1, -1, -1, 1, -1, -1, -1, 1, 1, -1)	7.303955143670981
2.483274122871837	583	(-1, -1, -1, -1, -1, -1, -1, -1, -1, 1, -1, -1, 1, -1, -1, -1, 1, 1, 1)	7.303955143670981
2.483274122871837	584	(-1, -1, -1, -1, -1, -1, -1, -1, -1, 1, -1, -1, 1, -1, -1, 1, -1, -1, -1)	7.303955143670981
2.483274122871837	585	(-1, -1, -1, -1, -1, -1, -1, -1, -1, 1, -1, -1, 1, -1, -1, 1, -1, -1, 1)	7.303955143670981
2.483274122871837	586	(-1, -1, -1, -1, -1, -1, -1, -1, -1, 1, -1, -1, 1, -1, -1, 1, -1, 1, -1)	7.303955143670981
2.483274122871837	587	(-1, -1, -1, -1, -1, -1, -1, -1, -1, 1, -1, -1, 1, -1, -1, 1, -1, 1, 1)	7.303955143670981
2.483274122871837	588	(-1, -1, -1, -1, -1, -1, -1, -1, -1, 1, -1, -1, 1, -1, -1, 1, 1, -1, -1)	7.303955143670981
2.483274122871837	589	(-1, -1, -1, -1, -1, -1, -1, -1, -1, 1, -1, -1, 1, -1, -1, 1, 1, -1, 1)	7.303955143670981
2.483274122871837	590	(-1, -1, -1, -1, -1, -1, -1, -1, -1, 1, -1, -1, 1, -1, -1, 1, 1, 1, -1)	7.303955143670981
2.483274122871837	591	(-1, -1, -1, -1, -1, -1, -1, -1, -1, 1, -1, -1, 1, -1, -1, 1, 1, 1, 1)	7.303955143670981
2.483274122871837	592	(-1, -1, -1, -1, -1, -1, -1, -1, -1, 1, -1, -1, 1, -1, 1, -1, -1, -1, -1)	7.303955143670981
2.483274122871837	593	(-1, -1, -1, -1, -1, -1, -1, -1, -1, 1, -1, -1, 1, -1, 1, -1, -1, -1, 1)	7.303955143670981
2.483274122871837	594	(-1, -1, -1, -1, -1, -1, -1, -1, -1, 1, -1, -1, 1, -1, 1, -1, -1, 1, -1)	7.303955143670981
2.483274122871837	595	(-1, -1, -1, -1, -1, -1, -1, -1, -1, 1, -1, -1, 1, -1, 1, -1, -1, 1, 1)	7.303955143670981
2.483274122871837	596	(-1, -1, -1, -1, -1, -1, -1, -1, -1, 1, -1, -1, 1, -1, 1, -1, 1, -1, -1)	7.303955143670981
2.483274122871837	597	(-1, -1, -1, -1, -1, -1, -1, -1, -1, 1, -1, -1, 1, -1, 1, -1, 1, -1, 1)	7.303955143670981
2.483274122871837	598	(-1, -1, -1, -1, -1, -1, -1, -1, -1, 1, -1, -1, 1, -1, 1, -1, 1, 1, -1)	7.303955143670981
2.483274122871837	599	(-1, -1, -1, -1, -1, -1, -1, -1, -1, 1, -1, -1, 1, -1, 1, -1, 1, 1, 1)	7.303955143670981
2.483274122871837	600	(-1, -1, -1, -1, -1, -1, -1, -1, -1, 1, -1, -1, 1, -1, 1, 1, -1, -1, -1)	7.303955143670981
2.483274122871837	601	(-1, -1, -1, -1, -1, -1, -1, -1, -1, 1, -1, -1, 1, -1, 1, 1, -1, -1, 1)	7.303955143670981
2.483274122871837	602	(-1, -1, -1, -1, -1, -1, -1, -1, -1, 1, -1, -1, 1, -1, 1, 1, -1, 1, -1)	7.303955143670981
2.483274122871837	603	(-1, -1, -1, -1, -1, -1, -1, -1, -1, 1, -1, -1, 1, -1, 1, 1, -1, 1, 1)	7.303955143670981
2.483274122871837	604	(-1, -1, -1, -1, -1, -1, -1, -1, -1, 1, -1, -1, 1, -1, 1, 1, 1, -1, -1)	7.303955143670981
2.483274122871837	605	(-1, -1, -1, -1, -1, -1, -1, -1, -1, 1, -1, -1, 1, -1, 1, 1, 1, -1, 1)	7.303955143670981
2.483274122871837	606	(-1, -1, -1, -1, -1, -1, -1, -1, -1, 1, -1, -1, 1, -1, 1, 1, 1, 1, -1)	7.303955143670981
2.483274122871837	607	(-1, -1, -1, -1, -1, -1, -1, -1, -1, 1, -1, -1, 1, -1, 1, 1, 1, 1, 1)	7.303955143670981
2.483274122871837	608	(-1, -1, -1, -1, -1, -1, -1, -1, -1, 1, -1, -1, 1, 1, -1, -1, -1, -1, -1)	7.303955143670981
2.483274122871837	609	(-1, -1, -1, -1, -1, -1, -1, -1, -1, 1, -1, -1, 1, 1, -1, -1, -1, -1, 1)	7.303955143670981
2.483274122871837	610	(-1, -1, -1, -1, -1, -1, -1, -1, -1, 1, -1, -1, 1, 1, -1, -1, -1, 1, -1)	7.303955143670981
2.483274122871837	611	(-1, -1, -1, -1, -1, -1, -1, -1, -1, 1, -1, -1, 1, 1, -1, -1, -1, 1, 1)	7.303955143670981
2.483274122871837	612	(-1, -1, -1, -1, -1, -1, -1, -1, -1, 1, -1, -1, 1, 1, -1, -1, 1, -1, -1)	7.303955143670981
2.483274122871837	613	(-1, -1, -1, -1, -1, -1, -1, -1, -1, 1, -1, -1, 1, 1, -1, -1, 1, -1, 1)	7.303955143670981
2.483274122871837	614	(-1, -1, -1, -1, -1, -1, -1, -1, -1, 1, -1, -1, 1, 1, -1, -1, 1, 1, -1)	7.303955143670981
2.483274122871837	615	(-1, -1, -1, -1, -1, -1, -1, -1, -1, 1, -1, -1, 1, 1, -1, -1, 1, 1, 1)	7.303955143670981
2.483274122871837	616	(-1, -1, -1, -1, -1, -1, -1, -1, -1, 1, -1, -1, 1, 1, -1, 1, -1, -1, -1)	7.303955143670981
2.483274122871837	617	(-1, -1, -1, -1, -1, -1, -1, -1, -1, 1, -1, -1, 1, 1, -1, 1, -1, -1, 1)	7.303955143670981
2.483274122871837	618	(-1, -1, -1, -1, -1, -1, -1, -1, -1, 1, -1, -1, 1, 1, -1, 1, -1, 1, -1)	7.303955143670981
2.483274122871837	619	(-1, -1, -1, -1, -1, -1, -1, -1, -1, 1, -1, -1, 1, 1, -1, 1, -1, 1, 1)	7.303955143670981
2.483274122871837	620	(-1, -1, -1, -1, -1, -1, -1, -1, -1, 1, -1, -1, 1, 1, -1, 1, 1, -1, -1)	7.303955143670981
2.483274122871837	621	(-1, -1, -1, -1, -1, -1, -1, -1, -1, 1, -1, -1, 1, 1, -1, 1, 1, -1, 1)	7.303955143670981
2.483274122871837	622	(-1, -1, -1, -1, -1, -1, -1, -1, -1, 1, -1, -1, 1, 1, -1, 1, 1, 1, -1)	7.303955143670981
2.483274122871837	623	(-1, -1, -1, -1, -1, -1, -1, -1, -1, 1, -1, -1, 1, 1, -1, 1, 1, 1, 1)	7.303955143670981
2.483274122871837	624	(-1, -1, -1, -1, -1, -1, -1, -1, -1, 1, -1, -1, 1, 1, 1, -1, -1, -1, -1)	7.303955143670981
2.483274122871837	625	(-1, -1, -1, -1, -1, -1, -1, -1, -1, 1, -1, -1, 1, 1, 1, -1, -1, -1, 1)	7.303955143670981
2.483274122871837	626	(-1, -1, -1, -1, -1, -1, -1, -1, -1, 1, -1, -1, 1, 1, 1, -1, -1, 1, -1)	7.303955143670981
2.483274122871837	627	(-1, -1, -1, -1, -1, -1, -1, -1, -1, 1, -1, -1, 1, 1, 1, -1, -1, 1, 1)	7.303955143670981
2.483274122871837	628	(-1, -1, -1, -1, -1, -1, -1, -1, -1, 1, -1, -1, 1, 1, 1, -1, 1, -1, -1)	7.303955143670981
2.483274122871837	629	(-1, -1, -1, -1, -1, -1, -1, -1, -1, 1, -1, -1, 1, 1, 1, -1, 1, -1, 1)	7.303955143670981
2.483274122871837	630	(-1, -1, -1, -1, -1, -1, -1, -1, -1, 1, -1, -1, 1, 1, 1, -1, 1, 1, -1)	7.303955143670981
2.483274122871837	631	(-1, -1, -1, -1, -1, -1, -1, -1, -1, 1, -1, -1, 1, 1, 1, -1, 1, 1, 1)	7.303955143670981
2.483274122871837	632	(-1, -1, -1, -1, -1, -1, -1, -1, -1, 1, -1, -1, 1, 1, 1, 1, -1, -1, -1)	7.303955143670981
2.483274122871837	633	(-1, -1, -1, -1, -1, -1, -1, -1, -1, 1, -1, -1, 1, 1, 1, 1, -1, -1, 1)	7.303955143670981
2.483274122871837	634	(-1, -1, -1, -1, -1, -1, -1, -1, -1, 1, -1, -1, 1, 1, 1, 1, -1, 1, -1)	7.303955143670981
2.483274122871837	635	(-1, -1, -1, -1, -1, -1, -1, -1, -1, 1, -1, -1, 1, 1, 1, 1, -1, 1, 1)	7.303955143670981
2.483274122871837	636	(-1, -1, -1, -1, -1, -1, -1, -1, -1, 1, -1, -1, 1, 1, 1, 1, 1, -1, -1)	7.303955143670981
2.483274122871837	637	(-1, -1, -1, -1, -1, -1, -1, -1, -1, 1, -1, -1, 1, 1, 1, 1, 1, -1, 1)	7.303955143670981
2.483274122871837	638	(-1, -1, -1, -1, -1, -1, -1, -1, -1, 1, -1, -1, 1, 1, 1, 1, 1, 1, -1)	7.303955143666382
2.483274122871837	639	(-1, -1, -1, -1, -1, -1, -1, -1, -1, 1, -1, -1, 1, 1, 1, 1, 1, 1, 1)	7.303955143665322
2.483274122871837	640	(-1, -1, -1, -1, -1, -1, -1, -1, -1, 1, -1, 1, -1, -1, -1, -1, -1, -1, -1)	7.303955143665322
2.483274122871837	641	(-1, -1, -1, -1, -1, -1, -1, -1, -1, 1, -1, 1, -1, -1, -1, -1, -1, -1, 1)	7.303955143666382
2.483274122871837	642	(-1, -1, -1, -1, -1, -1, -1, -1, -1, 1, -1, 1, -1, -1, -1, -1, -1, 1, -1)	7.303955143670981
2.483274122871837	643	(-1, -1, -1, -1, -1, -1, -1, -1, -1, 1, -1, 1, -1, -1, -1, -1, -1, 1, 1)	7.303955143670981
2.483274122871837	644	(-1, -1, -1, -1, -1, -1, -1, -1, -1, 1, -1, 1, -1, -1, -1, -1, 1, -1, -1)	7.303955143670981
2.483274122871837	645	(-1, -1, -1, -1, -1, -1, -1, -1, -1, 1, -1, 1, -1, -1, -1, -1, 1, -1, 1)	7.303955143670981
2.483274122871837	646	(-1, -1, -1, -1, -1, -1, -1, -1, -1, 1, -1, 1, -1, -1, -1, -1, 1, 1, -1)	7.303955143670981
2.483274122871837	647	(-1, -1, -1, -1, -1, -1, -1, -1, -1, 1, -1, 1, -1, -1, -1, -1, 1, 1, 1)	7.303955143670981
2.483274122871837	648	(-1, -1, -1, -1, -1, -1, -1, -1, -1, 1, -1, 1, -1, -1, -1, 1, -1, -1, -1)	7.303955143670981
2.483274122871837	649	(-1, -1, -1, -1, -1, -1, -1, -1, -1, 1, -1, 1, -1, -1, -1, 1, -1, -1, 1)	7.303955143670981
2.483274122871837	650	(-1, -1, -1, -1, -1, -1, -1, -1, -1, 1, -1, 1, -1, -1, -1, 1, -1, 1, -1)	7.303955143670981
2.483274122871837	651	(-1, -1, -1, -1, -1, -1, -1, -1, -1, 1, -1, 1, -1, -1, -1, 1, -1, 1, 1)	7.303955143670981
2.483274122871837	652	(-1, -1, -1, -1, -1, -1, -1, -1, -1, 1, -1, 1, -1, -1, -1, 1, 1, -1, -1)	7.303955143670981
2.483274122871837	653	(-1, -1, -1, -1, -1, -1, -1, -1, -1, 1, -1, 1, -1, -1, -1, 1, 1, -1, 1)	7.303955143670981
2.483274122871837	654	(-1, -1, -1, -1, -1, -1, -1, -1, -1, 1, -1, 1, -1, -1, -1, 1, 1, 1, -1)	7.303955143670981
2.483274122871837	655	(-1, -1, -1, -1, -1, -1, -1, -1, -1, 1, -1, 1, -1, -1, -1, 1, 1, 1, 1)	7.303955143670981
2.483274122871837	656	(-1, -1, -1, -1, -1, -1, -1, -1, -1, 1, -1, 1, -1, -1, 1, -1, -1, -1, -1)	7.303955143670981
2.483274122871837	657	(-1, -1, -1, -1, -1, -1, -1, -1, -1, 1, -1, 1, -1, -1, 1, -1, -1, -1, 1)	7.303955143670981
2.483274122871837	658	(-1, -1, -1, -1, -1, -1, -1, -1, -1, 1, -1, 1, -1, -1, 1, -1, -1, 1, -1)	7.303955143670981
2.483274122871837	659	(-1, -1, -1, -1, -1, -1, -1, -1, -1, 1, -1, 1, -1, -1, 1, -1, -1, 1, 1)	7.303955143670981
2.483274122871837	660	(-1, -1, -1, -1, -1, -1, -1, -1, -1, 1, -1, 1, -1, -1, 1, -1, 1, -1, -1)	7.303955143670981
2.483274122871837	661	(-1, -1, -1, -1, -1, -1, -1, -1, -1, 1, -1, 1, -1, -1, 1, -1, 1, -1, 1)	7.303955143670981
2.483274122871837	662	(-1, -1, -1, -1, -1, -1, -1, -1, -1, 1, -1, 1, -1, -1, 1, -1, 1, 1, -1)	7.303955143670981
2.483274122871837	663	(-1, -1, -1, -1, -1, -1, -1, -1, -1, 1, -1, 1, -1, -1, 1, -1, 1, 1, 1)	7.303955143670981
2.483274122871837	664	(-1, -1, -1, -1, -1, -1, -1, -1, -1, 1, -1, 1, -1, -1, 1, 1, -1, -1, -1)	7.303955143670981
2.483274122871837	665	(-1, -1, -1, -1, -1, -1, -1, -1, -1, 1, -1, 1, -1, -1, 1, 1, -1, -1, 1)	7.303955143670981
2.483274122871837	666	(-1, -1, -1, -1, -1, -1, -1, -1, -1, 1, -1, 1, -1, -1, 1, 1, -1, 1, -1)	7.303955143670981
2.483274122871837	667	(-1, -1, -1, -1, -1, -1, -1, -1, -1, 1, -1, 1, -1, -1, 1, 1, -1, 1, 1)	7.303955143670981
2.483274122871837	668	(-1, -1, -1, -1, -1, -1, -1, -1, -1, 1, -1, 1, -1, -1, 1, 1, 1, -1, -1)	7.303955143670981
2.483274122871837	669	(-1, -1, -1, -1, -1, -1, -1, -1, -1, 1, -1, 1, -1, -1, 1, 1, 1, -1, 1)	7.303955143670981
2.483274122871837	670	(-1, -1, -1, -1, -1, -1, -1, -1, -1, 1, -1, 1, -1, -1, 1, 1, 1, 1, -1)	7.303955143670981
2.483274122871837	671	(-1, -1, -1, -1, -1, -1, -1, -1, -1, 1, -1, 1, -1, -1, 1, 1, 1, 1, 1)	7.303955143670981
2.483274122871837	672	(-1, -1, -1, -1, -1, -1, -1, -1, -1, 1, -1, 1, -1, 1, -1, -1, -1, -1, -1)	7.303955143670981
2.483274122871837	673	(-1, -1, -1, -1, -1, -1, -1, -1, -1, 1, -1, 1, -1, 1, -1, -1, -1, -1, 1)	7.303955143670981
2.483274122871837	674	(-1, -1, -1, -1, -1, -1, -1, -1, -1, 1, -1, 1, -1, 1, -1, -1, -1, 1, -1)	7.303955143670981
2.483274122871837	675	(-1, -1, -1, -1, -1, -1, -1, -1, -1, 1, -1, 1, -1, 1, -1, -1, -1, 1, 1)	7.303955143670981
2.483274122871837	676	(-1, -1, -1, -1, -1, -1, -1, -1, -1, 1, -1, 1, -1, 1, -1, -1, 1, -1, -1)	7.303955143670981
2.483274122871837	677	(-1, -1, -1, -1, -1, -1, -1, -1, -1, 1, -1, 1, -1, 1, -1, -1, 1, -1, 1)	7.303955143670981
2.483274122871837	678	(-1, -1, -1, -1, -1, -1, -1, -1, -1, 1, -1, 1, -1, 1, -1, -1, 1, 1, -1)	7.303955143670981
2.483274122871837	679	(-1, -1, -1, -1, -1, -1, -1, -1, -1, 1, -1, 1, -1, 1, -1, -1, 1, 1, 1)	7.303955143670981
2.483274122871837	680	(-1, -1, -1, -1, -1, -1, -1, -1, -1, 1, -1, 1, -1, 1, -1, 1, -1, -1, -1)	7.303955143670981
2.483274122871837	681	(-1, -1, -1, -1, -1, -1, -1, -1, -1, 1, -1, 1, -1, 1, -1, 1, -1, -1, 1)	7.303955143670981
2.483274122871837	682	(-1, -1, -1, -1, -1, -1, -1, -1, -1, 1, -1, 1, -1, 1, -1, 1, -1, 1, -1)	7.303955143670981
2.483274122871837	683	(-1, -1, -1, -1, -1, -1, -1, -1, -1, 1, -1, 1, -1, 1, -1, 1, -1, 1, 1)	7.303955143670981
2.483274122871837	684	(-1, -1, -1, -1, -1, -1, -1, -1, -1, 1, -1, 1, -1, 1, -1, 1, 1, -1, -1)	7.303955143670981
2.483274122871837	685	(-1, -1, -1, -1, -1, -1, -1, -1, -1, 1, -1, 1, -1, 1, -1, 1, 1, -1, 1)	7.303955143670981
2.483274122871837	686	(-1, -1, -1, -1, -1, -1, -1, -1, -1, 1, -1, 1, -1, 1, -1, 1, 1, 1, -1)	7.303955143670981
2.483274122871837	687	(-1, -1, -1, -1, -1, -1, -1, -1, -1, 1, -1, 1, -1, 1, -1, 1, 1, 1, 1)	7.303955143670981
2.483274122871837	688	(-1, -1, -1, -1, -1, -1, -1, -1, -1, 1, -1, 1, -1, 1, 1, -1, -1, -1, -1)	7.303955143670981
2.483274122871837	689	(-1, -1, -1, -1, -1, -1, -1, -1, -1, 1, -1, 1, -1, 1, 1, -1, -1, -1, 1)	7.303955143670981
2.483274122871837	690	(-1, -1, -1, -1, -1, -1, -1, -1, -1, 1, -1, 1, -1, 1, 1, -1, -1, 1, -1)	7.303955143670981
2.483274122871837	691	(-1, -1, -1, -1, -1, -1, -1, -1, -1, 1, -1, 1, -1, 1, 1, -1, -1, 1, 1)	7.303955143670981
2.483274122871837	692	(-1, -1, -1, -1, -1, -1, -1, -1, -1, 1, -1, 1, -1, 1, 1, -1, 1, -1, -1)	7.303955143670981
2.483274122871837	693	(-1, -1, -1, -1, -1, -1, -1, -1, -1, 1, -1, 1, -1, 1, 1, -1, 1, -1, 1)	7.303955143670981
2.483274122871837	694	(-1, -1, -1, -1, -1, -1, -1, -1, -1, 1, -1, 1, -1, 1, 1, -1, 1, 1, -1)	7.303955143670981
2.483274122871837	695	(-1, -1, -1, -1, -1, -1, -1, -1, -1, 1, -1, 1, -1, 1, 1, -1, 1, 1, 1)	7.303955143670981
2.483274122871837	696	(-1, -1, -1, -1, -1, -1, -1, -1, -1, 1, -1, 1, -1, 1, 1, 1, -1, -1, -1)	7.303955143670981
2.483274122871837	697	(-1, -1, -1, -1, -1, -1, -1, -1, -1, 1, -1, 1, -1, 1, 1, 1, -1, -1, 1)	7.303955143670981
2.483274122871837	698	(-1, -1, -1, -1, -1, -1, -1, -1, -1, 1, -1, 1, -1, 1, 1, 1, -1, 1, -1)	7.303955143670981
2.483274122871837	699	(-1, -1, -1, -1, -1, -1, -1, -1, -1, 1, -1, 1, -1, 1, 1, 1, -1, 1, 1)	7.303955143670981
2.483274122871837	700	(-1, -1, -1, -1, -1, -1, -1, -1, -1, 1, -1, 1, -1, 1, 1, 1, 1, -1, -1)	7.303955143670981
2.483274122871837	701	(-1, -1, -1, -1, -1, -1, -1, -1, -1, 1, -1, 1, -1, 1, 1, 1, 1, -1, 1)	7.303955143670981
2.483274122871837	702	(-1, -1, -1, -1, -1, -1, -1, -1, -1, 1, -1, 1, -1, 1, 1, 1, 1, 1, -1)	7.303955143670981
2.483274122871837	703	(-1, -1, -1, -1, -1, -1, -1, -1, -1, 1, -1, 1, -1, 1, 1, 1, 1, 1, 1)	7.303955143666382
2.483274122871837	704	(-1, -1, -1, -1, -1, -1, -1, -1, -1, 1, -1, 1, 1, -1, -1, -1, -1, -1, -1)	7.303955143666382
2.483274122871837	705	(-1, -1, -1, -1, -1, -1, -1, -1, -1, 1, -1, 1, 1, -1, -1, -1, -1, -1, 1)	7.303955143670981
2.483274122871837	706	(-1, -1, -1, -1, -1, -1, -1, -1, -1, 1, -1, 1, 1, -1, -1, -1, -1, 1, -1)	7.303955143670981
2.483274122871837	707	(-1, -1, -1, -1, -1, -1, -1, -1, -1, 1, -1, 1, 1, -1, -1, -1, -1, 1, 1)	7.303955143670981
2.483274122871837	708	(-1, -1, -1, -1, -1, -1, -1, -1, -1, 1, -1, 1, 1, -1, -1, -1, 1, -1, -1)	7.303955143670981
2.483274122871837	709	(-1, -1, -1, -1, -1, -1, -1, -1, -1, 1, -1, 1, 1, -1, -1, -1, 1, -1, 1)	7.303955143670981
2.483274122871837	710	(-1, -1, -1, -1, -1, -1, -1, -1, -1, 1, -1, 1, 1, -1, -1, -1, 1, 1, -1)	7.303955143670981
2.483274122871837	711	(-1, -1, -1, -1, -1, -1, -1, -1, -1, 1, -1, 1, 1, -1, -1, -1, 1, 1, 1)	7.303955143670981
2.483274122871837	712	(-1, -1, -1, -1, -1, -1, -1, -1, -1, 1, -1, 1, 1, -1, -1, 1, -1, -1, -1)	7.303955143670981
2.483274122871837	713	(-1, -1, -1, -1, -1, -1, -1, -1, -1, 1, -1, 1, 1, -1, -1, 1, -1, -1, 1)	7.303955143670981
2.483274122871837	714	(-1, -1, -1, -1, -1, -1, -1, -1, -1, 1, -1, 1, 1, -1, -1, 1, -1, 1, -1)	7.303955143670981
2.483274122871837	715	(-1, -1, -1, -1, -1, -1, -1, -1, -1, 1, -1, 1, 1, -1, -1, 1, -1, 1, 1)	7.303955143670981
2.483274122871837	716	(-1, -1, -1, -1, -1, -1, -1, -1, -1, 1, -1, 1, 1, -1, -1, 1, 1, -1, -1)	7.303955143670981
2.483274122871837	717	(-1, -1, -1, -1, -1, -1, -1, -1, -1, 1, -1, 1, 1, -1, -1, 1, 1, -1, 1)	7.303955143670981
2.483274122871837	718	(-1, -1, -1, -1, -1, -1, -1, -1, -1, 1, -1, 1, 1, -1, -1, 1, 1, 1, -1)	7.303955143670981
2.483274122871837	719	(-1, -1, -1, -1, -1, -1, -1, -1, -1, 1, -1, 1, 1, -1, -1, 1, 1, 1, 1)	7.303955143670981
2.483274122871837	720	(-1, -1, -1, -1, -1, -1, -1, -1, -1, 1, -1, 1, 1, -1, 1, -1, -1, -1, -1)	7.303955143670981
2.483274122871837	721	(-1, -1, -1, -1, -1, -1, -1, -1, -1, 1, -1, 1, 1, -1, 1, -1, -1, -1, 1)	7.303955143670981
2.483274122871837	722	(-1, -1, -1, -1, -1, -1, -1, -1, -1, 1, -1, 1, 1, -1, 1, -1, -1, 1, -1)	7.303955143670981
2.483274122871837	723	(-1, -1, -1, -1, -1, -1, -1, -1, -1, 1, -1, 1, 1, -1, 1, -1, -1, 1, 1)	7.303955143670981
2.483274122871837	724	(-1, -1, -1, -1, -1, -1, -1, -1, -1, 1, -1, 1, 1, -1, 1, -1, 1, -1, -1)	7.303955143670981
2.483274122871837	725	(-1, -1, -1, -1, -1, -1, -1, -1, -1, 1, -1, 1, 1, -1, 1, -1, 1, -1, 1)	7.303955143670981
2.483274122871837	726	(-1, -1, -1, -1, -1, -1, -1, -1, -1, 1, -1, 1, 1, -1, 1, -1, 1, 1, -1)	7.303955143670981
2.483274122871837	727	(-1, -1, -1, -1, -1, -1, -1, -1, -1, 1, -1, 1, 1, -1, 1, -1, 1, 1, 1)	7.303955143670981
2.483274122871837	728	(-1, -1, -1, -1, -1, -1, -1, -1, -1, 1, -1, 1, 1, -1, 1, 1, -1, -1, -1)	7.303955143670981
2.483274122871837	729	(-1, -1, -1, -1, -1, -1, -1, -1, -1, 1, -1, 1, 1, -1, 1, 1, -1, -1, 1)	7.303955143670981
2.483274122871837	730	(-1, -1, -1, -1, -1, -1, -1, -1, -1, 1, -1, 1, 1, -1, 1, 1, -1, 1, -1)	7.303955143670981
2.483274122871837	731	(-1, -1, -1, -1, -1, -1, -1, -1, -1, 1, -1, 1, 1, -1, 1, 1, -1, 1, 1)	7.303955143670981
2.483274122871837	732	(-1, -1, -1, -1, -1, -1, -1, -1, -1, 1, -1, 1, 1, -1, 1, 1, 1, -1, -1)	7.303955143670981
2.483274122871837	733	(-1, -1, -1, -1, -1, -1, -1, -1, -1, 1, -1, 1, 1, -1, 1, 1, 1, -1, 1)	7.303955143670981
2.483274122871837	734	(-1, -1, -1, -1, -1, -1, -1, -1, -1, 1, -1, 1, 1, -1, 1, 1, 1, 1, -1)	7.303955143670981
2.483274122871837	735	(-1, -1, -1, -1, -1, -1, -1, -1, -1, 1, -1, 1, 1, -1, 1, 1, 1, 1, 1)	7.303955143670981
2.483274122871837	736	(-1, -1, -1, -1, -1, -1, -1, -1, -1, 1, -1, 1, 1, 1, -1, -1, -1, -1, -1)	7.303955143670981
2.483274122871837	737	(-1, -1, -1, -1, -1, -1, -1, -1, -1, 1, -1, 1, 1, 1, -1, -1, -1, -1, 1)	7.303955143670981
2.483274122871837	738	(-1, -1, -1, -1, -1, -1, -1, -1, -1, 1, -1, 1, 1, 1, -1, -1, -1, 1, -1)	7.303955143670981
2.483274122871837	739	(-1, -1, -1, -1, -1, -1, -1, -1, -1, 1, -1, 1, 1, 1, -1, -1, -1, 1, 1)	7.303955143670981
2.483274122871837	740	(-1, -1, -1, -1, -1, -1, -1, -1, -1, 1, -1, 1, 1, 1, -1, -1, 1, -1, -1)	7.303955143670981
2.483274122871837	741	(-1, -1, -1, -1, -1, -1, -1, -1, -1, 1, -1, 1, 1, 1, -1, -1, 1, -1, 1)	7.303955143670981
2.483274122871837	742	(-1, -1, -1, -1, -1, -1, -1, -1, -1, 1, -1, 1, 1, 1, -1, -1, 1, 1, -1)	7.303955143670981
2.483274122871837	743	(-1, -1, -1, -1, -1, -1, -1, -1, -1, 1, -1, 1, 1, 1, -1, -1, 1, 1, 1)	7.303955143670981
2.483274122871837	744	(-1, -1, -1, -1, -1, -1, -1, -1, -1, 1, -1, 1, 1, 1, -1, 1, -1, -1, -1)	7.303955143670981
2.483274122871837	745	(-1, -1, -1, -1, -1, -1, -1, -1, -1, 1, -1, 1, 1, 1, -1, 1, -1, -1, 1)	7.303955143670981
2.483274122871837	746	(-1, -1, -1, -1, -1, -1, -1, -1, -1, 1, -1, 1, 1, 1, -1, 1, -1, 1, -1)	7.303955143670981
2.483274122871837	747	(-1, -1, -1, -1, -1, -1, -1, -1, -1, 1, -1, 1, 1, 1, -1, 1, -1, 1, 1)	7.303955143670981
2.483274122871837	748	(-1, -1, -1, -1, -1, -1, -1, -1, -1, 1, -1, 1, 1, 1, -1, 1, 1, -1, -1)	7.303955143670981
2.483274122871837	749	(-1, -1, -1, -1, -1, -1, -1, -1, -1, 1, -1, 1, 1, 1, -1, 1, 1, -1, 1)	7.303955143670981
2.483274122871837	750	(-1, -1, -1, -1, -1, -1, -1, -1, -1, 1, -1, 1, 1, 1, -1, 1, 1, 1, -1)	7.303955143670981
2.483274122871837	751	(-1, -1, -1, -1, -1, -1, -1, -1, -1, 1, -1, 1, 1, 1, -1, 1, 1, 1, 1)	7.303955143670981
2.483274122871837	752	(-1, -1, -1, -1, -1, -1, -1, -1, -1, 1, -1, 1, 1, 1, 1, -1, -1, -1, -1)	7.303955143670981
2.483274122871837	753	(-1, -1, -1, -1, -1, -1, -1, -1, -1, 1, -1, 1, 1, 1, 1, -1, -1, -1, 1)	7.303955143670981
2.483274122871837	754	(-1, -1, -1, -1, -1, -1, -1, -1, -1, 1, -1, 1, 1, 1, 1, -1, -1, 1, -1)	7.303955143670981
2.483274122871837	755	(-1, -1, -1, -1, -1, -1, -1, -1, -1, 1, -1, 1, 1, 1, 1, -1, -1, 1, 1)	7.303955143670981
2.483274122871837	756	(-1, -1, -1, -1, -1, -1, -1, -1, -1, 1, -1, 1, 1, 1, 1, -1, 1, -1, -1)	7.303955143670981
2.483274122871837	757	(-1, -1, -1, -1, -1, -1, -1, -1, -1, 1, -1, 1, 1, 1, 1, -1, 1, -1, 1)	7.303955143670981
2.483274122871837	758	(-1, -1, -1, -1, -1, -1, -1, -1, -1, 1, -1, 1, 1, 1, 1, -1, 1, 1, -1)	7.303955143670981
2.483274122871837	759	(-1, -1, -1, -1, -1, -1, -1, -1, -1, 1, -1, 1, 1, 1, 1, -1, 1, 1, 1)	7.303955143670981
2.483274122871837	760	(-1, -1, -1, -1, -1, -1, -1, -1, -1, 1, -1, 1, 1, 1, 1, 1, -1, -1, -1)	7.303955143670981
2.483274122871837	761	(-1, -1, -1, -1, -1, -1, -1, -1, -1, 1, -1, 1, 1, 1, 1, 1, -1, -1, 1)	7.303955143670981
2.483274122871837	762	(-1, -1, -1, -1, -1, -1, -1, -1, -1, 1, -1, 1, 1, 1, 1, 1, -1, 1, -1)	7.303955143670981
2.483274122871837	763	(-1, -1, -1, -1, -1, -1, -1, -1, -1, 1, -1, 1, 1, 1, 1, 1, -1, 1, 1)	7.303955143670981
2.483274122871837	764	(-1, -1, -1, -1, -1, -1, -1, -1, -1, 1, -1, 1, 1, 1, 1, 1, 1, -1, -1)	7.303955143675579
2.483274122871837	765	(-1, -1, -1, -1, -1, -1, -1, -1, -1, 1, -1, 1, 1, 1, 1, 1, 1, -1, 1)	7.303955143675579
2.483274122871837	766	(-1, -1, -1, -1, -1, -1, -1, -1, -1, 1, -1, 1, 1, 1, 1, 1, 1, 1, -1)	7.303955143670981
2.483274122871837	767	(-1, -1, -1, -1, -1, -1, -1, -1, -1, 1, -1, 1, 1, 1, 1, 1, 1, 1, 1)	7.303955143666382
2.483274122871837	768	(-1, -1, -1, -1, -1, -1, -1, -1, -1, 1, 1, -1, -1, -1, -1, -1, -1, -1, -1)	7.303955143669582
2.483274122871837	769	(-1, -1, -1, -1, -1, -1, -1, -1, -1, 1, 1, -1, -1, -1, -1, -1, -1, -1, 1)	7.303955143672581
2.483274122871837	770	(-1, -1, -1, -1, -1, -1, -1, -1, -1, 1, 1, -1, -1, -1, -1, -1, -1, 1, -1)	7.303955143675579
2.483274122871837	771	(-1, -1, -1, -1, -1, -1, -1, -1, -1, 1, 1, -1, -1, -1, -1, -1, -1, 1, 1)	7.303955143675579
2.483274122871837	772	(-1, -1, -1, -1, -1, -1, -1, -1, -1, 1, 1, -1, -1, -1, -1, -1, 1, -1, -1)	7.303955143670981
2.483274122871837	773	(-1, -1, -1, -1, -1, -1, -1, -1, -1, 1, 1, -1, -1, -1, -1, -1, 1, -1, 1)	7.303955143670981
2.483274122871837	774	(-1, -1, -1, -1, -1, -1, -1, -1, -1, 1, 1, -1, -1, -1, -1, -1, 1, 1, -1)	7.303955143670981
2.483274122871837	775	(-1, -1, -1, -1, -1, -1, -1, -1, -1, 1, 1, -1, -1, -1, -1, -1, 1, 1, 1)	7.303955143670981
2.483274122871837	776	(-1, -1, -1, -1, -1, -1, -1, -1, -1, 1, 1, -1, -1, -1, -1, 1, -1, -1, -1)	7.303955143670981
2.483274122871837	777	(-1, -1, -1, -1, -1, -1, -1, -1, -1, 1, 1, -1, -1, -1, -1, 1, -1, -1, 1)	7.303955143670981
2.483274122871837	778	(-1, -1, -1, -1, -1, -1, -1, -1, -1, 1, 1, -1, -1, -1, -1, 1, -1, 1, -1)	7.303955143670981
2.483274122871837	779	(-1, -1, -1, -1, -1, -1, -1, -1, -1, 1, 1, -1, -1, -1, -1, 1, -1, 1, 1)	7.303955143670981
2.483274122871837	780	(-1, -1, -1, -1, -1, -1, -1, -1, -1, 1, 1, -1, -1, -1, -1, 1, 1, -1, -1)	7.303955143670981
2.483274122871837	781	(-1, -1, -1, -1, -1, -1, -1, -1, -1, 1, 1, -1, -1, -1, -1, 1, 1, -1, 1)	7.303955143670981
2.483274122871837	782	(-1, -1, -1, -1, -1, -1, -1, -1, -1, 1, 1, -1, -1, -1, -1, 1, 1, 1, -1)	7.303955143670981
2.483274122871837	783	(-1, -1, -1, -1, -1, -1, -1, -1, -1, 1, 1, -1, -1, -1, -1, 1, 1, 1, 1)	7.303955143670981
2.483274122871837	784	(-1, -1, -1, -1, -1, -1, -1, -1, -1, 1, 1, -1, -1, -1, 1, -1, -1, -1, -1)	7.303955143670981
2.483274122871837	785	(-1, -1, -1, -1, -1, -1, -1, -1, -1, 1, 1, -1, -1, -1, 1, -1, -1, -1, 1)	7.303955143670981
2.483274122871837	786	(-1, -1, -1, -1, -1, -1, -1, -1, -1, 1, 1, -1, -1, -1, 1, -1, -1, 1, -1)	7.303955143670981
2.483274122871837	787	(-1, -1, -1, -1, -1, -1, -1, -1, -1, 1, 1, -1, -1, -1, 1, -1, -1, 1, 1)	7.303955143670981
2.483274122871837	788	(-1, -1, -1, -1, -1, -1, -1, -1, -1, 1, 1, -1, -1, -1, 1, -1, 1, -1, -1)	7.303955143670981
2.483274122871837	789	(-1, -1, -1, -1, -1, -1, -1, -1, -1, 1, 1, -1, -1, -1, 1, -1, 1, -1, 1)	7.303955143670981
2.483274122871837	790	(-1, -1, -1, -1, -1, -1, -1, -1, -1, 1, 1, -1, -1, -1, 1, -1, 1, 1, -1)	7.303955143670981
2.483274122871837	791	(-1, -1, -1, -1, -1, -1, -1, -1, -1, 1, 1, -1, -1, -1, 1, -1, 1, 1, 1)	7.303955143670981
2.483274122871837	792	(-1, -1, -1, -1, -1, -1, -1, -1, -1, 1, 1, -1, -1, -1, 1, 1, -1, -1, -1)	7.303955143670981
2.483274122871837	793	(-1, -1, -1, -1, -1, -1, -1, -1, -1, 1, 1, -1, -1, -1, 1, 1, -1, -1, 1)	7.303955143670981
2.483274122871837	794	(-1, -1, -1, -1, -1, -1, -1, -1, -1, 1, 1, -1, -1, -1, 1, 1, -1, 1, -1)	7.303955143670981
2.483274122871837	795	(-1, -1, -1, -1, -1, -1, -1, -1, -1, 1, 1, -1, -1, -1, 1, 1, -1, 1, 1)	7.303955143670981
2.483274122871837	796	(-1, -1, -1, -1, -1, -1, -1, -1, -1, 1, 1, -1, -1, -1, 1, 1, 1, -1, -1)	7.303955143670981
2.483274122871837	797	(-1, -1, -1, -1, -1, -1, -1, -1, -1, 1, 1, -1, -1, -1, 1, 1, 1, -1, 1)	7.303955143670981
2.483274122871837	798	(-1, -1, -1, -1, -1, -1, -1, -1, -1, 1, 1, -1, -1, -1, 1, 1, 1, 1, -1)	7.303955143670981
2.483274122871837	799	(-1, -1, -1, -1, -1, -1, -1, -1, -1, 1, 1, -1, -1, -1, 1, 1, 1, 1, 1)	7.303955143670981
2.483274122871837	800	(-1, -1, -1, -1, -1, -1, -1, -1, -1, 1, 1, -1, -1, 1, -1, -1, -1, -1, -1)	7.303955143670981
2.483274122871837	801	(-1, -1, -1, -1, -1, -1, -1, -1, -1, 1, 1, -1, -1, 1, -1, -1, -1, -1, 1)	7.303955143670981
2.483274122871837	802	(-1, -1, -1, -1, -1, -1, -1, -1, -1, 1, 1, -1, -1, 1, -1, -1, -1, 1, -1)	7.303955143670981
2.483274122871837	803	(-1, -1, -1, -1, -1, -1, -1, -1, -1, 1, 1, -1, -1, 1, -1, -1, -1, 1, 1)	7.303955143670981
2.483274122871837	804	(-1, -1, -1, -1, -1, -1, -1, -1, -1, 1, 1, -1, -1, 1, -1, -1, 1, -1, -1)	7.303955143670981
2.483274122871837	805	(-1, -1, -1, -1, -1, -1, -1, -1, -1, 1, 1, -1, -1, 1, -1, -1, 1, -1, 1)	7.303955143670981
2.483274122871837	806	(-1, -1, -1, -1, -1, -1, -1, -1, -1, 1, 1, -1, -1, 1, -1, -1, 1, 1, -1)	7.303955143670981
2.483274122871837	807	(-1, -1, -1, -1, -1, -1, -1, -1, -1, 1, 1, -1, -1, 1, -1, -1, 1, 1, 1)	7.303955143670981
2.483274122871837	808	(-1, -1, -1, -1, -1, -1, -1, -1, -1, 1, 1, -1, -1, 1, -1, 1, -1, -1, -1)	7.303955143670981
2.483274122871837	809	(-1, -1, -1, -1, -1, -1, -1, -1, -1, 1, 1, -1, -1, 1, -1, 1, -1, -1, 1)	7.303955143670981
2.483274122871837	810	(-1, -1, -1, -1, -1, -1, -1, -1, -1, 1, 1, -1, -1, 1, -1, 1, -1, 1, -1)	7.303955143670981
2.483274122871837	811	(-1, -1, -1, -1, -1, -1, -1, -1, -1, 1, 1, -1, -1, 1, -1, 1, -1, 1, 1)	7.303955143670981
2.483274122871837	812	(-1, -1, -1, -1, -1, -1, -1, -1, -1, 1, 1, -1, -1, 1, -1, 1, 1, -1, -1)	7.303955143670981
2.483274122871837	813	(-1, -1, -1, -1, -1, -1, -1, -1, -1, 1, 1, -1, -1, 1, -1, 1, 1, -1, 1)	7.303955143670981
2.483274122871837	814	(-1, -1, -1, -1, -1, -1, -1, -1, -1, 1, 1, -1, -1, 1, -1, 1, 1, 1, -1)	7.303955143670981
2.483274122871837	815	(-1, -1, -1, -1, -1, -1, -1, -1, -1, 1, 1, -1, -1, 1, -1, 1, 1, 1, 1)	7.303955143670981
2.483274122871837	816	(-1, -1, -1, -1, -1, -1, -1, -1, -1, 1, 1, -1, -1, 1, 1, -1, -1, -1, -1)	7.303955143670981
2.483274122871837	817	(-1, -1, -1, -1, -1, -1, -1, -1, -1, 1, 1, -1, -1, 1, 1, -1, -1, -1, 1)	7.303955143670981
2.483274122871837	818	(-1, -1, -1, -1, -1, -1, -1, -1, -1, 1, 1, -1, -1, 1, 1, -1, -1, 1, -1)	7.303955143670981
2.483274122871837	819	(-1, -1, -1, -1, -1, -1, -1, -1, -1, 1, 1, -1, -1, 1, 1, -1, -1, 1, 1)	7.303955143670981
2.483274122871837	820	(-1, -1, -1, -1, -1, -1, -1, -1, -1, 1, 1, -1, -1, 1, 1, -1, 1, -1, -1)	7.303955143670981
2.483274122871837	821	(-1, -1, -1, -1, -1, -1, -1, -1, -1, 1, 1, -1, -1, 1, 1, -1, 1, -1, 1)	7.303955143670981
2.483274122871837	822	(-1, -1, -1, -1, -1, -1, -1, -1, -1, 1, 1, -1, -1, 1, 1, -1, 1, 1, -1)	7.303955143670981
2.483274122871837	823	(-1, -1, -1, -1, -1, -1, -1, -1, -1, 1, 1, -1, -1, 1, 1, -1, 1, 1, 1)	7.303955143670981
2.483274122871837	824	(-1, -1, -1, -1, -1, -1, -1, -1, -1, 1, 1, -1, -1, 1, 1, 1, -1, -1, -1)	7.303955143670981
2.483274122871837	825	(-1, -1, -1, -1, -1, -1, -1, -1, -1, 1, 1, -1, -1, 1, 1, 1, -1, -1, 1)	7.303955143670981
2.483274122871837	826	(-1, -1, -1, -1, -1, -1, -1, -1, -1, 1, 1, -1, -1, 1, 1, 1, -1, 1, -1)	7.303955143670981
2.483274122871837	827	(-1, -1, -1, -1, -1, -1, -1, -1, -1, 1, 1, -1, -1, 1, 1, 1, -1, 1, 1)	7.303955143670981
2.483274122871837	828	(-1, -1, -1, -1, -1, -1, -1, -1, -1, 1, 1, -1, -1, 1, 1, 1, 1, -1, -1)	7.303955143670981
2.483274122871837	829	(-1, -1, -1, -1, -1, -1, -1, -1, -1, 1, 1, -1, -1, 1, 1, 1, 1, -1, 1)	7.303955143670981
2.483274122871837	830	(-1, -1, -1, -1, -1, -1, -1, -1, -1, 1, 1, -1, -1, 1, 1, 1, 1, 1, -1)	7.303955143670981
2.483274122871837	831	(-1, -1, -1, -1, -1, -1, -1, -1, -1, 1, 1, -1, -1, 1, 1, 1, 1, 1, 1)	7.303955143666382
2.483274122871837	832	(-1, -1, -1, -1, -1, -1, -1, -1, -1, 1, 1, -1, 1, -1, -1, -1, -1, -1, -1)	7.303955143666382
2.483274122871837	833	(-1, -1, -1, -1, -1, -1, -1, -1, -1, 1, 1, -1, 1, -1, -1, -1, -1, -1, 1)	7.303955143670981
2.483274122871837	834	(-1, -1, -1, -1, -1, -1, -1, -1, -1, 1, 1, -1, 1, -1, -1, -1, -1, 1, -1)	7.303955143670981
2.483274122871837	835	(-1, -1, -1, -1, -1, -1, -1, -1, -1, 1, 1, -1, 1, -1, -1, -1, -1, 1, 1)	7.303955143670981
2.483274122871837	836	(-1, -1, -1, -1, -1, -1, -1, -1, -1, 1, 1, -1, 1, -1, -1, -1, 1, -1, -1)	7.303955143670981
2.483274122871837	837	(-1, -1, -1, -1, -1, -1, -1, -1, -1, 1, 1, -1, 1, -1, -1, -1, 1, -1, 1)	7.303955143670981
2.483274122871837	838	(-1, -1, -1, -1, -1, -1, -1, -1, -1, 1, 1, -1, 1, -1, -1, -1, 1, 1, -1)	7.303955143670981
2.483274122871837	839	(-1, -1, -1, -1, -1, -1, -1, -1, -1, 1, 1, -1, 1, -1, -1, -1, 1, 1, 1)	7.303955143670981
2.483274122871837	840	(-1, -1, -1, -1, -1, -1, -1, -1, -1, 1, 1, -1, 1, -1, -1, 1, -1, -1, -1)	7.303955143670981
2.483274122871837	841	(-1, -1, -1, -1, -1, -1, -1, -1, -1, 1, 1, -1, 1, -1, -1, 1, -1, -1, 1)	7.303955143670981
2.483274122871837	842	(-1, -1, -1, -1, -1, -1, -1, -1, -1, 1, 1, -1, 1, -1, -1, 1, -1, 1, -1)	7.303955143670981
2.483274122871837	843	(-1, -1, -1, -1, -1, -1, -1, -1, -1, 1, 1, -1, 1, -1, -1, 1, -1, 1, 1)	7.303955143670981
2.483274122871837	844	(-1, -1, -1, -1, -1, -1, -1, -1, -1, 1, 1, -1, 1, -1, -1, 1, 1, -1, -1)	7.303955143670981
2.483274122871837	844	(-1, -1, -1, -1, -1, -1, -1, -1, -1, 1, 1, -1, 1, -1, -1, 1, 1, -1, -1)	7.303955143670981
2.483274122871837	845	(-1, -1, -1, -1, -1, -1, -1, -1, -1, 1, 1, -1, 1, -1, -1, 1, 1, -1, 1)	7.303955143670981
2.483274122871837	846	(-1, -1, -1, -1, -1, -1, -1, -1, -1, 1, 1, -1, 1, -1, -1, 1, 1, 1, -1)	7.303955143670981
2.483274122871837	847	(-1, -1, -1, -1, -1, -1, -1, -1, -1, 1, 1, -1, 1, -1, -1, 1, 1, 1, 1)	7.303955143670981
2.483274122871837	848	(-1, -1, -1, -1, -1, -1, -1, -1, -1, 1, 1, -1, 1, -1, 1, -1, -1, -1, -1)	7.303955143670981
