2.6657696820872245	24	(-1, -1, -1, -1, -1, -1, -1, -1, -1, -1, -1, -1, -1, -1, 1, 1, -1, -1, -1)	6.862019770321095
2.6657696820872245	25	(-1, -1, -1, -1, -1, -1, -1, -1, -1, -1, -1, -1, -1, -1, 1, 1, -1, -1, 1)	6.862019770321095
2.6657696820872245	96	(-1, -1, -1, -1, -1, -1, -1, -1, -1, -1, -1, -1, 1, 1, -1, -1, -1, -1, -1)	6.862019770390194
2.6657696820872245	97	(-1, -1, -1, -1, -1, -1, -1, -1, -1, -1, -1, -1, 1, 1, -1, -1, -1, -1, 1)	6.862019770390194
2.6657696820872245	98	(-1, -1, -1, -1, -1, -1, -1, -1, -1, -1, -1, -1, 1, 1, -1, -1, -1, 1, -1)	6.862019770390194
2.6657696820872245	99	(-1, -1, -1, -1, -1, -1, -1, -1, -1, -1, -1, -1, 1, 1, -1, -1, -1, 1, 1)	6.862019770390194
2.6657696820872245	100	(-1, -1, -1, -1, -1, -1, -1, -1, -1, -1, -1, -1, 1, 1, -1, -1, 1, -1, -1)	6.862019770390194
2.6657696820872245	101	(-1, -1, -1, -1, -1, -1, -1, -1, -1, -1, -1, -1, 1, 1, -1, -1, 1, -1, 1)	6.862019770390194
2.6657696820872245	102	(-1, -1, -1, -1, -1, -1, -1, -1, -1, -1, -1, -1, 1, 1, -1, -1, 1, 1, -1)	6.862019770355179
2.6657696820872245	103	(-1, -1, -1, -1, -1, -1, -1, -1, -1, -1, -1, -1, 1, 1, -1, -1, 1, 1, 1)	6.862019770355179
2.6657696820872245	152	(-1, -1, -1, -1, -1, -1, -1, -1, -1, -1, -1, 1, -1, -1, 1, 1, -1, -1, -1)	6.86201977030783
2.6657696820872245	153	(-1, -1, -1, -1, -1, -1, -1, -1, -1, -1, -1, 1, -1, -1, 1, 1, -1, -1, 1)	6.86201977030783
2.6657696820872245	230	(-1, -1, -1, -1, -1, -1, -1, -1, -1, -1, -1, 1, 1, 1, -1, -1, 1, 1, -1)	6.8620197703052455
2.6657696820872245	231	(-1, -1, -1, -1, -1, -1, -1, -1, -1, -1, -1, 1, 1, 1, -1, -1, 1, 1, 1)	6.8620197703052455
2.6657696820872245	240	(-1, -1, -1, -1, -1, -1, -1, -1, -1, -1, -1, 1, 1, 1, 1, -1, -1, -1, -1)	4.510713959139771
2.6657696820872245	280	(-1, -1, -1, -1, -1, -1, -1, -1, -1, -1, 1, -1, -1, -1, 1, 1, -1, -1, -1)	6.862019770319675
2.6657696820872245	281	(-1, -1, -1, -1, -1, -1, -1, -1, -1, -1, 1, -1, -1, -1, 1, 1, -1, -1, 1)	6.862019770319675
2.6657696820872245	358	(-1, -1, -1, -1, -1, -1, -1, -1, -1, -1, 1, -1, 1, 1, -1, -1, 1, 1, -1)	6.8620197703070716
2.6657696820872245	359	(-1, -1, -1, -1, -1, -1, -1, -1, -1, -1, 1, -1, 1, 1, -1, -1, 1, 1, 1)	6.8620197703070716
2.6657696820872245	384	(-1, -1, -1, -1, -1, -1, -1, -1, -1, -1, 1, 1, -1, -1, -1, -1, -1, -1, -1)	6.862019770185046
2.6657696820872245	385	(-1, -1, -1, -1, -1, -1, -1, -1, -1, -1, 1, 1, -1, -1, -1, -1, -1, -1, 1)	6.862019770185046
2.6657696820872245	386	(-1, -1, -1, -1, -1, -1, -1, -1, -1, -1, 1, 1, -1, -1, -1, -1, -1, 1, -1)	6.862019770185046
2.6657696820872245	387	(-1, -1, -1, -1, -1, -1, -1, -1, -1, -1, 1, 1, -1, -1, -1, -1, -1, 1, 1)	6.862019770185046
2.6657696820872245	388	(-1, -1, -1, -1, -1, -1, -1, -1, -1, -1, 1, 1, -1, -1, -1, -1, 1, -1, -1)	6.862019770185046
2.6657696820872245	389	(-1, -1, -1, -1, -1, -1, -1, -1, -1, -1, 1, 1, -1, -1, -1, -1, 1, -1, 1)	6.862019770185046
2.6657696820872245	390	(-1, -1, -1, -1, -1, -1, -1, -1, -1, -1, 1, 1, -1, -1, -1, -1, 1, 1, -1)	6.862019770185046
2.6657696820872245	391	(-1, -1, -1, -1, -1, -1, -1, -1, -1, -1, 1, 1, -1, -1, -1, -1, 1, 1, 1)	6.862019770185046
2.6657696820872245	392	(-1, -1, -1, -1, -1, -1, -1, -1, -1, -1, 1, 1, -1, -1, -1, 1, -1, -1, -1)	6.862019770185046
2.6657696820872245	393	(-1, -1, -1, -1, -1, -1, -1, -1, -1, -1, 1, 1, -1, -1, -1, 1, -1, -1, 1)	6.862019770185046
2.6657696820872245	394	(-1, -1, -1, -1, -1, -1, -1, -1, -1, -1, 1, 1, -1, -1, -1, 1, -1, 1, -1)	6.862019770185046
2.6657696820872245	395	(-1, -1, -1, -1, -1, -1, -1, -1, -1, -1, 1, 1, -1, -1, -1, 1, -1, 1, 1)	6.862019770185046
2.6657696820872245	396	(-1, -1, -1, -1, -1, -1, -1, -1, -1, -1, 1, 1, -1, -1, -1, 1, 1, -1, -1)	6.862019770185046
2.6657696820872245	397	(-1, -1, -1, -1, -1, -1, -1, -1, -1, -1, 1, 1, -1, -1, -1, 1, 1, -1, 1)	6.862019770185046
2.6657696820872245	398	(-1, -1, -1, -1, -1, -1, -1, -1, -1, -1, 1, 1, -1, -1, -1, 1, 1, 1, -1)	6.862019770185046
2.6657696820872245	399	(-1, -1, -1, -1, -1, -1, -1, -1, -1, -1, 1, 1, -1, -1, -1, 1, 1, 1, 1)	6.862019770185046
2.6657696820872245	400	(-1, -1, -1, -1, -1, -1, -1, -1, -1, -1, 1, 1, -1, -1, 1, -1, -1, -1, -1)	6.862019770185046
2.6657696820872245	401	(-1, -1, -1, -1, -1, -1, -1, -1, -1, -1, 1, 1, -1, -1, 1, -1, -1, -1, 1)	6.862019770185046
2.6657696820872245	402	(-1, -1, -1, -1, -1, -1, -1, -1, -1, -1, 1, 1, -1, -1, 1, -1, -1, 1, -1)	6.862019770185046
2.6657696820872245	403	(-1, -1, -1, -1, -1, -1, -1, -1, -1, -1, 1, 1, -1, -1, 1, -1, -1, 1, 1)	6.862019770185046
2.6657696820872245	404	(-1, -1, -1, -1, -1, -1, -1, -1, -1, -1, 1, 1, -1, -1, 1, -1, 1, -1, -1)	6.862019770185046
2.6657696820872245	405	(-1, -1, -1, -1, -1, -1, -1, -1, -1, -1, 1, 1, -1, -1, 1, -1, 1, -1, 1)	6.862019770185046
2.6657696820872245	406	(-1, -1, -1, -1, -1, -1, -1, -1, -1, -1, 1, 1, -1, -1, 1, -1, 1, 1, -1)	6.862019770185046
2.6657696820872245	407	(-1, -1, -1, -1, -1, -1, -1, -1, -1, -1, 1, 1, -1, -1, 1, -1, 1, 1, 1)	6.862019770185046
2.6657696820872245	408	(-1, -1, -1, -1, -1, -1, -1, -1, -1, -1, 1, 1, -1, -1, 1, 1, -1, -1, -1)	6.862019770289732
2.6657696820872245	409	(-1, -1, -1, -1, -1, -1, -1, -1, -1, -1, 1, 1, -1, -1, 1, 1, -1, -1, 1)	6.862019770289732
2.6657696820872245	410	(-1, -1, -1, -1, -1, -1, -1, -1, -1, -1, 1, 1, -1, -1, 1, 1, -1, 1, -1)	6.862019770259966
2.6657696820872245	411	(-1, -1, -1, -1, -1, -1, -1, -1, -1, -1, 1, 1, -1, -1, 1, 1, -1, 1, 1)	6.862019770259966
2.6657696820872245	412	(-1, -1, -1, -1, -1, -1, -1, -1, -1, -1, 1, 1, -1, -1, 1, 1, 1, -1, -1)	6.862019770259966
2.6657696820872245	413	(-1, -1, -1, -1, -1, -1, -1, -1, -1, -1, 1, 1, -1, -1, 1, 1, 1, -1, 1)	6.862019770259966
2.6657696820872245	414	(-1, -1, -1, -1, -1, -1, -1, -1, -1, -1, 1, 1, -1, -1, 1, 1, 1, 1, -1)	6.862019770259966
2.6657696820872245	415	(-1, -1, -1, -1, -1, -1, -1, -1, -1, -1, 1, 1, -1, -1, 1, 1, 1, 1, 1)	6.862019770259966
2.6657696820872245	486	(-1, -1, -1, -1, -1, -1, -1, -1, -1, -1, 1, 1, 1, 1, -1, -1, 1, 1, -1)	6.862019770328694
2.6657696820872245	487	(-1, -1, -1, -1, -1, -1, -1, -1, -1, -1, 1, 1, 1, 1, -1, -1, 1, 1, 1)	6.862019770328694
2.6657696820872245	536	(-1, -1, -1, -1, -1, -1, -1, -1, -1, 1, -1, -1, -1, -1, 1, 1, -1, -1, -1)	6.862019770269435
2.6657696820872245	537	(-1, -1, -1, -1, -1, -1, -1, -1, -1, 1, -1, -1, -1, -1, 1, 1, -1, -1, 1)	6.862019770269435
2.6657696820872245	608	(-1, -1, -1, -1, -1, -1, -1, -1, -1, 1, -1, -1, 1, 1, -1, -1, -1, -1, -1)	6.862019770363925
2.6657696820872245	609	(-1, -1, -1, -1, -1, -1, -1, -1, -1, 1, -1, -1, 1, 1, -1, -1, -1, -1, 1)	6.862019770363925
2.6657696820872245	610	(-1, -1, -1, -1, -1, -1, -1, -1, -1, 1, -1, -1, 1, 1, -1, -1, -1, 1, -1)	6.862019770363925
2.6657696820872245	611	(-1, -1, -1, -1, -1, -1, -1, -1, -1, 1, -1, -1, 1, 1, -1, -1, -1, 1, 1)	6.862019770363925
2.6657696820872245	612	(-1, -1, -1, -1, -1, -1, -1, -1, -1, 1, -1, -1, 1, 1, -1, -1, 1, -1, -1)	6.862019770363925
2.6657696820872245	613	(-1, -1, -1, -1, -1, -1, -1, -1, -1, 1, -1, -1, 1, 1, -1, -1, 1, -1, 1)	6.862019770363925
2.6657696820872245	614	(-1, -1, -1, -1, -1, -1, -1, -1, -1, 1, -1, -1, 1, 1, -1, -1, 1, 1, -1)	6.862019770328923
2.6657696820872245	615	(-1, -1, -1, -1, -1, -1, -1, -1, -1, 1, -1, -1, 1, 1, -1, -1, 1, 1, 1)	6.862019770328923
2.6657696820872245	664	(-1, -1, -1, -1, -1, -1, -1, -1, -1, 1, -1, 1, -1, -1, 1, 1, -1, -1, -1)	6.862019770279941
2.6657696820872245	665	(-1, -1, -1, -1, -1, -1, -1, -1, -1, 1, -1, 1, -1, -1, 1, 1, -1, -1, 1)	6.862019770279941
2.6657696820872245	742	(-1, -1, -1, -1, -1, -1, -1, -1, -1, 1, -1, 1, 1, 1, -1, -1, 1, 1, -1)	6.862019770291806
2.6657696820872245	743	(-1, -1, -1, -1, -1, -1, -1, -1, -1, 1, -1, 1, 1, 1, -1, -1, 1, 1, 1)	6.862019770291806
2.6657696820872245	792	(-1, -1, -1, -1, -1, -1, -1, -1, -1, 1, 1, -1, -1, -1, 1, 1, -1, -1, -1)	6.862019770281252
2.6657696820872245	793	(-1, -1, -1, -1, -1, -1, -1, -1, -1, 1, 1, -1, -1, -1, 1, 1, -1, -1, 1)	6.862019770281252
2.6657696820872245	870	(-1, -1, -1, -1, -1, -1, -1, -1, -1, 1, 1, -1, 1, 1, -1, -1, 1, 1, -1)	6.862019770284502
2.6657696820872245	871	(-1, -1, -1, -1, -1, -1, -1, -1, -1, 1, 1, -1, 1, 1, -1, -1, 1, 1, 1)	6.862019770284502
2.6657696820872245	920	(-1, -1, -1, -1, -1, -1, -1, -1, -1, 1, 1, 1, -1, -1, 1, 1, -1, -1, -1)	6.86201977029699
2.6657696820872245	921	(-1, -1, -1, -1, -1, -1, -1, -1, -1, 1, 1, 1, -1, -1, 1, 1, -1, -1, 1)	6.86201977029699
2.6657696820872245	922	(-1, -1, -1, -1, -1, -1, -1, -1, -1, 1, 1, 1, -1, -1, 1, 1, -1, 1, -1)	6.86201977033238
2.6657696820872245	923	(-1, -1, -1, -1, -1, -1, -1, -1, -1, 1, 1, 1, -1, -1, 1, 1, -1, 1, 1)	6.86201977033238
2.6657696820872245	924	(-1, -1, -1, -1, -1, -1, -1, -1, -1, 1, 1, 1, -1, -1, 1, 1, 1, -1, -1)	6.86201977033238
2.6657696820872245	925	(-1, -1, -1, -1, -1, -1, -1, -1, -1, 1, 1, 1, -1, -1, 1, 1, 1, -1, 1)	6.86201977033238
2.6657696820872245	926	(-1, -1, -1, -1, -1, -1, -1, -1, -1, 1, 1, 1, -1, -1, 1, 1, 1, 1, -1)	6.86201977033238
2.6657696820872245	927	(-1, -1, -1, -1, -1, -1, -1, -1, -1, 1, 1, 1, -1, -1, 1, 1, 1, 1, 1)	6.86201977033238
2.6657696820872245	960	(-1, -1, -1, -1, -1, -1, -1, -1, -1, 1, 1, 1, 1, -1, -1, -1, -1, -1, -1)	4.510713958966326
2.6657696820872245	961	(-1, -1, -1, -1, -1, -1, -1, -1, -1, 1, 1, 1, 1, -1, -1, -1, -1, -1, 1)	4.510713958966326
2.6657696820872245	962	(-1, -1, -1, -1, -1, -1, -1, -1, -1, 1, 1, 1, 1, -1, -1, -1, -1, 1, -1)	4.510713958966326
2.6657696820872245	963	(-1, -1, -1, -1, -1, -1, -1, -1, -1, 1, 1, 1, 1, -1, -1, -1, -1, 1, 1)	4.510713958966326
2.6657696820872245	998	(-1, -1, -1, -1, -1, -1, -1, -1, -1, 1, 1, 1, 1, 1, -1, -1, 1, 1, -1)	6.86201977025705
2.6657696820872245	999	(-1, -1, -1, -1, -1, -1, -1, -1, -1, 1, 1, 1, 1, 1, -1, -1, 1, 1, 1)	6.86201977025705
2.6657696820872245	1048	(-1, -1, -1, -1, -1, -1, -1, -1, 1, -1, -1, -1, -1, -1, 1, 1, -1, -1, -1)	6.862019770224114
2.6657696820872245	1049	(-1, -1, -1, -1, -1, -1, -1, -1, 1, -1, -1, -1, -1, -1, 1, 1, -1, -1, 1)	6.862019770224114
2.6657696820872245	1120	(-1, -1, -1, -1, -1, -1, -1, -1, 1, -1, -1, -1, 1, 1, -1, -1, -1, -1, -1)	6.862019770379429
2.6657696820872245	1121	(-1, -1, -1, -1, -1, -1, -1, -1, 1, -1, -1, -1, 1, 1, -1, -1, -1, -1, 1)	6.862019770379429
2.6657696820872245	1122	(-1, -1, -1, -1, -1, -1, -1, -1, 1, -1, -1, -1, 1, 1, -1, -1, -1, 1, -1)	6.862019770379429
2.6657696820872245	1123	(-1, -1, -1, -1, -1, -1, -1, -1, 1, -1, -1, -1, 1, 1, -1, -1, -1, 1, 1)	6.862019770379429
2.6657696820872245	1124	(-1, -1, -1, -1, -1, -1, -1, -1, 1, -1, -1, -1, 1, 1, -1, -1, 1, -1, -1)	6.862019770379429
2.6657696820872245	1125	(-1, -1, -1, -1, -1, -1, -1, -1, 1, -1, -1, -1, 1, 1, -1, -1, 1, -1, 1)	6.862019770379429
2.6657696820872245	1126	(-1, -1, -1, -1, -1, -1, -1, -1, 1, -1, -1, -1, 1, 1, -1, -1, 1, 1, -1)	6.862019770317026
2.6657696820872245	1127	(-1, -1, -1, -1, -1, -1, -1, -1, 1, -1, -1, -1, 1, 1, -1, -1, 1, 1, 1)	6.862019770317026
2.6657696820872245	1176	(-1, -1, -1, -1, -1, -1, -1, -1, 1, -1, -1, 1, -1, -1, 1, 1, -1, -1, -1)	6.862019770205192
2.6657696820872245	1177	(-1, -1, -1, -1, -1, -1, -1, -1, 1, -1, -1, 1, -1, -1, 1, 1, -1, -1, 1)	6.862019770205192
2.6657696820872245	1254	(-1, -1, -1, -1, -1, -1, -1, -1, 1, -1, -1, 1, 1, 1, -1, -1, 1, 1, -1)	6.862019770297979
2.6657696820872245	1255	(-1, -1, -1, -1, -1, -1, -1, -1, 1, -1, -1, 1, 1, 1, -1, -1, 1, 1, 1)	6.862019770297979
2.6657696820872245	1304	(-1, -1, -1, -1, -1, -1, -1, -1, 1, -1, 1, -1, -1, -1, 1, 1, -1, -1, -1)	6.862019770291201
2.6657696820872245	1305	(-1, -1, -1, -1, -1, -1, -1, -1, 1, -1, 1, -1, -1, -1, 1, 1, -1, -1, 1)	6.862019770291201
2.6657696820872245	1382	(-1, -1, -1, -1, -1, -1, -1, -1, 1, -1, 1, -1, 1, 1, -1, -1, 1, 1, -1)	6.862019770271612
2.6657696820872245	1383	(-1, -1, -1, -1, -1, -1, -1, -1, 1, -1, 1, -1, 1, 1, -1, -1, 1, 1, 1)	6.862019770271612
2.6657696820872245	1432	(-1, -1, -1, -1, -1, -1, -1, -1, 1, -1, 1, 1, -1, -1, 1, 1, -1, -1, -1)	6.86201977027712
2.6657696820872245	1433	(-1, -1, -1, -1, -1, -1, -1, -1, 1, -1, 1, 1, -1, -1, 1, 1, -1, -1, 1)	6.86201977027712
2.6657696820872245	1434	(-1, -1, -1, -1, -1, -1, -1, -1, 1, -1, 1, 1, -1, -1, 1, 1, -1, 1, -1)	6.862019770302343
2.6657696820872245	1435	(-1, -1, -1, -1, -1, -1, -1, -1, 1, -1, 1, 1, -1, -1, 1, 1, -1, 1, 1)	6.862019770302343
2.6657696820872245	1436	(-1, -1, -1, -1, -1, -1, -1, -1, 1, -1, 1, 1, -1, -1, 1, 1, 1, -1, -1)	6.862019770302343
2.6657696820872245	1437	(-1, -1, -1, -1, -1, -1, -1, -1, 1, -1, 1, 1, -1, -1, 1, 1, 1, -1, 1)	6.862019770302343
2.6657696820872245	1438	(-1, -1, -1, -1, -1, -1, -1, -1, 1, -1, 1, 1, -1, -1, 1, 1, 1, 1, -1)	6.862019770302343
2.6657696820872245	1439	(-1, -1, -1, -1, -1, -1, -1, -1, 1, -1, 1, 1, -1, -1, 1, 1, 1, 1, 1)	6.862019770302343
2.6657696820872245	1510	(-1, -1, -1, -1, -1, -1, -1, -1, 1, -1, 1, 1, 1, 1, -1, -1, 1, 1, -1)	6.862019770228781
2.6657696820872245	1511	(-1, -1, -1, -1, -1, -1, -1, -1, 1, -1, 1, 1, 1, 1, -1, -1, 1, 1, 1)	6.862019770228781
2.6657696820872245	1536	(-1, -1, -1, -1, -1, -1, -1, -1, 1, 1, -1, -1, -1, -1, -1, -1, -1, -1, -1)	6.862019770231876
2.6657696820872245	1537	(-1, -1, -1, -1, -1, -1, -1, -1, 1, 1, -1, -1, -1, -1, -1, -1, -1, -1, 1)	6.862019770231876
2.6657696820872245	1538	(-1, -1, -1, -1, -1, -1, -1, -1, 1, 1, -1, -1, -1, -1, -1, -1, -1, 1, -1)	6.862019770231876
2.6657696820872245	1539	(-1, -1, -1, -1, -1, -1, -1, -1, 1, 1, -1, -1, -1, -1, -1, -1, -1, 1, 1)	6.862019770231876
2.6657696820872245	1540	(-1, -1, -1, -1, -1, -1, -1, -1, 1, 1, -1, -1, -1, -1, -1, -1, 1, -1, -1)	6.862019770231876
2.6657696820872245	1541	(-1, -1, -1, -1, -1, -1, -1, -1, 1, 1, -1, -1, -1, -1, -1, -1, 1, -1, 1)	6.862019770231876
2.6657696820872245	1542	(-1, -1, -1, -1, -1, -1, -1, -1, 1, 1, -1, -1, -1, -1, -1, -1, 1, 1, -1)	6.862019770231876
2.6657696820872245	1543	(-1, -1, -1, -1, -1, -1, -1, -1, 1, 1, -1, -1, -1, -1, -1, -1, 1, 1, 1)	6.862019770231876
2.6657696820872245	1544	(-1, -1, -1, -1, -1, -1, -1, -1, 1, 1, -1, -1, -1, -1, -1, 1, -1, -1, -1)	6.862019770231876
2.6657696820872245	1545	(-1, -1, -1, -1, -1, -1, -1, -1, 1, 1, -1, -1, -1, -1, -1, 1, -1, -1, 1)	6.862019770231876
2.6657696820872245	1546	(-1, -1, -1, -1, -1, -1, -1, -1, 1, 1, -1, -1, -1, -1, -1, 1, -1, 1, -1)	6.862019770231876
2.6657696820872245	1547	(-1, -1, -1, -1, -1, -1, -1, -1, 1, 1, -1, -1, -1, -1, -1, 1, -1, 1, 1)	6.862019770231876
2.6657696820872245	1548	(-1, -1, -1, -1, -1, -1, -1, -1, 1, 1, -1, -1, -1, -1, -1, 1, 1, -1, -1)	6.862019770231876
2.6657696820872245	1549	(-1, -1, -1, -1, -1, -1, -1, -1, 1, 1, -1, -1, -1, -1, -1, 1, 1, -1, 1)	6.862019770231876
2.6657696820872245	1550	(-1, -1, -1, -1, -1, -1, -1, -1, 1, 1, -1, -1, -1, -1, -1, 1, 1, 1, -1)	6.862019770231876
2.6657696820872245	1551	(-1, -1, -1, -1, -1, -1, -1, -1, 1, 1, -1, -1, -1, -1, -1, 1, 1, 1, 1)	6.862019770231876
2.6657696820872245	1552	(-1, -1, -1, -1, -1, -1, -1, -1, 1, 1, -1, -1, -1, -1, 1, -1, -1, -1, -1)	6.862019770231876
2.6657696820872245	1553	(-1, -1, -1, -1, -1, -1, -1, -1, 1, 1, -1, -1, -1, -1, 1, -1, -1, -1, 1)	6.862019770231876
2.6657696820872245	1554	(-1, -1, -1, -1, -1, -1, -1, -1, 1, 1, -1, -1, -1, -1, 1, -1, -1, 1, -1)	6.862019770231876
2.6657696820872245	1555	(-1, -1, -1, -1, -1, -1, -1, -1, 1, 1, -1, -1, -1, -1, 1, -1, -1, 1, 1)	6.862019770231876
2.6657696820872245	1556	(-1, -1, -1, -1, -1, -1, -1, -1, 1, 1, -1, -1, -1, -1, 1, -1, 1, -1, -1)	6.862019770231876
2.6657696820872245	1557	(-1, -1, -1, -1, -1, -1, -1, -1, 1, 1, -1, -1, -1, -1, 1, -1, 1, -1, 1)	6.862019770231876
2.6657696820872245	1558	(-1, -1, -1, -1, -1, -1, -1, -1, 1, 1, -1, -1, -1, -1, 1, -1, 1, 1, -1)	6.862019770231876
2.6657696820872245	1559	(-1, -1, -1, -1, -1, -1, -1, -1, 1, 1, -1, -1, -1, -1, 1, -1, 1, 1, 1)	6.862019770231876
2.6657696820872245	1560	(-1, -1, -1, -1, -1, -1, -1, -1, 1, 1, -1, -1, -1, -1, 1, 1, -1, -1, -1)	6.862019770231611
2.6657696820872245	1561	(-1, -1, -1, -1, -1, -1, -1, -1, 1, 1, -1, -1, -1, -1, 1, 1, -1, -1, 1)	6.862019770231611
2.6657696820872245	1562	(-1, -1, -1, -1, -1, -1, -1, -1, 1, 1, -1, -1, -1, -1, 1, 1, -1, 1, -1)	6.862019770231876
2.6657696820872245	1563	(-1, -1, -1, -1, -1, -1, -1, -1, 1, 1, -1, -1, -1, -1, 1, 1, -1, 1, 1)	6.862019770231876
2.6657696820872245	1564	(-1, -1, -1, -1, -1, -1, -1, -1, 1, 1, -1, -1, -1, -1, 1, 1, 1, -1, -1)	6.862019770231876
2.6657696820872245	1565	(-1, -1, -1, -1, -1, -1, -1, -1, 1, 1, -1, -1, -1, -1, 1, 1, 1, -1, 1)	6.862019770231876
2.6657696820872245	1566	(-1, -1, -1, -1, -1, -1, -1, -1, 1, 1, -1, -1, -1, -1, 1, 1, 1, 1, -1)	6.862019770231876
2.6657696820872245	1567	(-1, -1, -1, -1, -1, -1, -1, -1, 1, 1, -1, -1, -1, -1, 1, 1, 1, 1, 1)	6.862019770231876
2.6657696820872245	1568	(-1, -1, -1, -1, -1, -1, -1, -1, 1, 1, -1, -1, -1, 1, -1, -1, -1, -1, -1)	6.862019770231876
2.6657696820872245	1569	(-1, -1, -1, -1, -1, -1, -1, -1, 1, 1, -1, -1, -1, 1, -1, -1, -1, -1, 1)	6.862019770231876
2.6657696820872245	1570	(-1, -1, -1, -1, -1, -1, -1, -1, 1, 1, -1, -1, -1, 1, -1, -1, -1, 1, -1)	6.862019770231876
2.6657696820872245	1571	(-1, -1, -1, -1, -1, -1, -1, -1, 1, 1, -1, -1, -1, 1, -1, -1, -1, 1, 1)	6.862019770231876
2.6657696820872245	1572	(-1, -1, -1, -1, -1, -1, -1, -1, 1, 1, -1, -1, -1, 1, -1, -1, 1, -1, -1)	6.862019770231876
2.6657696820872245	1573	(-1, -1, -1, -1, -1, -1, -1, -1, 1, 1, -1, -1, -1, 1, -1, -1, 1, -1, 1)	6.862019770231876
2.6657696820872245	1574	(-1, -1, -1, -1, -1, -1, -1, -1, 1, 1, -1, -1, -1, 1, -1, -1, 1, 1, -1)	6.862019770231876
2.6657696820872245	1575	(-1, -1, -1, -1, -1, -1, -1, -1, 1, 1, -1, -1, -1, 1, -1, -1, 1, 1, 1)	6.862019770231876
2.6657696820872245	1576	(-1, -1, -1, -1, -1, -1, -1, -1, 1, 1, -1, -1, -1, 1, -1, 1, -1, -1, -1)	6.862019770231876
2.6657696820872245	1577	(-1, -1, -1, -1, -1, -1, -1, -1, 1, 1, -1, -1, -1, 1, -1, 1, -1, -1, 1)	6.862019770231876
2.6657696820872245	1578	(-1, -1, -1, -1, -1, -1, -1, -1, 1, 1, -1, -1, -1, 1, -1, 1, -1, 1, -1)	6.862019770231876
2.6657696820872245	1579	(-1, -1, -1, -1, -1, -1, -1, -1, 1, 1, -1, -1, -1, 1, -1, 1, -1, 1, 1)	6.862019770231876
2.6657696820872245	1580	(-1, -1, -1, -1, -1, -1, -1, -1, 1, 1, -1, -1, -1, 1, -1, 1, 1, -1, -1)	6.862019770231876
2.6657696820872245	1581	(-1, -1, -1, -1, -1, -1, -1, -1, 1, 1, -1, -1, -1, 1, -1, 1, 1, -1, 1)	6.862019770231876
2.6657696820872245	1582	(-1, -1, -1, -1, -1, -1, -1, -1, 1, 1, -1, -1, -1, 1, -1, 1, 1, 1, -1)	6.862019770231876
2.6657696820872245	1583	(-1, -1, -1, -1, -1, -1, -1, -1, 1, 1, -1, -1, -1, 1, -1, 1, 1, 1, 1)	6.862019770231876
2.6657696820872245	1584	(-1, -1, -1, -1, -1, -1, -1, -1, 1, 1, -1, -1, -1, 1, 1, -1, -1, -1, -1)	6.862019770231876
2.6657696820872245	1585	(-1, -1, -1, -1, -1, -1, -1, -1, 1, 1, -1, -1, -1, 1, 1, -1, -1, -1, 1)	6.862019770231876
2.6657696820872245	1586	(-1, -1, -1, -1, -1, -1, -1, -1, 1, 1, -1, -1, -1, 1, 1, -1, -1, 1, -1)	6.862019770231876
2.6657696820872245	1587	(-1, -1, -1, -1, -1, -1, -1, -1, 1, 1, -1, -1, -1, 1, 1, -1, -1, 1, 1)	6.862019770231876
2.6657696820872245	1588	(-1, -1, -1, -1, -1, -1, -1, -1, 1, 1, -1, -1, -1, 1, 1, -1, 1, -1, -1)	6.862019770231876
2.6657696820872245	1589	(-1, -1, -1, -1, -1, -1, -1, -1, 1, 1, -1, -1, -1, 1, 1, -1, 1, -1, 1)	6.862019770231876
2.6657696820872245	1590	(-1, -1, -1, -1, -1, -1, -1, -1, 1, 1, -1, -1, -1, 1, 1, -1, 1, 1, -1)	6.862019770231876
2.6657696820872245	1591	(-1, -1, -1, -1, -1, -1, -1, -1, 1, 1, -1, -1, -1, 1, 1, -1, 1, 1, 1)	6.862019770231876
2.6657696820872245	1592	(-1, -1, -1, -1, -1, -1, -1, -1, 1, 1, -1, -1, -1, 1, 1, 1, -1, -1, -1)	6.862019770231876
2.6657696820872245	1593	(-1, -1, -1, -1, -1, -1, -1, -1, 1, 1, -1, -1, -1, 1, 1, 1, -1, -1, 1)	6.862019770231876
2.6657696820872245	1594	(-1, -1, -1, -1, -1, -1, -1, -1, 1, 1, -1, -1, -1, 1, 1, 1, -1, 1, -1)	6.862019770231876
2.6657696820872245	1595	(-1, -1, -1, -1, -1, -1, -1, -1, 1, 1, -1, -1, -1, 1, 1, 1, -1, 1, 1)	6.862019770231876
2.6657696820872245	1596	(-1, -1, -1, -1, -1, -1, -1, -1, 1, 1, -1, -1, -1, 1, 1, 1, 1, -1, -1)	6.862019770231876
2.6657696820872245	1597	(-1, -1, -1, -1, -1, -1, -1, -1, 1, 1, -1, -1, -1, 1, 1, 1, 1, -1, 1)	6.862019770231876
2.6657696820872245	1598	(-1, -1, -1, -1, -1, -1, -1, -1, 1, 1, -1, -1, -1, 1, 1, 1, 1, 1, -1)	6.862019770231876
2.6657696820872245	1599	(-1, -1, -1, -1, -1, -1, -1, -1, 1, 1, -1, -1, -1, 1, 1, 1, 1, 1, 1)	6.862019770231876
2.6657696820872245	1600	(-1, -1, -1, -1, -1, -1, -1, -1, 1, 1, -1, -1, 1, -1, -1, -1, -1, -1, -1)	6.862019770231876
2.6657696820872245	1601	(-1, -1, -1, -1, -1, -1, -1, -1, 1, 1, -1, -1, 1, -1, -1, -1, -1, -1, 1)	6.862019770231876
2.6657696820872245	1602	(-1, -1, -1, -1, -1, -1, -1, -1, 1, 1, -1, -1, 1, -1, -1, -1, -1, 1, -1)	6.862019770231876
2.6657696820872245	1603	(-1, -1, -1, -1, -1, -1, -1, -1, 1, 1, -1, -1, 1, -1, -1, -1, -1, 1, 1)	6.862019770231876
2.6657696820872245	1604	(-1, -1, -1, -1, -1, -1, -1, -1, 1, 1, -1, -1, 1, -1, -1, -1, 1, -1, -1)	6.862019770231876
2.6657696820872245	1605	(-1, -1, -1, -1, -1, -1, -1, -1, 1, 1, -1, -1, 1, -1, -1, -1, 1, -1, 1)	6.862019770231876
2.6657696820872245	1606	(-1, -1, -1, -1, -1, -1, -1, -1, 1, 1, -1, -1, 1, -1, -1, -1, 1, 1, -1)	6.862019770231876
2.6657696820872245	1607	(-1, -1, -1, -1, -1, -1, -1, -1, 1, 1, -1, -1, 1, -1, -1, -1, 1, 1, 1)	6.862019770231876
2.6657696820872245	1608	(-1, -1, -1, -1, -1, -1, -1, -1, 1, 1, -1, -1, 1, -1, -1, 1, -1, -1, -1)	6.862019770231876
2.6657696820872245	1609	(-1, -1, -1, -1, -1, -1, -1, -1, 1, 1, -1, -1, 1, -1, -1, 1, -1, -1, 1)	6.862019770231876
2.6657696820872245	1610	(-1, -1, -1, -1, -1, -1, -1, -1, 1, 1, -1, -1, 1, -1, -1, 1, -1, 1, -1)	6.862019770231876
2.6657696820872245	1611	(-1, -1, -1, -1, -1, -1, -1, -1, 1, 1, -1, -1, 1, -1, -1, 1, -1, 1, 1)	6.862019770231876
2.6657696820872245	1612	(-1, -1, -1, -1, -1, -1, -1, -1, 1, 1, -1, -1, 1, -1, -1, 1, 1, -1, -1)	6.862019770231876
2.6657696820872245	1613	(-1, -1, -1, -1, -1, -1, -1, -1, 1, 1, -1, -1, 1, -1, -1, 1, 1, -1, 1)	6.862019770231876
2.6657696820872245	1614	(-1, -1, -1, -1, -1, -1, -1, -1, 1, 1, -1, -1, 1, -1, -1, 1, 1, 1, -1)	6.862019770231876
2.6657696820872245	1615	(-1, -1, -1, -1, -1, -1, -1, -1, 1, 1, -1, -1, 1, -1, -1, 1, 1, 1, 1)	6.862019770231876
2.6657696820872245	1616	(-1, -1, -1, -1, -1, -1, -1, -1, 1, 1, -1, -1, 1, -1, 1, -1, -1, -1, -1)	6.862019770231876
2.6657696820872245	1617	(-1, -1, -1, -1, -1, -1, -1, -1, 1, 1, -1, -1, 1, -1, 1, -1, -1, -1, 1)	6.862019770231876
2.6657696820872245	1618	(-1, -1, -1, -1, -1, -1, -1, -1, 1, 1, -1, -1, 1, -1, 1, -1, -1, 1, -1)	6.862019770231876
2.6657696820872245	1619	(-1, -1, -1, -1, -1, -1, -1, -1, 1, 1, -1, -1, 1, -1, 1, -1, -1, 1, 1)	6.862019770231876
2.6657696820872245	1620	(-1, -1, -1, -1, -1, -1, -1, -1, 1, 1, -1, -1, 1, -1, 1, -1, 1, -1, -1)	6.862019770231876
2.6657696820872245	1621	(-1, -1, -1, -1, -1, -1, -1, -1, 1, 1, -1, -1, 1, -1, 1, -1, 1, -1, 1)	6.862019770231876
2.6657696820872245	1622	(-1, -1, -1, -1, -1, -1, -1, -1, 1, 1, -1, -1, 1, -1, 1, -1, 1, 1, -1)	6.862019770231876
2.6657696820872245	1623	(-1, -1, -1, -1, -1, -1, -1, -1, 1, 1, -1, -1, 1, -1, 1, -1, 1, 1, 1)	6.862019770231876
2.6657696820872245	1624	(-1, -1, -1, -1, -1, -1, -1, -1, 1, 1, -1, -1, 1, -1, 1, 1, -1, -1, -1)	6.862019770231876
2.6657696820872245	1625	(-1, -1, -1, -1, -1, -1, -1, -1, 1, 1, -1, -1, 1, -1, 1, 1, -1, -1, 1)	6.862019770231876
2.6657696820872245	1626	(-1, -1, -1, -1, -1, -1, -1, -1, 1, 1, -1, -1, 1, -1, 1, 1, -1, 1, -1)	6.862019770231876
2.6657696820872245	1627	(-1, -1, -1, -1, -1, -1, -1, -1, 1, 1, -1, -1, 1, -1, 1, 1, -1, 1, 1)	6.862019770231876
2.6657696820872245	1628	(-1, -1, -1, -1, -1, -1, -1, -1, 1, 1, -1, -1, 1, -1, 1, 1, 1, -1, -1)	6.862019770231876
2.6657696820872245	1629	(-1, -1, -1, -1, -1, -1, -1, -1, 1, 1, -1, -1, 1, -1, 1, 1, 1, -1, 1)	6.862019770231876
2.6657696820872245	1630	(-1, -1, -1, -1, -1, -1, -1, -1, 1, 1, -1, -1, 1, -1, 1, 1, 1, 1, -1)	6.862019770231876
2.6657696820872245	1631	(-1, -1, -1, -1, -1, -1, -1, -1, 1, 1, -1, -1, 1, -1, 1, 1, 1, 1, 1)	6.862019770231876
2.6657696820872245	1632	(-1, -1, -1, -1, -1, -1, -1, -1, 1, 1, -1, -1, 1, 1, -1, -1, -1, -1, -1)	6.862019770231876
2.6657696820872245	1633	(-1, -1, -1, -1, -1, -1, -1, -1, 1, 1, -1, -1, 1, 1, -1, -1, -1, -1, 1)	6.862019770231876
2.6657696820872245	1634	(-1, -1, -1, -1, -1, -1, -1, -1, 1, 1, -1, -1, 1, 1, -1, -1, -1, 1, -1)	6.862019770231876
2.6657696820872245	1635	(-1, -1, -1, -1, -1, -1, -1, -1, 1, 1, -1, -1, 1, 1, -1, -1, -1, 1, 1)	6.862019770231876
2.6657696820872245	1636	(-1, -1, -1, -1, -1, -1, -1, -1, 1, 1, -1, -1, 1, 1, -1, -1, 1, -1, -1)	6.862019770231876
2.6657696820872245	1637	(-1, -1, -1, -1, -1, -1, -1, -1, 1, 1, -1, -1, 1, 1, -1, -1, 1, -1, 1)	6.862019770231876
2.6657696820872245	1638	(-1, -1, -1, -1, -1, -1, -1, -1, 1, 1, -1, -1, 1, 1, -1, -1, 1, 1, -1)	6.862019770229523
2.6657696820872245	1639	(-1, -1, -1, -1, -1, -1, -1, -1, 1, 1, -1, -1, 1, 1, -1, -1, 1, 1, 1)	6.862019770229523
2.6657696820872245	1640	(-1, -1, -1, -1, -1, -1, -1, -1, 1, 1, -1, -1, 1, 1, -1, 1, -1, -1, -1)	6.862019770229523
2.6657696820872245	1641	(-1, -1, -1, -1, -1, -1, -1, -1, 1, 1, -1, -1, 1, 1, -1, 1, -1, -1, 1)	6.862019770229523
2.6657696820872245	1642	(-1, -1, -1, -1, -1, -1, -1, -1, 1, 1, -1, -1, 1, 1, -1, 1, -1, 1, -1)	6.862019770229523
2.6657696820872245	1643	(-1, -1, -1, -1, -1, -1, -1, -1, 1, 1, -1, -1, 1, 1, -1, 1, -1, 1, 1)	6.862019770229523
2.6657696820872245	1644	(-1, -1, -1, -1, -1, -1, -1, -1, 1, 1, -1, -1, 1, 1, -1, 1, 1, -1, -1)	6.862019770229523
2.6657696820872245	1645	(-1, -1, -1, -1, -1, -1, -1, -1, 1, 1, -1, -1, 1, 1, -1, 1, 1, -1, 1)	6.862019770229523
2.6657696820872245	1646	(-1, -1, -1, -1, -1, -1, -1, -1, 1, 1, -1, -1, 1, 1, -1, 1, 1, 1, -1)	6.862019770229523
2.6657696820872245	1647	(-1, -1, -1, -1, -1, -1, -1, -1, 1, 1, -1, -1, 1, 1, -1, 1, 1, 1, 1)	6.862019770229523
2.6657696820872245	1648	(-1, -1, -1, -1, -1, -1, -1, -1, 1, 1, -1, -1, 1, 1, 1, -1, -1, -1, -1)	6.862019770229523
2.6657696820872245	1649	(-1, -1, -1, -1, -1, -1, -1, -1, 1, 1, -1, -1, 1, 1, 1, -1, -1, -1, 1)	6.862019770229523
2.6657696820872245	1650	(-1, -1, -1, -1, -1, -1, -1, -1, 1, 1, -1, -1, 1, 1, 1, -1, -1, 1, -1)	6.862019770229523
2.6657696820872245	1651	(-1, -1, -1, -1, -1, -1, -1, -1, 1, 1, -1, -1, 1, 1, 1, -1, -1, 1, 1)	6.862019770229523
2.6657696820872245	1652	(-1, -1, -1, -1, -1, -1, -1, -1, 1, 1, -1, -1, 1, 1, 1, -1, 1, -1, -1)	6.862019770229523
2.6657696820872245	1653	(-1, -1, -1, -1, -1, -1, -1, -1, 1, 1, -1, -1, 1, 1, 1, -1, 1, -1, 1)	6.862019770229523
2.6657696820872245	1654	(-1, -1, -1, -1, -1, -1, -1, -1, 1, 1, -1, -1, 1, 1, 1, -1, 1, 1, -1)	6.862019770229523
2.6657696820872245	1655	(-1, -1, -1, -1, -1, -1, -1, -1, 1, 1, -1, -1, 1, 1, 1, -1, 1, 1, 1)	6.862019770229523
2.6657696820872245	1656	(-1, -1, -1, -1, -1, -1, -1, -1, 1, 1, -1, -1, 1, 1, 1, 1, -1, -1, -1)	6.862019770229523
2.6657696820872245	1657	(-1, -1, -1, -1, -1, -1, -1, -1, 1, 1, -1, -1, 1, 1, 1, 1, -1, -1, 1)	6.862019770229523
2.6657696820872245	1658	(-1, -1, -1, -1, -1, -1, -1, -1, 1, 1, -1, -1, 1, 1, 1, 1, -1, 1, -1)	6.862019770229523
2.6657696820872245	1659	(-1, -1, -1, -1, -1, -1, -1, -1, 1, 1, -1, -1, 1, 1, 1, 1, -1, 1, 1)	6.862019770229523
2.6657696820872245	1660	(-1, -1, -1, -1, -1, -1, -1, -1, 1, 1, -1, -1, 1, 1, 1, 1, 1, -1, -1)	6.862019770229523
2.6657696820872245	1661	(-1, -1, -1, -1, -1, -1, -1, -1, 1, 1, -1, -1, 1, 1, 1, 1, 1, -1, 1)	6.862019770229523
2.6657696820872245	1662	(-1, -1, -1, -1, -1, -1, -1, -1, 1, 1, -1, -1, 1, 1, 1, 1, 1, 1, -1)	6.862019770229523
2.6657696820872245	1663	(-1, -1, -1, -1, -1, -1, -1, -1, 1, 1, -1, -1, 1, 1, 1, 1, 1, 1, 1)	6.862019770229523
2.6657696820872245	1688	(-1, -1, -1, -1, -1, -1, -1, -1, 1, 1, -1, 1, -1, -1, 1, 1, -1, -1, -1)	6.862019770217716
2.6657696820872245	1689	(-1, -1, -1, -1, -1, -1, -1, -1, 1, 1, -1, 1, -1, -1, 1, 1, -1, -1, 1)	6.862019770217716
2.6657696820872245	1766	(-1, -1, -1, -1, -1, -1, -1, -1, 1, 1, -1, 1, 1, 1, -1, -1, 1, 1, -1)	6.862019770233545
2.6657696820872245	1767	(-1, -1, -1, -1, -1, -1, -1, -1, 1, 1, -1, 1, 1, 1, -1, -1, 1, 1, 1)	6.862019770233545
2.6657696820872245	1816	(-1, -1, -1, -1, -1, -1, -1, -1, 1, 1, 1, -1, -1, -1, 1, 1, -1, -1, -1)	6.862019770257622
2.6657696820872245	1817	(-1, -1, -1, -1, -1, -1, -1, -1, 1, 1, 1, -1, -1, -1, 1, 1, -1, -1, 1)	6.862019770257622
2.6657696820872245	1894	(-1, -1, -1, -1, -1, -1, -1, -1, 1, 1, 1, -1, 1, 1, -1, -1, 1, 1, -1)	6.862019770251892
2.6657696820872245	1895	(-1, -1, -1, -1, -1, -1, -1, -1, 1, 1, 1, -1, 1, 1, -1, -1, 1, 1, 1)	6.862019770251892
2.6657696820872245	1944	(-1, -1, -1, -1, -1, -1, -1, -1, 1, 1, 1, 1, -1, -1, 1, 1, -1, -1, -1)	6.862019770279311
2.6657696820872245	1945	(-1, -1, -1, -1, -1, -1, -1, -1, 1, 1, 1, 1, -1, -1, 1, 1, -1, -1, 1)	6.862019770279311
2.6657696820872245	1946	(-1, -1, -1, -1, -1, -1, -1, -1, 1, 1, 1, 1, -1, -1, 1, 1, -1, 1, -1)	6.862019770326962
2.6657696820872245	1947	(-1, -1, -1, -1, -1, -1, -1, -1, 1, 1, 1, 1, -1, -1, 1, 1, -1, 1, 1)	6.862019770326962
2.6657696820872245	1948	(-1, -1, -1, -1, -1, -1, -1, -1, 1, 1, 1, 1, -1, -1, 1, 1, 1, -1, -1)	6.862019770326962
2.6657696820872245	1949	(-1, -1, -1, -1, -1, -1, -1, -1, 1, 1, 1, 1, -1, -1, 1, 1, 1, -1, 1)	6.862019770326962
2.6657696820872245	1950	(-1, -1, -1, -1, -1, -1, -1, -1, 1, 1, 1, 1, -1, -1, 1, 1, 1, 1, -1)	6.862019770326962
2.6657696820872245	1951	(-1, -1, -1, -1, -1, -1, -1, -1, 1, 1, 1, 1, -1, -1, 1, 1, 1, 1, 1)	6.862019770326962
2.6657696820872245	2022	(-1, -1, -1, -1, -1, -1, -1, -1, 1, 1, 1, 1, 1, 1, -1, -1, 1, 1, -1)	6.862019770242542
2.6657696820872245	2023	(-1, -1, -1, -1, -1, -1, -1, -1, 1, 1, 1, 1, 1, 1, -1, -1, 1, 1, 1)	6.862019770242542
2.6657696820872245	2072	(-1, -1, -1, -1, -1, -1, -1, 1, -1, -1, -1, -1, -1, -1, 1, 1, -1, -1, -1)	6.86201977042254
2.6657696820872245	2073	(-1, -1, -1, -1, -1, -1, -1, 1, -1, -1, -1, -1, -1, -1, 1, 1, -1, -1, 1)	6.86201977042254
2.6657696820872245	2144	(-1, -1, -1, -1, -1, -1, -1, 1, -1, -1, -1, -1, 1, 1, -1, -1, -1, -1, -1)	6.862019770417838
2.6657696820872245	2145	(-1, -1, -1, -1, -1, -1, -1, 1, -1, -1, -1, -1, 1, 1, -1, -1, -1, -1, 1)	6.862019770417838
2.6657696820872245	2146	(-1, -1, -1, -1, -1, -1, -1, 1, -1, -1, -1, -1, 1, 1, -1, -1, -1, 1, -1)	6.862019770417838
2.6657696820872245	2147	(-1, -1, -1, -1, -1, -1, -1, 1, -1, -1, -1, -1, 1, 1, -1, -1, -1, 1, 1)	6.862019770417838
2.6657696820872245	2148	(-1, -1, -1, -1, -1, -1, -1, 1, -1, -1, -1, -1, 1, 1, -1, -1, 1, -1, -1)	6.862019770417838
2.6657696820872245	2149	(-1, -1, -1, -1, -1, -1, -1, 1, -1, -1, -1, -1, 1, 1, -1, -1, 1, -1, 1)	6.862019770417838
2.6657696820872245	2150	(-1, -1, -1, -1, -1, -1, -1, 1, -1, -1, -1, -1, 1, 1, -1, -1, 1, 1, -1)	6.862019770420545
2.6657696820872245	2151	(-1, -1, -1, -1, -1, -1, -1, 1, -1, -1, -1, -1, 1, 1, -1, -1, 1, 1, 1)	6.862019770420545
2.6657696820872245	2200	(-1, -1, -1, -1, -1, -1, -1, 1, -1, -1, -1, 1, -1, -1, 1, 1, -1, -1, -1)	6.862019770398807
2.6657696820872245	2201	(-1, -1, -1, -1, -1, -1, -1, 1, -1, -1, -1, 1, -1, -1, 1, 1, -1, -1, 1)	6.862019770398807
2.6657696820872245	2278	(-1, -1, -1, -1, -1, -1, -1, 1, -1, -1, -1, 1, 1, 1, -1, -1, 1, 1, -1)	6.862019770426078
2.6657696820872245	2279	(-1, -1, -1, -1, -1, -1, -1, 1, -1, -1, -1, 1, 1, 1, -1, -1, 1, 1, 1)	6.862019770426078
2.6657696820872245	2328	(-1, -1, -1, -1, -1, -1, -1, 1, -1, -1, 1, -1, -1, -1, 1, 1, -1, -1, -1)	6.862019770460982
2.6657696820872245	2329	(-1, -1, -1, -1, -1, -1, -1, 1, -1, -1, 1, -1, -1, -1, 1, 1, -1, -1, 1)	6.862019770460982
2.6657696820872245	2406	(-1, -1, -1, -1, -1, -1, -1, 1, -1, -1, 1, -1, 1, 1, -1, -1, 1, 1, -1)	6.862019770430973
2.6657696820872245	2407	(-1, -1, -1, -1, -1, -1, -1, 1, -1, -1, 1, -1, 1, 1, -1, -1, 1, 1, 1)	6.862019770430973
2.6657696820872245	2432	(-1, -1, -1, -1, -1, -1, -1, 1, -1, -1, 1, 1, -1, -1, -1, -1, -1, -1, -1)	6.862019770133962
2.6657696820872245	2433	(-1, -1, -1, -1, -1, -1, -1, 1, -1, -1, 1, 1, -1, -1, -1, -1, -1, -1, 1)	6.862019770133962
2.6657696820872245	2434	(-1, -1, -1, -1, -1, -1, -1, 1, -1, -1, 1, 1, -1, -1, -1, -1, -1, 1, -1)	6.862019770133962
2.6657696820872245	2435	(-1, -1, -1, -1, -1, -1, -1, 1, -1, -1, 1, 1, -1, -1, -1, -1, -1, 1, 1)	6.862019770133962
2.6657696820872245	2436	(-1, -1, -1, -1, -1, -1, -1, 1, -1, -1, 1, 1, -1, -1, -1, -1, 1, -1, -1)	6.862019770133962
2.6657696820872245	2437	(-1, -1, -1, -1, -1, -1, -1, 1, -1, -1, 1, 1, -1, -1, -1, -1, 1, -1, 1)	6.862019770133962
2.6657696820872245	2438	(-1, -1, -1, -1, -1, -1, -1, 1, -1, -1, 1, 1, -1, -1, -1, -1, 1, 1, -1)	6.862019770133962
2.6657696820872245	2439	(-1, -1, -1, -1, -1, -1, -1, 1, -1, -1, 1, 1, -1, -1, -1, -1, 1, 1, 1)	6.862019770133962
2.6657696820872245	2440	(-1, -1, -1, -1, -1, -1, -1, 1, -1, -1, 1, 1, -1, -1, -1, 1, -1, -1, -1)	6.862019770133962
2.6657696820872245	2441	(-1, -1, -1, -1, -1, -1, -1, 1, -1, -1, 1, 1, -1, -1, -1, 1, -1, -1, 1)	6.862019770133962
2.6657696820872245	2442	(-1, -1, -1, -1, -1, -1, -1, 1, -1, -1, 1, 1, -1, -1, -1, 1, -1, 1, -1)	6.862019770133962
2.6657696820872245	2443	(-1, -1, -1, -1, -1, -1, -1, 1, -1, -1, 1, 1, -1, -1, -1, 1, -1, 1, 1)	6.862019770133962
2.6657696820872245	2444	(-1, -1, -1, -1, -1, -1, -1, 1, -1, -1, 1, 1, -1, -1, -1, 1, 1, -1, -1)	6.862019770133962
2.6657696820872245	2445	(-1, -1, -1, -1, -1, -1, -1, 1, -1, -1, 1, 1, -1, -1, -1, 1, 1, -1, 1)	6.862019770133962
2.6657696820872245	2446	(-1, -1, -1, -1, -1, -1, -1, 1, -1, -1, 1, 1, -1, -1, -1, 1, 1, 1, -1)	6.862019770133962
2.6657696820872245	2447	(-1, -1, -1, -1, -1, -1, -1, 1, -1, -1, 1, 1, -1, -1, -1, 1, 1, 1, 1)	6.862019770133962
2.6657696820872245	2448	(-1, -1, -1, -1, -1, -1, -1, 1, -1, -1, 1, 1, -1, -1, 1, -1, -1, -1, -1)	6.862019770133962
2.6657696820872245	2449	(-1, -1, -1, -1, -1, -1, -1, 1, -1, -1, 1, 1, -1, -1, 1, -1, -1, -1, 1)	6.862019770133962
2.6657696820872245	2450	(-1, -1, -1, -1, -1, -1, -1, 1, -1, -1, 1, 1, -1, -1, 1, -1, -1, 1, -1)	6.862019770133962
2.6657696820872245	2451	(-1, -1, -1, -1, -1, -1, -1, 1, -1, -1, 1, 1, -1, -1, 1, -1, -1, 1, 1)	6.862019770133962
2.6657696820872245	2452	(-1, -1, -1, -1, -1, -1, -1, 1, -1, -1, 1, 1, -1, -1, 1, -1, 1, -1, -1)	6.862019770133962
2.6657696820872245	2453	(-1, -1, -1, -1, -1, -1, -1, 1, -1, -1, 1, 1, -1, -1, 1, -1, 1, -1, 1)	6.862019770133962
2.6657696820872245	2454	(-1, -1, -1, -1, -1, -1, -1, 1, -1, -1, 1, 1, -1, -1, 1, -1, 1, 1, -1)	6.862019770133962
2.6657696820872245	2455	(-1, -1, -1, -1, -1, -1, -1, 1, -1, -1, 1, 1, -1, -1, 1, -1, 1, 1, 1)	6.862019770133962
2.6657696820872245	2456	(-1, -1, -1, -1, -1, -1, -1, 1, -1, -1, 1, 1, -1, -1, 1, 1, -1, -1, -1)	6.862019770361803
2.6657696820872245	2457	(-1, -1, -1, -1, -1, -1, -1, 1, -1, -1, 1, 1, -1, -1, 1, 1, -1, -1, 1)	6.862019770361803
2.6657696820872245	2458	(-1, -1, -1, -1, -1, -1, -1, 1, -1, -1, 1, 1, -1, -1, 1, 1, -1, 1, -1)	6.8620197702478825
2.6657696820872245	2459	(-1, -1, -1, -1, -1, -1, -1, 1, -1, -1, 1, 1, -1, -1, 1, 1, -1, 1, 1)	6.8620197702478825
2.6657696820872245	2460	(-1, -1, -1, -1, -1, -1, -1, 1, -1, -1, 1, 1, -1, -1, 1, 1, 1, -1, -1)	6.8620197702478825
2.6657696820872245	2461	(-1, -1, -1, -1, -1, -1, -1, 1, -1, -1, 1, 1, -1, -1, 1, 1, 1, -1, 1)	6.8620197702478825
2.6657696820872245	2462	(-1, -1, -1, -1, -1, -1, -1, 1, -1, -1, 1, 1, -1, -1, 1, 1, 1, 1, -1)	6.8620197702478825
2.6657696820872245	2463	(-1, -1, -1, -1, -1, -1, -1, 1, -1, -1, 1, 1, -1, -1, 1, 1, 1, 1, 1)	6.8620197702478825
2.6657696820872245	2534	(-1, -1, -1, -1, -1, -1, -1, 1, -1, -1, 1, 1, 1, 1, -1, -1, 1, 1, -1)	6.862019770439902
2.6657696820872245	2535	(-1, -1, -1, -1, -1, -1, -1, 1, -1, -1, 1, 1, 1, 1, -1, -1, 1, 1, 1)	6.862019770439902
2.6657696820872245	2584	(-1, -1, -1, -1, -1, -1, -1, 1, -1, 1, -1, -1, -1, -1, 1, 1, -1, -1, -1)	6.862019770392226
2.6657696820872245	2585	(-1, -1, -1, -1, -1, -1, -1, 1, -1, 1, -1, -1, -1, -1, 1, 1, -1, -1, 1)	6.862019770392226
2.6657696820872245	2656	(-1, -1, -1, -1, -1, -1, -1, 1, -1, 1, -1, -1, 1, 1, -1, -1, -1, -1, -1)	6.862019770436149
2.6657696820872245	2657	(-1, -1, -1, -1, -1, -1, -1, 1, -1, 1, -1, -1, 1, 1, -1, -1, -1, -1, 1)	6.862019770436149
2.6657696820872245	2658	(-1, -1, -1, -1, -1, -1, -1, 1, -1, 1, -1, -1, 1, 1, -1, -1, -1, 1, -1)	6.862019770436149
2.6657696820872245	2659	(-1, -1, -1, -1, -1, -1, -1, 1, -1, 1, -1, -1, 1, 1, -1, -1, -1, 1, 1)	6.862019770436149
2.6657696820872245	2660	(-1, -1, -1, -1, -1, -1, -1, 1, -1, 1, -1, -1, 1, 1, -1, -1, 1, -1, -1)	6.862019770436149
2.6657696820872245	2661	(-1, -1, -1, -1, -1, -1, -1, 1, -1, 1, -1, -1, 1, 1, -1, -1, 1, -1, 1)	6.862019770436149
2.6657696820872245	2662	(-1, -1, -1, -1, -1, -1, -1, 1, -1, 1, -1, -1, 1, 1, -1, -1, 1, 1, -1)	6.862019770462414
2.6657696820872245	2663	(-1, -1, -1, -1, -1, -1, -1, 1, -1, 1, -1, -1, 1, 1, -1, -1, 1, 1, 1)	6.862019770462414
2.6657696820872245	2712	(-1, -1, -1, -1, -1, -1, -1, 1, -1, 1, -1, 1, -1, -1, 1, 1, -1, -1, -1)	6.862019770406778
2.6657696820872245	2713	(-1, -1, -1, -1, -1, -1, -1, 1, -1, 1, -1, 1, -1, -1, 1, 1, -1, -1, 1)	6.862019770406778
