2.023185668911827	428	(1, 1, -1, 1, -1, 1, 1, -1, -1)	9.642568519371308	{'first__D_E': 9.642568519371308, 'D_E__first': 9.642568519371308}
2.023185668911827	429	(1, 1, -1, 1, -1, 1, 1, -1, 1)	9.642568519371308	{'first__D_E': 9.642568519371308, 'D_E__first': 9.642568519371308}
2.023185668911827	430	(1, 1, -1, 1, -1, 1, 1, 1, -1)	9.642568519371308	{'F__J': 9.895384822381931, 'J__F': 9.895384822381931, 'first__D_E': 9.642568519371308, 'D_E__first': 9.642568519371308, 'F_G__last': 9.642568519370583, 'last__F_G': 9.642568519370583}
2.023185668911827	431	(1, 1, -1, 1, -1, 1, 1, 1, 1)	9.768976670876619	{'F__J': 9.895384822381931, 'G__K': 9.895384822387008, 'J__F': 9.895384822381931, 'K__G': 9.895384822387008, 'first__D_E': 9.642568519371308, 'D_E__first': 9.642568519371308, 'F_G__last': 9.642568519370583, 'last__F_G': 9.642568519370583}
2.023185668911827	432	(1, 1, -1, 1, 1, -1, -1, -1, -1)	9.768976670904978	{'F__J': 9.89538482240219, 'G__K': 9.895384822403598, 'J__F': 9.89538482240219, 'K__G': 9.895384822403598, 'first__D_E': 9.642568519371308, 'D_E__first': 9.642568519371308, 'F_G__last': 9.642568519407765, 'last__F_G': 9.642568519407765}
2.023185668911827	433	(1, 1, -1, 1, 1, -1, -1, -1, 1)	9.642568519407765	{'F__J': 9.89538482240219, 'J__F': 9.89538482240219, 'first__D_E': 9.642568519371308, 'D_E__first': 9.642568519371308, 'F_G__last': 9.642568519407765, 'last__F_G': 9.642568519407765}
2.023185668911827	434	(1, 1, -1, 1, 1, -1, -1, 1, -1)	9.642568519371308	{'first__D_E': 9.642568519371308, 'D_E__first': 9.642568519371308}
2.023185668911827	435	(1, 1, -1, 1, 1, -1, -1, 1, 1)	9.642568519371308	{'first__D_E': 9.642568519371308, 'D_E__first': 9.642568519371308}
2.023185668911827	436	(1, 1, -1, 1, 1, -1, 1, -1, -1)	9.642568519371308	{'first__D_E': 9.642568519371308, 'D_E__first': 9.642568519371308}
2.023185668911827	437	(1, 1, -1, 1, 1, -1, 1, -1, 1)	9.642568519371308	{'first__D_E': 9.642568519371308, 'D_E__first': 9.642568519371308}
2.023185668911827	438	(1, 1, -1, 1, 1, -1, 1, 1, -1)	9.642568519376825	{'first__D_E': 9.642568519371308, 'D_E__first': 9.642568519371308, 'F_G__last': 9.642568519382342, 'last__F_G': 9.642568519382342}
2.023185668911827	439	(1, 1, -1, 1, 1, -1, 1, 1, 1)	9.642568519382342	{'G__K': 9.895384822398999, 'K__G': 9.895384822398999, 'first__D_E': 9.642568519371308, 'D_E__first': 9.642568519371308, 'F_G__last': 9.642568519382342, 'last__F_G': 9.642568519382342}
2.0263272615654166	428	(1, 1, -1, 1, -1, 1, 1, -1, -1)	6.946458368476221	{'first__D_E': 6.946458368476221, 'D_E__first': 6.946458368476221}
2.0263272615654166	429	(1, 1, -1, 1, -1, 1, 1, -1, 1)	6.946458368476221	{'first__D_E': 6.946458368476221, 'D_E__first': 6.946458368476221}
2.0263272615654166	430	(1, 1, -1, 1, -1, 1, 1, 1, -1)	6.946458368476221	{'F__J': 7.122989723929366, 'J__F': 7.122989723929366, 'first__D_E': 6.946458368476221, 'D_E__first': 6.946458368476221, 'F_G__last': 6.946458368434572, 'last__F_G': 6.946458368434572}
2.0263272615654166	431	(1, 1, -1, 1, -1, 1, 1, 1, 1)	7.034724046200409	{'F__J': 7.122989723929366, 'G__K': 7.122989723924596, 'J__F': 7.122989723929366, 'K__G': 7.122989723924596, 'first__D_E': 6.946458368476221, 'D_E__first': 6.946458368476221, 'F_G__last': 6.946458368434572, 'last__F_G': 6.946458368434572}
2.0263272615654166	432	(1, 1, -1, 1, 1, -1, -1, -1, -1)	7.034724046199939	{'F__J': 7.122989723923656, 'G__K': 7.122989723925404, 'J__F': 7.122989723923656, 'K__G': 7.122989723925404, 'first__D_E': 6.946458368476221, 'D_E__first': 6.946458368476221, 'F_G__last': 6.946458368462219, 'last__F_G': 6.946458368462219}
2.0263272615654166	433	(1, 1, -1, 1, 1, -1, -1, -1, 1)	6.946458368476221	{'F__J': 7.122989723923656, 'J__F': 7.122989723923656, 'first__D_E': 6.946458368476221, 'D_E__first': 6.946458368476221, 'F_G__last': 6.946458368462219, 'last__F_G': 6.946458368462219}
2.0263272615654166	434	(1, 1, -1, 1, 1, -1, -1, 1, -1)	6.946458368476221	{'first__D_E': 6.946458368476221, 'D_E__first': 6.946458368476221}
2.0263272615654166	435	(1, 1, -1, 1, 1, -1, -1, 1, 1)	6.946458368476221	{'first__D_E': 6.946458368476221, 'D_E__first': 6.946458368476221}
2.0263272615654166	436	(1, 1, -1, 1, 1, -1, 1, -1, -1)	6.946458368476221	{'first__D_E': 6.946458368476221, 'D_E__first': 6.946458368476221}
2.0263272615654166	437	(1, 1, -1, 1, 1, -1, 1, -1, 1)	6.946458368476221	{'first__D_E': 6.946458368476221, 'D_E__first': 6.946458368476221}
2.0263272615654166	438	(1, 1, -1, 1, 1, -1, 1, 1, -1)	6.946458368447644	{'first__D_E': 6.946458368476221, 'D_E__first': 6.946458368476221, 'F_G__last': 6.9464583684190675, 'last__F_G': 6.9464583684190675}
2.0263272615654166	439	(1, 1, -1, 1, 1, -1, 1, 1, 1)	6.946458368476221	{'G__K': 7.12298972391045, 'K__G': 7.12298972391045, 'first__D_E': 6.946458368476221, 'D_E__first': 6.946458368476221, 'F_G__last': 6.9464583684190675, 'last__F_G': 6.9464583684190675}
2.0294688542190067	428	(1, 1, -1, 1, -1, 1, 1, -1, -1)	4.254494479638456	{'first__D_E': 4.254494479638456, 'D_E__first': 4.254494479638456}
2.0294688542190067	429	(1, 1, -1, 1, -1, 1, 1, -1, 1)	4.254494479638456	{'first__D_E': 4.254494479638456, 'D_E__first': 4.254494479638456}
2.0294688542190067	430	(1, 1, -1, 1, -1, 1, 1, 1, -1)	4.254494479649549	{'F__J': 4.359189614672201, 'J__F': 4.359189614672201, 'first__D_E': 4.254494479638456, 'D_E__first': 4.254494479638456, 'F_G__last': 4.254494479649549, 'last__F_G': 4.254494479649549}
2.0294688542190067	431	(1, 1, -1, 1, -1, 1, 1, 1, 1)	4.306842047158744	{'F__J': 4.359189614672201, 'G__K': 4.359189614667939, 'J__F': 4.359189614672201, 'K__G': 4.359189614667939, 'first__D_E': 4.254494479638456, 'D_E__first': 4.254494479638456, 'F_G__last': 4.254494479649549, 'last__F_G': 4.254494479649549}
2.0294688542190067	432	(1, 1, -1, 1, 1, -1, -1, -1, -1)	4.306842047147644	{'F__J': 4.359189614656831, 'G__K': 4.35918961466528, 'J__F': 4.359189614656831, 'K__G': 4.35918961466528, 'first__D_E': 4.254494479638456, 'D_E__first': 4.254494479638456, 'F_G__last': 4.254494479631758, 'last__F_G': 4.254494479631758}
2.0294688542190067	433	(1, 1, -1, 1, 1, -1, -1, -1, 1)	4.254494479638456	{'F__J': 4.359189614656831, 'J__F': 4.359189614656831, 'first__D_E': 4.254494479638456, 'D_E__first': 4.254494479638456, 'F_G__last': 4.254494479631758, 'last__F_G': 4.254494479631758}
2.0294688542190067	434	(1, 1, -1, 1, 1, -1, -1, 1, -1)	4.254494479638456	{'first__D_E': 4.254494479638456, 'D_E__first': 4.254494479638456}
2.0294688542190067	435	(1, 1, -1, 1, 1, -1, -1, 1, 1)	4.254494479638456	{'first__D_E': 4.254494479638456, 'D_E__first': 4.254494479638456}
2.0294688542190067	436	(1, 1, -1, 1, 1, -1, 1, -1, -1)	4.254494479638456	{'first__D_E': 4.254494479638456, 'D_E__first': 4.254494479638456}
2.0294688542190067	437	(1, 1, -1, 1, 1, -1, 1, -1, 1)	4.254494479638456	{'first__D_E': 4.254494479638456, 'D_E__first': 4.254494479638456}
2.0294688542190067	438	(1, 1, -1, 1, 1, -1, 1, 1, -1)	4.254494479645617	{'first__D_E': 4.254494479638456, 'D_E__first': 4.254494479638456, 'F_G__last': 4.254494479652777, 'last__F_G': 4.254494479652777}
2.0294688542190067	439	(1, 1, -1, 1, 1, -1, 1, 1, 1)	4.254494479652777	{'G__K': 4.359189614676233, 'K__G': 4.359189614676233, 'first__D_E': 4.254494479638456, 'D_E__first': 4.254494479638456, 'F_G__last': 4.254494479652777, 'last__F_G': 4.254494479652777}
2.0326104468725963	428	(1, 1, -1, 1, -1, 1, 1, -1, -1)	1.566703421453561	{'first__D_E': 1.566703421453561, 'D_E__first': 1.566703421453561}
2.0326104468725963	429	(1, 1, -1, 1, -1, 1, 1, -1, 1)	1.566703421453561	{'first__D_E': 1.566703421453561, 'D_E__first': 1.566703421453561}
2.0326104468725963	430	(1, 1, -1, 1, -1, 1, 1, 1, -1)	1.566703421453561	{'F__J': 1.6039967949580447, 'J__F': 1.6039967949580447, 'first__D_E': 1.566703421453561, 'D_E__first': 1.566703421453561, 'F_G__last': 1.566703421422339, 'last__F_G': 1.566703421422339}
2.0326104468725963	431	(1, 1, -1, 1, -1, 1, 1, 1, 1)	1.5853501082058028	{'F__J': 1.6039967949580447, 'G__K': 1.6039967949757523, 'J__F': 1.6039967949580447, 'K__G': 1.6039967949757523, 'first__D_E': 1.566703421453561, 'D_E__first': 1.566703421453561, 'F_G__last': 1.566703421422339, 'last__F_G': 1.566703421422339}
2.0326104468725963	432	(1, 1, -1, 1, 1, -1, -1, -1, -1)	1.5853501082231078	{'F__J': 1.6039967949883438, 'G__K': 1.6039967950028045, 'J__F': 1.6039967949883438, 'K__G': 1.6039967950028045, 'first__D_E': 1.566703421453561, 'D_E__first': 1.566703421453561, 'F_G__last': 1.5667034214578717, 'last__F_G': 1.5667034214578717}
2.0326104468725963	433	(1, 1, -1, 1, 1, -1, -1, -1, 1)	1.5667034214578717	{'F__J': 1.6039967949883438, 'J__F': 1.6039967949883438, 'first__D_E': 1.566703421453561, 'D_E__first': 1.566703421453561, 'F_G__last': 1.5667034214578717, 'last__F_G': 1.5667034214578717}
2.0326104468725963	434	(1, 1, -1, 1, 1, -1, -1, 1, -1)	1.566703421453561	{'first__D_E': 1.566703421453561, 'D_E__first': 1.566703421453561}
2.0326104468725963	435	(1, 1, -1, 1, 1, -1, -1, 1, 1)	1.566703421453561	{'first__D_E': 1.566703421453561, 'D_E__first': 1.566703421453561}
2.0326104468725963	436	(1, 1, -1, 1, 1, -1, 1, -1, -1)	1.566703421453561	{'first__D_E': 1.566703421453561, 'D_E__first': 1.566703421453561}
2.0326104468725963	437	(1, 1, -1, 1, 1, -1, 1, -1, 1)	1.566703421453561	{'first__D_E': 1.566703421453561, 'D_E__first': 1.566703421453561}
2.0326104468725963	438	(1, 1, -1, 1, 1, -1, 1, 1, -1)	1.566703421444172	{'first__D_E': 1.566703421453561, 'D_E__first': 1.566703421453561, 'F_G__last': 1.5667034214347828, 'last__F_G': 1.5667034214347828}
2.0326104468725963	439	(1, 1, -1, 1, 1, -1, 1, 1, 1)	1.566703421453561	{'G__K': 1.603996794986873, 'K__G': 1.603996794986873, 'first__D_E': 1.566703421453561, 'D_E__first': 1.566703421453561, 'F_G__last': 1.5667034214347828, 'last__F_G': 1.5667034214347828}
2.035752039526186	428	(1, 1, -1, 1, -1, 1, 1, -1, -1)	1.1168882786660577	{'first__D_E': 1.1168882786660577, 'D_E__first': 1.1168882786660577}
2.035752039526186	429	(1, 1, -1, 1, -1, 1, 1, -1, 1)	1.1168882786660577	{'first__D_E': 1.1168882786660577, 'D_E__first': 1.1168882786660577}
2.035752039526186	430	(1, 1, -1, 1, -1, 1, 1, 1, -1)	1.1168882786660577	{'F__J': 1.1425766477326458, 'J__F': 1.1425766477326458, 'first__D_E': 1.1168882786660577, 'D_E__first': 1.1168882786660577, 'F_G__last': 1.1168882786212995, 'last__F_G': 1.1168882786212995}
2.035752039526186	431	(1, 1, -1, 1, -1, 1, 1, 1, 1)	1.1297324631991337	{'F__J': 1.1425766477326458, 'G__K': 1.1425766477322097, 'J__F': 1.1425766477326458, 'K__G': 1.1425766477322097, 'first__D_E': 1.1168882786660577, 'D_E__first': 1.1168882786660577, 'F_G__last': 1.1168882786212995, 'last__F_G': 1.1168882786212995}
2.035752039526186	432	(1, 1, -1, 1, 1, -1, -1, -1, -1)	1.1297324632077914	{'F__J': 1.1425766477495254, 'G__K': 1.14257664776011, 'J__F': 1.1425766477495254, 'K__G': 1.14257664776011, 'first__D_E': 1.1168882786660577, 'D_E__first': 1.1168882786660577, 'F_G__last': 1.1168882786566237, 'last__F_G': 1.1168882786566237}
2.035752039526186	433	(1, 1, -1, 1, 1, -1, -1, -1, 1)	1.1168882786660577	{'F__J': 1.1425766477495254, 'J__F': 1.1425766477495254, 'first__D_E': 1.1168882786660577, 'D_E__first': 1.1168882786660577, 'F_G__last': 1.1168882786566237, 'last__F_G': 1.1168882786566237}
2.035752039526186	434	(1, 1, -1, 1, 1, -1, -1, 1, -1)	1.1168882786660577	{'first__D_E': 1.1168882786660577, 'D_E__first': 1.1168882786660577}
2.035752039526186	435	(1, 1, -1, 1, 1, -1, -1, 1, 1)	1.1168882786660577	{'first__D_E': 1.1168882786660577, 'D_E__first': 1.1168882786660577}
2.035752039526186	436	(1, 1, -1, 1, 1, -1, 1, -1, -1)	1.1168882786660577	{'first__D_E': 1.1168882786660577, 'D_E__first': 1.1168882786660577}
2.035752039526186	437	(1, 1, -1, 1, 1, -1, 1, -1, 1)	1.1168882786660577	{'first__D_E': 1.1168882786660577, 'D_E__first': 1.1168882786660577}
2.035752039526186	438	(1, 1, -1, 1, 1, -1, 1, 1, -1)	1.116888278640805	{'first__D_E': 1.1168882786660577, 'D_E__first': 1.1168882786660577, 'F_G__last': 1.1168882786155525, 'last__F_G': 1.1168882786155525}
2.035752039526186	439	(1, 1, -1, 1, 1, -1, 1, 1, 1)	1.1168882786660577	{'G__K': 1.1425766477299242, 'K__G': 1.1425766477299242, 'first__D_E': 1.1168882786660577, 'D_E__first': 1.1168882786660577, 'F_G__last': 1.1168882786155525, 'last__F_G': 1.1168882786155525}
2.038893632179776	428	(1, 1, -1, 1, -1, 1, 1, -1, -1)	3.796254134753715	{'first__D_E': 3.796254134753715, 'D_E__first': 3.796254134753715}
2.038893632179776	429	(1, 1, -1, 1, -1, 1, 1, -1, 1)	3.796254134753715	{'first__D_E': 3.796254134753715, 'D_E__first': 3.796254134753715}
2.038893632179776	430	(1, 1, -1, 1, -1, 1, 1, 1, -1)	3.796254134801034	{'F__J': 3.880518839365577, 'J__F': 3.880518839365577, 'first__D_E': 3.796254134753715, 'D_E__first': 3.796254134753715, 'F_G__last': 3.796254134801034, 'last__F_G': 3.796254134801034}
2.038893632179776	431	(1, 1, -1, 1, -1, 1, 1, 1, 1)	3.838386487078938	{'F__J': 3.880518839365577, 'G__K': 3.8805188393568413, 'J__F': 3.880518839365577, 'K__G': 3.8805188393568413, 'first__D_E': 3.796254134753715, 'D_E__first': 3.796254134753715, 'F_G__last': 3.796254134801034, 'last__F_G': 3.796254134801034}
2.038893632179776	432	(1, 1, -1, 1, 1, -1, -1, -1, -1)	3.8383864870997826	{'F__J': 3.880518839378657, 'G__K': 3.8805188393771224, 'J__F': 3.880518839378657, 'K__G': 3.8805188393771224, 'first__D_E': 3.796254134753715, 'D_E__first': 3.796254134753715, 'F_G__last': 3.7962541348224423, 'last__F_G': 3.7962541348224423}
2.038893632179776	433	(1, 1, -1, 1, 1, -1, -1, -1, 1)	3.7962541348224423	{'F__J': 3.880518839378657, 'J__F': 3.880518839378657, 'first__D_E': 3.796254134753715, 'D_E__first': 3.796254134753715, 'F_G__last': 3.7962541348224423, 'last__F_G': 3.7962541348224423}
2.038893632179776	434	(1, 1, -1, 1, 1, -1, -1, 1, -1)	3.796254134753715	{'first__D_E': 3.796254134753715, 'D_E__first': 3.796254134753715}
2.038893632179776	435	(1, 1, -1, 1, 1, -1, -1, 1, 1)	3.796254134753715	{'first__D_E': 3.796254134753715, 'D_E__first': 3.796254134753715}
2.038893632179776	436	(1, 1, -1, 1, 1, -1, 1, -1, -1)	3.796254134753715	{'first__D_E': 3.796254134753715, 'D_E__first': 3.796254134753715}
2.038893632179776	437	(1, 1, -1, 1, 1, -1, 1, -1, 1)	3.796254134753715	{'first__D_E': 3.796254134753715, 'D_E__first': 3.796254134753715}
2.038893632179776	438	(1, 1, -1, 1, 1, -1, 1, 1, -1)	3.796254134787805	{'first__D_E': 3.796254134753715, 'D_E__first': 3.796254134753715, 'F_G__last': 3.7962541348218957, 'last__F_G': 3.7962541348218957}
2.038893632179776	439	(1, 1, -1, 1, 1, -1, 1, 1, 1)	3.7962541348218957	{'G__K': 3.8805188393796914, 'K__G': 3.8805188393796914, 'first__D_E': 3.796254134753715, 'D_E__first': 3.796254134753715, 'F_G__last': 3.7962541348218957, 'last__F_G': 3.7962541348218957}
2.0420352248333655	428	(1, 1, -1, 1, -1, 1, 1, -1, -1)	6.471367702550044	{'first__D_E': 6.471367702550044, 'D_E__first': 6.471367702550044}
2.0420352248333655	429	(1, 1, -1, 1, -1, 1, 1, -1, 1)	6.471367702550044	{'first__D_E': 6.471367702550044, 'D_E__first': 6.471367702550044}
2.0420352248333655	430	(1, 1, -1, 1, -1, 1, 1, 1, -1)	6.471367702550044	{'F__J': 6.6098181181242515, 'J__F': 6.6098181181242515, 'first__D_E': 6.471367702550044, 'D_E__first': 6.471367702550044, 'F_G__last': 6.471367702546065, 'last__F_G': 6.471367702546065}
2.0420352248333655	431	(1, 1, -1, 1, -1, 1, 1, 1, 1)	6.5405929103315295	{'F__J': 6.6098181181242515, 'G__K': 6.609818118113014, 'J__F': 6.6098181181242515, 'K__G': 6.609818118113014, 'first__D_E': 6.471367702550044, 'D_E__first': 6.471367702550044, 'F_G__last': 6.471367702546065, 'last__F_G': 6.471367702546065}
2.0420352248333655	432	(1, 1, -1, 1, 1, -1, -1, -1, -1)	6.540592910350879	{'F__J': 6.609818118141799, 'G__K': 6.609818118130931, 'J__F': 6.609818118141799, 'K__G': 6.609818118130931, 'first__D_E': 6.471367702550044, 'D_E__first': 6.471367702550044, 'F_G__last': 6.471367702570828, 'last__F_G': 6.471367702570828}
2.0420352248333655	433	(1, 1, -1, 1, 1, -1, -1, -1, 1)	6.471367702570828	{'F__J': 6.609818118141799, 'J__F': 6.609818118141799, 'first__D_E': 6.471367702550044, 'D_E__first': 6.471367702550044, 'F_G__last': 6.471367702570828, 'last__F_G': 6.471367702570828}
2.0420352248333655	434	(1, 1, -1, 1, 1, -1, -1, 1, -1)	6.471367702550044	{'first__D_E': 6.471367702550044, 'D_E__first': 6.471367702550044}
2.0420352248333655	435	(1, 1, -1, 1, 1, -1, -1, 1, 1)	6.471367702550044	{'first__D_E': 6.471367702550044, 'D_E__first': 6.471367702550044}
2.0420352248333655	436	(1, 1, -1, 1, 1, -1, 1, -1, -1)	6.471367702550044	{'first__D_E': 6.471367702550044, 'D_E__first': 6.471367702550044}
2.0420352248333655	437	(1, 1, -1, 1, 1, -1, 1, -1, 1)	6.471367702550044	{'first__D_E': 6.471367702550044, 'D_E__first': 6.471367702550044}
2.0420352248333655	438	(1, 1, -1, 1, 1, -1, 1, 1, -1)	6.471367702561292	{'first__D_E': 6.471367702550044, 'D_E__first': 6.471367702550044, 'F_G__last': 6.471367702572539, 'last__F_G': 6.471367702572539}
2.0420352248333655	439	(1, 1, -1, 1, 1, -1, 1, 1, 1)	6.471367702572539	{'G__K': 6.609818118144517, 'K__G': 6.609818118144517, 'first__D_E': 6.471367702550044, 'D_E__first': 6.471367702550044, 'F_G__last': 6.471367702572539, 'last__F_G': 6.471367702572539}
2.0451768174869556	428	(1, 1, -1, 1, -1, 1, 1, -1, -1)	9.14220257976181	{'first__D_E': 9.14220257976181, 'D_E__first': 9.14220257976181}
2.0451768174869556	429	(1, 1, -1, 1, -1, 1, 1, -1, 1)	9.14220257976181	{'first__D_E': 9.14220257976181, 'D_E__first': 9.14220257976181}
2.0451768174869556	430	(1, 1, -1, 1, -1, 1, 1, 1, -1)	9.142202579784051	{'F__J': 9.330463035121184, 'J__F': 9.330463035121184, 'first__D_E': 9.14220257976181, 'D_E__first': 9.14220257976181, 'F_G__last': 9.142202579784051, 'last__F_G': 9.142202579784051}
2.0451768174869556	431	(1, 1, -1, 1, -1, 1, 1, 1, 1)	9.236332807445558	{'F__J': 9.330463035121184, 'G__K': 9.330463035107066, 'J__F': 9.330463035121184, 'K__G': 9.330463035107066, 'first__D_E': 9.14220257976181, 'D_E__first': 9.14220257976181, 'F_G__last': 9.142202579784051, 'last__F_G': 9.142202579784051}
2.0451768174869556	432	(1, 1, -1, 1, 1, -1, -1, -1, -1)	9.236332807445804	{'F__J': 9.330463035115809, 'G__K': 9.330463035122087, 'J__F': 9.330463035115809, 'K__G': 9.330463035122087, 'first__D_E': 9.14220257976181, 'D_E__first': 9.14220257976181, 'F_G__last': 9.142202579775798, 'last__F_G': 9.142202579775798}
2.0451768174869556	433	(1, 1, -1, 1, 1, -1, -1, -1, 1)	9.142202579775798	{'F__J': 9.330463035115809, 'J__F': 9.330463035115809, 'first__D_E': 9.14220257976181, 'D_E__first': 9.14220257976181, 'F_G__last': 9.142202579775798, 'last__F_G': 9.142202579775798}
2.0451768174869556	434	(1, 1, -1, 1, 1, -1, -1, 1, -1)	9.14220257976181	{'first__D_E': 9.14220257976181, 'D_E__first': 9.14220257976181}
2.0451768174869556	435	(1, 1, -1, 1, 1, -1, -1, 1, 1)	9.14220257976181	{'first__D_E': 9.14220257976181, 'D_E__first': 9.14220257976181}
2.0451768174869556	436	(1, 1, -1, 1, 1, -1, 1, -1, -1)	9.14220257976181	{'first__D_E': 9.14220257976181, 'D_E__first': 9.14220257976181}
2.0451768174869556	437	(1, 1, -1, 1, 1, -1, 1, -1, 1)	9.14220257976181	{'first__D_E': 9.14220257976181, 'D_E__first': 9.14220257976181}
2.0451768174869556	438	(1, 1, -1, 1, 1, -1, 1, 1, -1)	9.14220257977486	{'first__D_E': 9.14220257976181, 'D_E__first': 9.14220257976181, 'F_G__last': 9.142202579787911, 'last__F_G': 9.142202579787911}
2.0451768174869556	439	(1, 1, -1, 1, 1, -1, 1, 1, 1)	9.142202579787911	{'G__K': 9.33046303513136, 'K__G': 9.33046303513136, 'first__D_E': 9.14220257976181, 'D_E__first': 9.14220257976181, 'F_G__last': 9.142202579787911, 'last__F_G': 9.142202579787911}
2.0797343366764434	438	(1, 1, -1, 1, 1, -1, 1, 1, -1)	6.8671011227249545	{'F__K': 6.8671011227249545, 'K__F': 6.8671011227249545}
2.082875929330033	438	(1, 1, -1, 1, 1, -1, 1, 1, -1)	2.8606276812051528	{'F__K': 2.8606276812051528, 'K__F': 2.8606276812051528}
2.0860175219836226	438	(1, 1, -1, 1, 1, -1, 1, 1, -1)	1.1399994136237575	{'F__K': 1.1399994136237575, 'K__F': 1.1399994136237575}
2.0891591146372126	438	(1, 1, -1, 1, 1, -1, 1, 1, -1)	5.134734183776215	{'F__K': 5.134734183776215, 'K__F': 5.134734183776215}
2.092300707290802	438	(1, 1, -1, 1, 1, -1, 1, 1, -1)	9.123530684898398	{'F__K': 9.123530684898398, 'K__F': 9.123530684898398}
2.321636971002857	434	(1, 1, -1, 1, 1, -1, -1, 1, -1)	3.6294062719541844	{'B_C__last': 3.6294062719541844, 'last__B_C': 3.6294062719541844}
2.321636971002857	435	(1, 1, -1, 1, 1, -1, -1, 1, 1)	2.9682373488669898	{'C__K': 2.307068425779795, 'K__C': 2.307068425779795, 'B_C__last': 3.6294062719541844, 'last__B_C': 3.6294062719541844}
2.324778563656447	434	(1, 1, -1, 1, 1, -1, -1, 1, -1)	8.422187058646355	{'B_C__last': 8.422187058646355, 'last__B_C': 8.422187058646355}
2.324778563656447	435	(1, 1, -1, 1, 1, -1, -1, 1, 1)	6.884946450337649	{'C__K': 5.347705842028943, 'K__C': 5.347705842028943, 'B_C__last': 8.422187058646355, 'last__B_C': 8.422187058646355}
