1.6179202165987436	66	(-1, -1, 1, -1, -1, -1, -1, 1, -1)	6.0758854066936525	{'C__J': 6.0758854066936525, 'J__C': 6.0758854066936525}
1.6179202165987436	67	(-1, -1, 1, -1, -1, -1, -1, 1, 1)	6.0758854066936525	{'C__J': 6.0758854066936525, 'J__C': 6.0758854066936525}
1.6210618092523335	66	(-1, -1, 1, -1, -1, -1, -1, 1, -1)	0.941774005123272	{'C__J': 0.941774005123272, 'J__C': 0.941774005123272}
1.6210618092523335	67	(-1, -1, 1, -1, -1, -1, -1, 1, 1)	0.941774005123272	{'C__J': 0.941774005123272, 'J__C': 0.941774005123272}
1.624203401905923	66	(-1, -1, 1, -1, -1, -1, -1, 1, -1)	7.937456122570613	{'C__J': 7.937456122570613, 'J__C': 7.937456122570613}
1.624203401905923	67	(-1, -1, 1, -1, -1, -1, -1, 1, 1)	7.937456122570613	{'C__J': 7.937456122570613, 'J__C': 7.937456122570613}
1.963495408493621	66	(-1, -1, 1, -1, -1, -1, -1, 1, -1)	6.9960919909084955	{'B__K': 6.9960919909084955, 'K__B': 6.9960919909084955}
1.9666370011472105	66	(-1, -1, 1, -1, -1, -1, -1, 1, -1)	3.331351125109618	{'B__K': 3.331351125109618, 'K__B': 3.331351125109618}
1.9697785938008003	66	(-1, -1, 1, -1, -1, -1, -1, 1, -1)	0.2916234128029189	{'B__K': 0.2916234128029189, 'K__B': 0.2916234128029189}
1.9729201864543902	66	(-1, -1, 1, -1, -1, -1, -1, 1, -1)	3.8726100030856077	{'B__K': 3.8726100030856077, 'K__B': 3.8726100030856077}
1.97606177910798	66	(-1, -1, 1, -1, -1, -1, -1, 1, -1)	7.411390660888038	{'B__K': 7.411390660888038, 'K__B': 7.411390660888038}
2.023185668911827	65	(-1, -1, 1, -1, -1, -1, -1, -1, 1)	9.768976670871606	{'D__H': 9.89538482235787, 'E__I': 9.895384822367758, 'F__J': 9.895384822391518, 'H__D': 9.89538482235787, 'I__E': 9.895384822367758, 'J__F': 9.895384822391518, 'first__D_E': 9.642568519371308, 'D_E__first': 9.642568519371308, 'D_E__H_I': 9.642568519371597, 'F_G__last': 9.64256851938534, 'H_I__D_E': 9.642568519371597, 'last__F_G': 9.64256851938534}
2.023185668911827	66	(-1, -1, 1, -1, -1, -1, -1, 1, -1)	9.642568519371597	{'D__H': 9.89538482235787, 'E__I': 9.895384822367758, 'H__D': 9.89538482235787, 'I__E': 9.895384822367758, 'first__D_E': 9.642568519371308, 'B_C__last': 8.93733991105385, 'D_E__first': 9.642568519371308, 'D_E__H_I': 9.642568519371597, 'H_I__D_E': 9.642568519371597, 'last__B_C': 8.93733991105385}
2.023185668911827	67	(-1, -1, 1, -1, -1, -1, -1, 1, 1)	9.682881356718296	{'C__K': 9.723194194064995, 'D__H': 9.89538482235787, 'E__I': 9.895384822367758, 'H__D': 9.89538482235787, 'I__E': 9.895384822367758, 'K__C': 9.723194194064995, 'first__D_E': 9.642568519371308, 'B_C__last': 8.93733991105385, 'D_E__first': 9.642568519371308, 'D_E__H_I': 9.642568519371597, 'H_I__D_E': 9.642568519371597, 'last__B_C': 8.93733991105385}
2.023185668911827	68	(-1, -1, 1, -1, -1, -1, 1, -1, -1)	9.642568519371597	{'D__H': 9.89538482235787, 'H__D': 9.89538482235787, 'first__D_E': 9.642568519371308, 'D_E__first': 9.642568519371308, 'D_E__H_I': 9.642568519371597, 'H_I__D_E': 9.642568519371597}
2.023185668911827	69	(-1, -1, 1, -1, -1, -1, 1, -1, 1)	9.642568519371597	{'D__H': 9.89538482235787, 'H__D': 9.89538482235787, 'first__D_E': 9.642568519371308, 'D_E__first': 9.642568519371308, 'D_E__H_I': 9.642568519371597, 'H_I__D_E': 9.642568519371597}
2.023185668911827	70	(-1, -1, 1, -1, -1, -1, 1, 1, -1)	9.642568519391602	{'D__H': 9.89538482235787, 'H__D': 9.89538482235787, 'first__D_E': 9.642568519371308, 'D_E__first': 9.642568519371308, 'D_E__H_I': 9.642568519371597, 'F_G__last': 9.642568519411608, 'H_I__D_E': 9.642568519371597, 'last__F_G': 9.642568519411608}
2.023185668911827	71	(-1, -1, 1, -1, -1, -1, 1, 1, 1)	9.642568519411608	{'D__H': 9.89538482235787, 'G__K': 9.895384822401375, 'H__D': 9.89538482235787, 'K__G': 9.895384822401375, 'first__D_E': 9.642568519371308, 'D_E__first': 9.642568519371308, 'D_E__H_I': 9.642568519371597, 'F_G__last': 9.642568519411608, 'H_I__D_E': 9.642568519371597, 'last__F_G': 9.642568519411608}
2.023185668911827	72	(-1, -1, 1, -1, -1, 1, -1, -1, -1)	9.642568519382342	{'G__K': 9.895384822398999, 'K__G': 9.895384822398999, 'first__D_E': 9.642568519371308, 'D_E__first': 9.642568519371308, 'F_G__last': 9.642568519382342, 'last__F_G': 9.642568519382342}
2.023185668911827	73	(-1, -1, 1, -1, -1, 1, -1, -1, 1)	9.642568519376825	{'first__D_E': 9.642568519371308, 'D_E__first': 9.642568519371308, 'F_G__last': 9.642568519382342, 'last__F_G': 9.642568519382342}
2.023185668911827	74	(-1, -1, 1, -1, -1, 1, -1, 1, -1)	9.642568519371308	{'first__D_E': 9.642568519371308, 'D_E__first': 9.642568519371308}
2.023185668911827	75	(-1, -1, 1, -1, -1, 1, -1, 1, 1)	9.642568519371308	{'first__D_E': 9.642568519371308, 'D_E__first': 9.642568519371308}
2.023185668911827	76	(-1, -1, 1, -1, -1, 1, 1, -1, -1)	9.642568519371308	{'first__D_E': 9.642568519371308, 'D_E__first': 9.642568519371308}
2.023185668911827	77	(-1, -1, 1, -1, -1, 1, 1, -1, 1)	9.642568519371308	{'first__D_E': 9.642568519371308, 'D_E__first': 9.642568519371308}
2.0263272615654166	65	(-1, -1, 1, -1, -1, -1, -1, -1, 1)	7.034724046188481	{'D__H': 7.122989723927544, 'E__I': 7.122989723919069, 'F__J': 7.122989723900741, 'H__D': 7.122989723927544, 'I__E': 7.122989723919069, 'J__F': 7.122989723900741, 'first__D_E': 6.946458368476221, 'D_E__first': 6.946458368476221, 'D_E__H_I': 6.946458368468621, 'F_G__last': 6.946458368415392, 'H_I__D_E': 6.946458368468621, 'last__F_G': 6.946458368415392}
2.0263272615654166	66	(-1, -1, 1, -1, -1, -1, -1, 1, -1)	6.946458368476221	{'D__H': 7.122989723927544, 'E__I': 7.122989723919069, 'H__D': 7.122989723927544, 'I__E': 7.122989723919069, 'first__D_E': 6.946458368476221, 'B_C__last': 6.375754138396551, 'D_E__first': 6.946458368476221, 'D_E__H_I': 6.946458368468621, 'H_I__D_E': 6.946458368468621, 'last__B_C': 6.375754138396551}
2.0263272615654166	67	(-1, -1, 1, -1, -1, -1, -1, 1, 1)	6.966051656718458	{'C__K': 6.985644944960693, 'D__H': 7.122989723927544, 'E__I': 7.122989723919069, 'H__D': 7.122989723927544, 'I__E': 7.122989723919069, 'K__C': 6.985644944960693, 'first__D_E': 6.946458368476221, 'B_C__last': 6.375754138396551, 'D_E__first': 6.946458368476221, 'D_E__H_I': 6.946458368468621, 'H_I__D_E': 6.946458368468621, 'last__B_C': 6.375754138396551}
2.0263272615654166	68	(-1, -1, 1, -1, -1, -1, 1, -1, -1)	6.946458368476221	{'D__H': 7.122989723927544, 'H__D': 7.122989723927544, 'first__D_E': 6.946458368476221, 'D_E__first': 6.946458368476221, 'D_E__H_I': 6.946458368468621, 'H_I__D_E': 6.946458368468621}
2.0263272615654166	69	(-1, -1, 1, -1, -1, -1, 1, -1, 1)	6.946458368476221	{'D__H': 7.122989723927544, 'H__D': 7.122989723927544, 'first__D_E': 6.946458368476221, 'D_E__first': 6.946458368476221, 'D_E__H_I': 6.946458368468621, 'H_I__D_E': 6.946458368468621}
2.0263272615654166	70	(-1, -1, 1, -1, -1, -1, 1, 1, -1)	6.94645836847242	{'D__H': 7.122989723927544, 'H__D': 7.122989723927544, 'first__D_E': 6.946458368476221, 'D_E__first': 6.946458368476221, 'D_E__H_I': 6.946458368468621, 'F_G__last': 6.94645836846709, 'H_I__D_E': 6.946458368468621, 'last__F_G': 6.94645836846709}
2.0263272615654166	71	(-1, -1, 1, -1, -1, -1, 1, 1, 1)	6.946458368476221	{'D__H': 7.122989723927544, 'G__K': 7.122989723921057, 'H__D': 7.122989723927544, 'K__G': 7.122989723921057, 'first__D_E': 6.946458368476221, 'D_E__first': 6.946458368476221, 'D_E__H_I': 6.946458368468621, 'F_G__last': 6.94645836846709, 'H_I__D_E': 6.946458368468621, 'last__F_G': 6.94645836846709}
2.0263272615654166	72	(-1, -1, 1, -1, -1, 1, -1, -1, -1)	6.946458368476221	{'G__K': 7.12298972391045, 'K__G': 7.12298972391045, 'first__D_E': 6.946458368476221, 'D_E__first': 6.946458368476221, 'F_G__last': 6.9464583684190675, 'last__F_G': 6.9464583684190675}
2.0263272615654166	73	(-1, -1, 1, -1, -1, 1, -1, -1, 1)	6.946458368447644	{'first__D_E': 6.946458368476221, 'D_E__first': 6.946458368476221, 'F_G__last': 6.9464583684190675, 'last__F_G': 6.9464583684190675}
2.0263272615654166	74	(-1, -1, 1, -1, -1, 1, -1, 1, -1)	6.946458368476221	{'first__D_E': 6.946458368476221, 'D_E__first': 6.946458368476221}
2.0263272615654166	75	(-1, -1, 1, -1, -1, 1, -1, 1, 1)	6.946458368476221	{'first__D_E': 6.946458368476221, 'D_E__first': 6.946458368476221}
2.0263272615654166	76	(-1, -1, 1, -1, -1, 1, 1, -1, -1)	6.946458368476221	{'first__D_E': 6.946458368476221, 'D_E__first': 6.946458368476221}
2.0263272615654166	77	(-1, -1, 1, -1, -1, 1, 1, -1, 1)	6.946458368476221	{'first__D_E': 6.946458368476221, 'D_E__first': 6.946458368476221}
2.0294688542190067	65	(-1, -1, 1, -1, -1, -1, -1, -1, 1)	4.359189614645816	{'D__H': 4.359189614645816, 'E__I': 4.359189614659242, 'F__J': 4.359189614670569, 'H__D': 4.359189614645816, 'I__E': 4.359189614659242, 'J__F': 4.359189614670569, 'first__D_E': 4.254494479638456, 'first__H_I': 7.241241704072717, 'D_E__first': 4.254494479638456, 'D_E__H_I': 4.254494479641174, 'F_G__last': 4.254494479659612, 'H_I__first': 7.241241704072717, 'H_I__D_E': 4.254494479641174, 'last__F_G': 4.254494479659612}
2.0294688542190067	66	(-1, -1, 1, -1, -1, -1, -1, 1, -1)	4.306842047143495	{'D__H': 4.359189614645816, 'E__I': 4.359189614659242, 'H__D': 4.359189614645816, 'I__E': 4.359189614659242, 'first__D_E': 4.254494479638456, 'first__H_I': 7.241241704072717, 'B_C__last': 3.8664762746471557, 'D_E__first': 4.254494479638456, 'D_E__H_I': 4.254494479641174, 'H_I__first': 7.241241704072717, 'H_I__D_E': 4.254494479641174, 'last__B_C': 3.8664762746471557}
2.0294688542190067	67	(-1, -1, 1, -1, -1, -1, -1, 1, 1)	4.267170718328182	{'C__K': 4.267170718328182, 'D__H': 4.359189614645816, 'E__I': 4.359189614659242, 'H__D': 4.359189614645816, 'I__E': 4.359189614659242, 'K__C': 4.267170718328182, 'first__D_E': 4.254494479638456, 'first__H_I': 7.241241704072717, 'B_C__last': 3.8664762746471557, 'D_E__first': 4.254494479638456, 'D_E__H_I': 4.254494479641174, 'H_I__first': 7.241241704072717, 'H_I__D_E': 4.254494479641174, 'last__B_C': 3.8664762746471557}
2.0294688542190067	68	(-1, -1, 1, -1, -1, -1, 1, -1, -1)	4.306842047143495	{'D__H': 4.359189614645816, 'H__D': 4.359189614645816, 'first__D_E': 4.254494479638456, 'first__H_I': 7.241241704072717, 'D_E__first': 4.254494479638456, 'D_E__H_I': 4.254494479641174, 'H_I__first': 7.241241704072717, 'H_I__D_E': 4.254494479641174}
2.0294688542190067	69	(-1, -1, 1, -1, -1, -1, 1, -1, 1)	4.306842047143495	{'D__H': 4.359189614645816, 'H__D': 4.359189614645816, 'first__D_E': 4.254494479638456, 'first__H_I': 7.241241704072717, 'D_E__first': 4.254494479638456, 'D_E__H_I': 4.254494479641174, 'H_I__first': 7.241241704072717, 'H_I__D_E': 4.254494479641174}
2.0294688542190067	70	(-1, -1, 1, -1, -1, -1, 1, 1, -1)	4.254494479641174	{'D__H': 4.359189614645816, 'H__D': 4.359189614645816, 'first__D_E': 4.254494479638456, 'first__H_I': 7.241241704072717, 'D_E__first': 4.254494479638456, 'D_E__H_I': 4.254494479641174, 'F_G__last': 4.2544944796336335, 'H_I__first': 7.241241704072717, 'H_I__D_E': 4.254494479641174, 'last__F_G': 4.2544944796336335}
2.0294688542190067	71	(-1, -1, 1, -1, -1, -1, 1, 1, 1)	4.306842047143495	{'D__H': 4.359189614645816, 'G__K': 4.3591896146735225, 'H__D': 4.359189614645816, 'K__G': 4.3591896146735225, 'first__D_E': 4.254494479638456, 'first__H_I': 7.241241704072717, 'D_E__first': 4.254494479638456, 'D_E__H_I': 4.254494479641174, 'F_G__last': 4.2544944796336335, 'H_I__first': 7.241241704072717, 'H_I__D_E': 4.254494479641174, 'last__F_G': 4.2544944796336335}
2.0294688542190067	72	(-1, -1, 1, -1, -1, 1, -1, -1, -1)	4.254494479652777	{'G__K': 4.359189614676233, 'K__G': 4.359189614676233, 'first__D_E': 4.254494479638456, 'D_E__first': 4.254494479638456, 'F_G__last': 4.254494479652777, 'last__F_G': 4.254494479652777}
2.0294688542190067	73	(-1, -1, 1, -1, -1, 1, -1, -1, 1)	4.254494479645617	{'first__D_E': 4.254494479638456, 'D_E__first': 4.254494479638456, 'F_G__last': 4.254494479652777, 'last__F_G': 4.254494479652777}
2.0294688542190067	74	(-1, -1, 1, -1, -1, 1, -1, 1, -1)	4.254494479638456	{'first__D_E': 4.254494479638456, 'D_E__first': 4.254494479638456}
2.0294688542190067	75	(-1, -1, 1, -1, -1, 1, -1, 1, 1)	4.254494479638456	{'first__D_E': 4.254494479638456, 'D_E__first': 4.254494479638456}
2.0294688542190067	76	(-1, -1, 1, -1, -1, 1, 1, -1, -1)	4.254494479638456	{'first__D_E': 4.254494479638456, 'D_E__first': 4.254494479638456}
2.0294688542190067	77	(-1, -1, 1, -1, -1, 1, 1, -1, 1)	4.254494479638456	{'first__D_E': 4.254494479638456, 'D_E__first': 4.254494479638456}
2.0326104468725963	65	(-1, -1, 1, -1, -1, -1, -1, -1, 1)	1.603996794976524	{'D__H': 1.6039967950095233, 'E__I': 1.6039967950105347, 'F__J': 1.603996794976524, 'H__D': 1.6039967950095233, 'I__E': 1.6039967950105347, 'J__F': 1.603996794976524, 'first__D_E': 1.566703421453561, 'first__H_I': 2.6658518575967762, 'D_E__first': 1.566703421453561, 'D_E__H_I': 1.5667034214817332, 'F_G__last': 1.5667034214311326, 'H_I__first': 2.6658518575967762, 'H_I__D_E': 1.5667034214817332, 'last__F_G': 1.5667034214311326}
2.0326104468725963	66	(-1, -1, 1, -1, -1, -1, -1, 1, -1)	1.5853501082456283	{'D__H': 1.6039967950095233, 'E__I': 1.6039967950105347, 'H__D': 1.6039967950095233, 'I__E': 1.6039967950105347, 'first__D_E': 1.566703421453561, 'first__H_I': 2.6658518575967762, 'B_C__last': 1.4096102988902168, 'D_E__first': 1.566703421453561, 'D_E__H_I': 1.5667034214817332, 'H_I__first': 2.6658518575967762, 'H_I__D_E': 1.5667034214817332, 'last__B_C': 1.4096102988902168}
2.0326104468725963	67	(-1, -1, 1, -1, -1, -1, -1, 1, 1)	1.567293424157199	{'C__K': 1.567293424157199, 'D__H': 1.6039967950095233, 'E__I': 1.6039967950105347, 'H__D': 1.6039967950095233, 'I__E': 1.6039967950105347, 'K__C': 1.567293424157199, 'first__D_E': 1.566703421453561, 'first__H_I': 2.6658518575967762, 'B_C__last': 1.4096102988902168, 'D_E__first': 1.566703421453561, 'D_E__H_I': 1.5667034214817332, 'H_I__first': 2.6658518575967762, 'H_I__D_E': 1.5667034214817332, 'last__B_C': 1.4096102988902168}
2.0326104468725963	68	(-1, -1, 1, -1, -1, -1, 1, -1, -1)	1.5853501082456283	{'D__H': 1.6039967950095233, 'H__D': 1.6039967950095233, 'first__D_E': 1.566703421453561, 'first__H_I': 2.6658518575967762, 'D_E__first': 1.566703421453561, 'D_E__H_I': 1.5667034214817332, 'H_I__first': 2.6658518575967762, 'H_I__D_E': 1.5667034214817332}
2.0326104468725963	69	(-1, -1, 1, -1, -1, -1, 1, -1, 1)	1.5853501082456283	{'D__H': 1.6039967950095233, 'H__D': 1.6039967950095233, 'first__D_E': 1.566703421453561, 'first__H_I': 2.6658518575967762, 'D_E__first': 1.566703421453561, 'D_E__H_I': 1.5667034214817332, 'H_I__first': 2.6658518575967762, 'H_I__D_E': 1.5667034214817332}
2.0326104468725963	70	(-1, -1, 1, -1, -1, -1, 1, 1, -1)	1.5667034214817332	{'D__H': 1.6039967950095233, 'H__D': 1.6039967950095233, 'first__D_E': 1.566703421453561, 'first__H_I': 2.6658518575967762, 'D_E__first': 1.566703421453561, 'D_E__H_I': 1.5667034214817332, 'F_G__last': 1.566703421447181, 'H_I__first': 2.6658518575967762, 'H_I__D_E': 1.5667034214817332, 'last__F_G': 1.566703421447181}
2.0326104468725963	71	(-1, -1, 1, -1, -1, -1, 1, 1, 1)	1.5853501082329193	{'D__H': 1.6039967950095233, 'G__K': 1.6039967949841054, 'H__D': 1.6039967950095233, 'K__G': 1.6039967949841054, 'first__D_E': 1.566703421453561, 'first__H_I': 2.6658518575967762, 'D_E__first': 1.566703421453561, 'D_E__H_I': 1.5667034214817332, 'F_G__last': 1.566703421447181, 'H_I__first': 2.6658518575967762, 'H_I__D_E': 1.5667034214817332, 'last__F_G': 1.566703421447181}
2.0326104468725963	72	(-1, -1, 1, -1, -1, 1, -1, -1, -1)	1.566703421453561	{'G__K': 1.603996794986873, 'K__G': 1.603996794986873, 'first__D_E': 1.566703421453561, 'D_E__first': 1.566703421453561, 'F_G__last': 1.5667034214347828, 'last__F_G': 1.5667034214347828}
2.0326104468725963	73	(-1, -1, 1, -1, -1, 1, -1, -1, 1)	1.566703421444172	{'first__D_E': 1.566703421453561, 'D_E__first': 1.566703421453561, 'F_G__last': 1.5667034214347828, 'last__F_G': 1.5667034214347828}
2.0326104468725963	74	(-1, -1, 1, -1, -1, 1, -1, 1, -1)	1.566703421453561	{'first__D_E': 1.566703421453561, 'D_E__first': 1.566703421453561}
2.0326104468725963	75	(-1, -1, 1, -1, -1, 1, -1, 1, 1)	1.566703421453561	{'first__D_E': 1.566703421453561, 'D_E__first': 1.566703421453561}
2.0326104468725963	76	(-1, -1, 1, -1, -1, 1, 1, -1, -1)	1.566703421453561	{'first__D_E': 1.566703421453561, 'D_E__first': 1.566703421453561}
2.0326104468725963	77	(-1, -1, 1, -1, -1, 1, 1, -1, 1)	1.566703421453561	{'first__D_E': 1.566703421453561, 'D_E__first': 1.566703421453561}
2.035752039526186	65	(-1, -1, 1, -1, -1, -1, -1, -1, 1)	1.1425766477335524	{'D__H': 1.1425766477645094, 'E__I': 1.142576647745612, 'F__J': 1.1425766477335524, 'H__D': 1.1425766477645094, 'I__E': 1.142576647745612, 'J__F': 1.1425766477335524, 'first__D_E': 1.1168882786660577, 'first__H_I': 1.8999513182764445, 'D_E__first': 1.1168882786660577, 'D_E__H_I': 1.1168882786624514, 'F_G__last': 1.116888278618646, 'H_I__first': 1.8999513182764445, 'H_I__D_E': 1.1168882786624514, 'last__F_G': 1.116888278618646}
2.035752039526186	66	(-1, -1, 1, -1, -1, -1, -1, 1, -1)	1.1297324632058348	{'D__H': 1.1425766477645094, 'E__I': 1.142576647745612, 'H__D': 1.1425766477645094, 'I__E': 1.142576647745612, 'first__D_E': 1.1168882786660577, 'first__H_I': 1.8999513182764445, 'B_C__last': 0.9947442369975157, 'D_E__first': 1.1168882786660577, 'D_E__H_I': 1.1168882786624514, 'H_I__first': 1.8999513182764445, 'H_I__D_E': 1.1168882786624514, 'last__B_C': 0.9947442369975157}
2.035752039526186	67	(-1, -1, 1, -1, -1, -1, -1, 1, 1)	1.1168882786660577	{'C__K': 1.1144678371767625, 'D__H': 1.1425766477645094, 'E__I': 1.142576647745612, 'H__D': 1.1425766477645094, 'I__E': 1.142576647745612, 'K__C': 1.1144678371767625, 'first__D_E': 1.1168882786660577, 'first__H_I': 1.8999513182764445, 'B_C__last': 0.9947442369975157, 'D_E__first': 1.1168882786660577, 'D_E__H_I': 1.1168882786624514, 'H_I__first': 1.8999513182764445, 'H_I__D_E': 1.1168882786624514, 'last__B_C': 0.9947442369975157}
2.035752039526186	68	(-1, -1, 1, -1, -1, -1, 1, -1, -1)	1.1297324632152836	{'D__H': 1.1425766477645094, 'H__D': 1.1425766477645094, 'first__D_E': 1.1168882786660577, 'first__H_I': 1.8999513182764445, 'D_E__first': 1.1168882786660577, 'D_E__H_I': 1.1168882786624514, 'H_I__first': 1.8999513182764445, 'H_I__D_E': 1.1168882786624514}
2.035752039526186	69	(-1, -1, 1, -1, -1, -1, 1, -1, 1)	1.1297324632152836	{'D__H': 1.1425766477645094, 'H__D': 1.1425766477645094, 'first__D_E': 1.1168882786660577, 'first__H_I': 1.8999513182764445, 'D_E__first': 1.1168882786660577, 'D_E__H_I': 1.1168882786624514, 'H_I__first': 1.8999513182764445, 'H_I__D_E': 1.1168882786624514}
2.035752039526186	70	(-1, -1, 1, -1, -1, -1, 1, 1, -1)	1.1168882786660577	{'D__H': 1.1425766477645094, 'H__D': 1.1425766477645094, 'first__D_E': 1.1168882786660577, 'first__H_I': 1.8999513182764445, 'D_E__first': 1.1168882786660577, 'D_E__H_I': 1.1168882786624514, 'F_G__last': 1.1168882786618883, 'H_I__first': 1.8999513182764445, 'H_I__D_E': 1.1168882786624514, 'last__F_G': 1.1168882786618883}
2.035752039526186	71	(-1, -1, 1, -1, -1, -1, 1, 1, 1)	1.1297324632097363	{'D__H': 1.1425766477645094, 'G__K': 1.142576647753415, 'H__D': 1.1425766477645094, 'K__G': 1.142576647753415, 'first__D_E': 1.1168882786660577, 'first__H_I': 1.8999513182764445, 'D_E__first': 1.1168882786660577, 'D_E__H_I': 1.1168882786624514, 'F_G__last': 1.1168882786618883, 'H_I__first': 1.8999513182764445, 'H_I__D_E': 1.1168882786624514, 'last__F_G': 1.1168882786618883}
2.035752039526186	72	(-1, -1, 1, -1, -1, 1, -1, -1, -1)	1.1168882786660577	{'G__K': 1.1425766477299242, 'K__G': 1.1425766477299242, 'first__D_E': 1.1168882786660577, 'D_E__first': 1.1168882786660577, 'F_G__last': 1.1168882786155525, 'last__F_G': 1.1168882786155525}
2.035752039526186	73	(-1, -1, 1, -1, -1, 1, -1, -1, 1)	1.116888278640805	{'first__D_E': 1.1168882786660577, 'D_E__first': 1.1168882786660577, 'F_G__last': 1.1168882786155525, 'last__F_G': 1.1168882786155525}
2.035752039526186	74	(-1, -1, 1, -1, -1, 1, -1, 1, -1)	1.1168882786660577	{'first__D_E': 1.1168882786660577, 'D_E__first': 1.1168882786660577}
2.035752039526186	75	(-1, -1, 1, -1, -1, 1, -1, 1, 1)	1.1168882786660577	{'first__D_E': 1.1168882786660577, 'D_E__first': 1.1168882786660577}
2.035752039526186	76	(-1, -1, 1, -1, -1, 1, 1, -1, -1)	1.1168882786660577	{'first__D_E': 1.1168882786660577, 'D_E__first': 1.1168882786660577}
2.035752039526186	77	(-1, -1, 1, -1, -1, 1, 1, -1, 1)	1.1168882786660577	{'first__D_E': 1.1168882786660577, 'D_E__first': 1.1168882786660577}
2.038893632179776	65	(-1, -1, 1, -1, -1, -1, -1, -1, 1)	3.8805188392987366	{'D__H': 3.8805188392987366, 'E__I': 3.8805188393277215, 'F__J': 3.880518839380126, 'H__D': 3.8805188392987366, 'I__E': 3.8805188393277215, 'J__F': 3.880518839380126, 'first__D_E': 3.796254134753715, 'first__H_I': 6.456110169310206, 'D_E__first': 3.796254134753715, 'D_E__H_I': 3.7962541347394976, 'F_G__last': 3.796254134816409, 'H_I__first': 6.456110169310206, 'H_I__D_E': 3.7962541347394976, 'last__F_G': 3.796254134816409}
2.038893632179776	66	(-1, -1, 1, -1, -1, -1, -1, 1, -1)	3.838386487026226	{'D__H': 3.8805188392987366, 'E__I': 3.8805188393277215, 'H__D': 3.8805188392987366, 'I__E': 3.8805188393277215, 'first__D_E': 3.796254134753715, 'first__H_I': 6.456110169310206, 'B_C__last': 3.346492215900985, 'D_E__first': 3.796254134753715, 'D_E__H_I': 3.7962541347394976, 'H_I__first': 6.456110169310206, 'H_I__D_E': 3.7962541347394976, 'last__B_C': 3.346492215900985}
2.038893632179776	67	(-1, -1, 1, -1, -1, -1, -1, 1, 1)	3.796254134753715	{'C__K': 3.7785965319611003, 'D__H': 3.8805188392987366, 'E__I': 3.8805188393277215, 'H__D': 3.8805188392987366, 'I__E': 3.8805188393277215, 'K__C': 3.7785965319611003, 'first__D_E': 3.796254134753715, 'first__H_I': 6.456110169310206, 'B_C__last': 3.346492215900985, 'D_E__first': 3.796254134753715, 'D_E__H_I': 3.7962541347394976, 'H_I__first': 6.456110169310206, 'H_I__D_E': 3.7962541347394976, 'last__B_C': 3.346492215900985}
2.038893632179776	68	(-1, -1, 1, -1, -1, -1, 1, -1, -1)	3.838386487026226	{'D__H': 3.8805188392987366, 'H__D': 3.8805188392987366, 'first__D_E': 3.796254134753715, 'first__H_I': 6.456110169310206, 'D_E__first': 3.796254134753715, 'D_E__H_I': 3.7962541347394976, 'H_I__first': 6.456110169310206, 'H_I__D_E': 3.7962541347394976}
2.038893632179776	69	(-1, -1, 1, -1, -1, -1, 1, -1, 1)	3.838386487026226	{'D__H': 3.8805188392987366, 'H__D': 3.8805188392987366, 'first__D_E': 3.796254134753715, 'first__H_I': 6.456110169310206, 'D_E__first': 3.796254134753715, 'D_E__H_I': 3.7962541347394976, 'H_I__first': 6.456110169310206, 'H_I__D_E': 3.7962541347394976}
2.038893632179776	70	(-1, -1, 1, -1, -1, -1, 1, 1, -1)	3.796254134817562	{'D__H': 3.8805188392987366, 'H__D': 3.8805188392987366, 'first__D_E': 3.796254134753715, 'first__H_I': 6.456110169310206, 'D_E__first': 3.796254134753715, 'D_E__H_I': 3.7962541347394976, 'F_G__last': 3.796254134817562, 'H_I__first': 6.456110169310206, 'H_I__D_E': 3.7962541347394976, 'last__F_G': 3.796254134817562}
2.038893632179776	71	(-1, -1, 1, -1, -1, -1, 1, 1, 1)	3.838386487058149	{'D__H': 3.8805188392987366, 'G__K': 3.8805188393656778, 'H__D': 3.8805188392987366, 'K__G': 3.8805188393656778, 'first__D_E': 3.796254134753715, 'first__H_I': 6.456110169310206, 'D_E__first': 3.796254134753715, 'D_E__H_I': 3.7962541347394976, 'F_G__last': 3.796254134817562, 'H_I__first': 6.456110169310206, 'H_I__D_E': 3.7962541347394976, 'last__F_G': 3.796254134817562}
2.038893632179776	72	(-1, -1, 1, -1, -1, 1, -1, -1, -1)	3.7962541348218957	{'G__K': 3.8805188393796914, 'K__G': 3.8805188393796914, 'first__D_E': 3.796254134753715, 'D_E__first': 3.796254134753715, 'F_G__last': 3.7962541348218957, 'last__F_G': 3.7962541348218957}
2.038893632179776	73	(-1, -1, 1, -1, -1, 1, -1, -1, 1)	3.796254134787805	{'first__D_E': 3.796254134753715, 'D_E__first': 3.796254134753715, 'F_G__last': 3.7962541348218957, 'last__F_G': 3.7962541348218957}
2.038893632179776	74	(-1, -1, 1, -1, -1, 1, -1, 1, -1)	3.796254134753715	{'first__D_E': 3.796254134753715, 'D_E__first': 3.796254134753715}
2.038893632179776	75	(-1, -1, 1, -1, -1, 1, -1, 1, 1)	3.796254134753715	{'first__D_E': 3.796254134753715, 'D_E__first': 3.796254134753715}
2.038893632179776	76	(-1, -1, 1, -1, -1, 1, 1, -1, -1)	3.796254134753715	{'first__D_E': 3.796254134753715, 'D_E__first': 3.796254134753715}
2.038893632179776	77	(-1, -1, 1, -1, -1, 1, 1, -1, 1)	3.796254134753715	{'first__D_E': 3.796254134753715, 'D_E__first': 3.796254134753715}
2.0420352248333655	65	(-1, -1, 1, -1, -1, -1, -1, -1, 1)	6.540592910352384	{'D__H': 6.609818118129945, 'E__I': 6.60981811813151, 'F__J': 6.60981811815637, 'H__D': 6.609818118129945, 'I__E': 6.60981811813151, 'J__F': 6.60981811815637, 'first__D_E': 6.471367702550044, 'D_E__first': 6.471367702550044, 'D_E__H_I': 6.471367702554831, 'F_G__last': 6.471367702574824, 'H_I__D_E': 6.471367702554831, 'last__F_G': 6.471367702574824}
2.0420352248333655	66	(-1, -1, 1, -1, -1, -1, -1, 1, -1)	6.471367702554831	{'D__H': 6.609818118129945, 'E__I': 6.60981811813151, 'H__D': 6.609818118129945, 'I__E': 6.60981811813151, 'first__D_E': 6.471367702550044, 'B_C__last': 5.645542963332903, 'D_E__first': 6.471367702550044, 'D_E__H_I': 6.471367702554831, 'H_I__D_E': 6.471367702554831, 'last__B_C': 5.645542963332903}
2.0420352248333655	67	(-1, -1, 1, -1, -1, -1, -1, 1, 1)	6.471367702552437	{'C__K': 6.425578444520802, 'D__H': 6.609818118129945, 'E__I': 6.60981811813151, 'H__D': 6.609818118129945, 'I__E': 6.60981811813151, 'K__C': 6.425578444520802, 'first__D_E': 6.471367702550044, 'B_C__last': 5.645542963332903, 'D_E__first': 6.471367702550044, 'D_E__H_I': 6.471367702554831, 'H_I__D_E': 6.471367702554831, 'last__B_C': 5.645542963332903}
2.0420352248333655	68	(-1, -1, 1, -1, -1, -1, 1, -1, -1)	6.471367702554831	{'D__H': 6.609818118129945, 'H__D': 6.609818118129945, 'first__D_E': 6.471367702550044, 'D_E__first': 6.471367702550044, 'D_E__H_I': 6.471367702554831, 'H_I__D_E': 6.471367702554831}
2.0420352248333655	69	(-1, -1, 1, -1, -1, -1, 1, -1, 1)	6.471367702554831	{'D__H': 6.609818118129945, 'H__D': 6.609818118129945, 'first__D_E': 6.471367702550044, 'D_E__first': 6.471367702550044, 'D_E__H_I': 6.471367702554831, 'H_I__D_E': 6.471367702554831}
2.0420352248333655	70	(-1, -1, 1, -1, -1, -1, 1, 1, -1)	6.471367702566062	{'D__H': 6.609818118129945, 'H__D': 6.609818118129945, 'first__D_E': 6.471367702550044, 'D_E__first': 6.471367702550044, 'D_E__H_I': 6.471367702554831, 'F_G__last': 6.471367702577293, 'H_I__D_E': 6.471367702554831, 'last__F_G': 6.471367702577293}
2.0420352248333655	71	(-1, -1, 1, -1, -1, -1, 1, 1, 1)	6.471367702577293	{'D__H': 6.609818118129945, 'G__K': 6.609818118127917, 'H__D': 6.609818118129945, 'K__G': 6.609818118127917, 'first__D_E': 6.471367702550044, 'D_E__first': 6.471367702550044, 'D_E__H_I': 6.471367702554831, 'F_G__last': 6.471367702577293, 'H_I__D_E': 6.471367702554831, 'last__F_G': 6.471367702577293}
2.0420352248333655	72	(-1, -1, 1, -1, -1, 1, -1, -1, -1)	6.471367702572539	{'G__K': 6.609818118144517, 'K__G': 6.609818118144517, 'first__D_E': 6.471367702550044, 'D_E__first': 6.471367702550044, 'F_G__last': 6.471367702572539, 'last__F_G': 6.471367702572539}
2.0420352248333655	73	(-1, -1, 1, -1, -1, 1, -1, -1, 1)	6.471367702561292	{'first__D_E': 6.471367702550044, 'D_E__first': 6.471367702550044, 'F_G__last': 6.471367702572539, 'last__F_G': 6.471367702572539}
2.0420352248333655	74	(-1, -1, 1, -1, -1, 1, -1, 1, -1)	6.471367702550044	{'first__D_E': 6.471367702550044, 'D_E__first': 6.471367702550044}
2.0420352248333655	75	(-1, -1, 1, -1, -1, 1, -1, 1, 1)	6.471367702550044	{'first__D_E': 6.471367702550044, 'D_E__first': 6.471367702550044}
2.0420352248333655	76	(-1, -1, 1, -1, -1, 1, 1, -1, -1)	6.471367702550044	{'first__D_E': 6.471367702550044, 'D_E__first': 6.471367702550044}
2.0420352248333655	77	(-1, -1, 1, -1, -1, 1, 1, -1, 1)	6.471367702550044	{'first__D_E': 6.471367702550044, 'D_E__first': 6.471367702550044}
2.0451768174869556	65	(-1, -1, 1, -1, -1, -1, -1, -1, 1)	9.236332807445793	{'D__H': 9.330463035108705, 'E__I': 9.330463035103678, 'F__J': 9.330463035129736, 'H__D': 9.330463035108705, 'I__E': 9.330463035103678, 'J__F': 9.330463035129736, 'first__D_E': 9.14220257976181, 'D_E__first': 9.14220257976181, 'D_E__H_I': 9.142202579756837, 'F_G__last': 9.142202579787908, 'H_I__D_E': 9.142202579756837, 'last__F_G': 9.142202579787908}
2.0451768174869556	66	(-1, -1, 1, -1, -1, -1, -1, 1, -1)	9.14220257976181	{'D__H': 9.330463035108705, 'E__I': 9.330463035103678, 'H__D': 9.330463035108705, 'I__E': 9.330463035103678, 'first__D_E': 9.14220257976181, 'B_C__last': 7.891810254257949, 'D_E__first': 9.14220257976181, 'D_E__H_I': 9.142202579756837, 'H_I__D_E': 9.142202579756837, 'last__B_C': 7.891810254257949}
2.0451768174869556	67	(-1, -1, 1, -1, -1, -1, -1, 1, 1)	9.142202579759324	{'C__K': 9.055901424396906, 'D__H': 9.330463035108705, 'E__I': 9.330463035103678, 'H__D': 9.330463035108705, 'I__E': 9.330463035103678, 'K__C': 9.055901424396906, 'first__D_E': 9.14220257976181, 'B_C__last': 7.891810254257949, 'D_E__first': 9.14220257976181, 'D_E__H_I': 9.142202579756837, 'H_I__D_E': 9.142202579756837, 'last__B_C': 7.891810254257949}
2.0451768174869556	68	(-1, -1, 1, -1, -1, -1, 1, -1, -1)	9.14220257976181	{'D__H': 9.330463035108705, 'H__D': 9.330463035108705, 'first__D_E': 9.14220257976181, 'D_E__first': 9.14220257976181, 'D_E__H_I': 9.142202579756837, 'H_I__D_E': 9.142202579756837}
2.0451768174869556	69	(-1, -1, 1, -1, -1, -1, 1, -1, 1)	9.14220257976181	{'D__H': 9.330463035108705, 'H__D': 9.330463035108705, 'first__D_E': 9.14220257976181, 'D_E__first': 9.14220257976181, 'D_E__H_I': 9.142202579756837, 'H_I__D_E': 9.142202579756837}
2.0451768174869556	70	(-1, -1, 1, -1, -1, -1, 1, 1, -1)	9.142202579767389	{'D__H': 9.330463035108705, 'H__D': 9.330463035108705, 'first__D_E': 9.14220257976181, 'D_E__first': 9.14220257976181, 'D_E__H_I': 9.142202579756837, 'F_G__last': 9.14220257977297, 'H_I__D_E': 9.142202579756837, 'last__F_G': 9.14220257977297}
2.0451768174869556	71	(-1, -1, 1, -1, -1, -1, 1, 1, 1)	9.14220257977297	{'D__H': 9.330463035108705, 'G__K': 9.330463035123062, 'H__D': 9.330463035108705, 'K__G': 9.330463035123062, 'first__D_E': 9.14220257976181, 'D_E__first': 9.14220257976181, 'D_E__H_I': 9.142202579756837, 'F_G__last': 9.14220257977297, 'H_I__D_E': 9.142202579756837, 'last__F_G': 9.14220257977297}
2.0451768174869556	72	(-1, -1, 1, -1, -1, 1, -1, -1, -1)	9.142202579787911	{'G__K': 9.33046303513136, 'K__G': 9.33046303513136, 'first__D_E': 9.14220257976181, 'D_E__first': 9.14220257976181, 'F_G__last': 9.142202579787911, 'last__F_G': 9.142202579787911}
2.0451768174869556	73	(-1, -1, 1, -1, -1, 1, -1, -1, 1)	9.14220257977486	{'first__D_E': 9.14220257976181, 'D_E__first': 9.14220257976181, 'F_G__last': 9.142202579787911, 'last__F_G': 9.142202579787911}
2.0451768174869556	74	(-1, -1, 1, -1, -1, 1, -1, 1, -1)	9.14220257976181	{'first__D_E': 9.14220257976181, 'D_E__first': 9.14220257976181}
2.0451768174869556	75	(-1, -1, 1, -1, -1, 1, -1, 1, 1)	9.14220257976181	{'first__D_E': 9.14220257976181, 'D_E__first': 9.14220257976181}
2.0451768174869556	76	(-1, -1, 1, -1, -1, 1, 1, -1, -1)	9.14220257976181	{'first__D_E': 9.14220257976181, 'D_E__first': 9.14220257976181}
2.0451768174869556	77	(-1, -1, 1, -1, -1, 1, 1, -1, 1)	9.14220257976181	{'first__D_E': 9.14220257976181, 'D_E__first': 9.14220257976181}
2.0797343366764434	70	(-1, -1, 1, -1, -1, -1, 1, 1, -1)	6.867101122703469	{'F__K': 6.867101122703469, 'K__F': 6.867101122703469}
2.0797343366764434	73	(-1, -1, 1, -1, -1, 1, -1, -1, 1)	6.8671011227249545	{'F__K': 6.8671011227249545, 'K__F': 6.8671011227249545}
2.082875929330033	70	(-1, -1, 1, -1, -1, -1, 1, 1, -1)	2.8606276812130016	{'F__K': 2.8606276812130016, 'K__F': 2.8606276812130016}
2.082875929330033	73	(-1, -1, 1, -1, -1, 1, -1, -1, 1)	2.8606276812051528	{'F__K': 2.8606276812051528, 'K__F': 2.8606276812051528}
2.0860175219836226	70	(-1, -1, 1, -1, -1, -1, 1, 1, -1)	1.1399994137180764	{'F__K': 1.1399994137180764, 'K__F': 1.1399994137180764}
2.0860175219836226	73	(-1, -1, 1, -1, -1, 1, -1, -1, 1)	1.1399994136237575	{'F__K': 1.1399994136237575, 'K__F': 1.1399994136237575}
2.0891591146372126	70	(-1, -1, 1, -1, -1, -1, 1, 1, -1)	5.134734183781652	{'F__K': 5.134734183781652, 'K__F': 5.134734183781652}
2.0891591146372126	73	(-1, -1, 1, -1, -1, 1, -1, -1, 1)	5.134734183776215	{'F__K': 5.134734183776215, 'K__F': 5.134734183776215}
2.092300707290802	70	(-1, -1, 1, -1, -1, -1, 1, 1, -1)	9.123530684876796	{'F__K': 9.123530684876796, 'K__F': 9.123530684876796}
2.092300707290802	73	(-1, -1, 1, -1, -1, 1, -1, -1, 1)	9.123530684898398	{'F__K': 9.123530684898398, 'K__F': 9.123530684898398}
2.309070600388498	66	(-1, -1, 1, -1, -1, -1, -1, 1, -1)	9.269876493438678	{'B_C__last': 9.269876493438678, 'last__B_C': 9.269876493438678}
2.309070600388498	67	(-1, -1, 1, -1, -1, -1, -1, 1, 1)	9.269876493438678	{'B_C__last': 9.269876493438678, 'last__B_C': 9.269876493438678}
2.312212193042088	66	(-1, -1, 1, -1, -1, -1, -1, 1, -1)	7.186200148865218	{'B_C__last': 7.186200148865218, 'last__B_C': 7.186200148865218}
2.312212193042088	67	(-1, -1, 1, -1, -1, -1, -1, 1, 1)	7.186200148865218	{'B_C__last': 7.186200148865218, 'last__B_C': 7.186200148865218}
2.315353785695678	66	(-1, -1, 1, -1, -1, -1, -1, 1, -1)	5.058788018557467	{'B_C__last': 5.058788018557467, 'last__B_C': 5.058788018557467}
2.315353785695678	67	(-1, -1, 1, -1, -1, -1, -1, 1, 1)	5.058788018557467	{'B_C__last': 5.058788018557467, 'last__B_C': 5.058788018557467}
2.3184953783492674	66	(-1, -1, 1, -1, -1, -1, -1, 1, -1)	2.8879236360274594	{'B_C__last': 2.8879236360274594, 'last__B_C': 2.8879236360274594}
2.3184953783492674	67	(-1, -1, 1, -1, -1, -1, -1, 1, 1)	2.8879236360274594	{'B_C__last': 2.8879236360274594, 'last__B_C': 2.8879236360274594}
2.321636971002857	66	(-1, -1, 1, -1, -1, -1, -1, 1, -1)	0.673894090969285	{'B_C__last': 0.673894090969285, 'last__B_C': 0.673894090969285}
2.321636971002857	67	(-1, -1, 1, -1, -1, -1, -1, 1, 1)	0.673894090969285	{'B_C__last': 0.673894090969285, 'last__B_C': 0.673894090969285}
2.321636971002857	76	(-1, -1, 1, -1, -1, 1, 1, -1, -1)	2.9682373488669898	{'C__K': 2.307068425779795, 'K__C': 2.307068425779795, 'B_C__last': 3.6294062719541844, 'last__B_C': 3.6294062719541844}
2.321636971002857	77	(-1, -1, 1, -1, -1, 1, 1, -1, 1)	3.6294062719541844	{'B_C__last': 3.6294062719541844, 'last__B_C': 3.6294062719541844}
2.324778563656447	66	(-1, -1, 1, -1, -1, -1, -1, 1, -1)	1.5830099962730122	{'B_C__last': 1.5830099962730122, 'last__B_C': 1.5830099962730122}
2.324778563656447	67	(-1, -1, 1, -1, -1, -1, -1, 1, 1)	1.5830099962730122	{'B_C__last': 1.5830099962730122, 'last__B_C': 1.5830099962730122}
2.324778563656447	76	(-1, -1, 1, -1, -1, 1, 1, -1, -1)	6.884946450337649	{'C__K': 5.347705842028943, 'K__C': 5.347705842028943, 'B_C__last': 8.422187058646355, 'last__B_C': 8.422187058646355}
2.324778563656447	77	(-1, -1, 1, -1, -1, 1, 1, -1, 1)	8.422187058646355	{'B_C__last': 8.422187058646355, 'last__B_C': 8.422187058646355}
2.3279201563100367	66	(-1, -1, 1, -1, -1, -1, -1, 1, -1)	3.8824945010285434	{'B_C__last': 3.8824945010285434, 'last__B_C': 3.8824945010285434}
2.3279201563100367	67	(-1, -1, 1, -1, -1, -1, -1, 1, 1)	3.8824945010285434	{'B_C__last': 3.8824945010285434, 'last__B_C': 3.8824945010285434}
2.3310617489636267	66	(-1, -1, 1, -1, -1, -1, -1, 1, -1)	6.224261821997087	{'B_C__last': 6.224261821997087, 'last__B_C': 6.224261821997087}
2.3310617489636267	67	(-1, -1, 1, -1, -1, -1, -1, 1, 1)	6.224261821997087	{'B_C__last': 6.224261821997087, 'last__B_C': 6.224261821997087}
2.3342033416172163	66	(-1, -1, 1, -1, -1, -1, -1, 1, -1)	8.608010907126177	{'B_C__last': 8.608010907126177, 'last__B_C': 8.608010907126177}
2.3342033416172163	67	(-1, -1, 1, -1, -1, -1, -1, 1, 1)	8.608010907126177	{'B_C__last': 8.608010907126177, 'last__B_C': 8.608010907126177}
