0.0	78	(-1, -1, 1, -1, -1, 1, 1, 1, -1)	4.391250374145027e-12	{'A__K': 2.9558577807620168e-12, 'K__A': 2.9558577807620168e-12, 'first__last': 5.826642967528037e-12, 'last__first': 5.826642967528037e-12}
0.0	79	(-1, -1, 1, -1, -1, 1, 1, 1, 1)	4.391250374145027e-12	{'A__K': 2.9558577807620168e-12, 'K__A': 2.9558577807620168e-12, 'first__last': 5.826642967528037e-12, 'last__first': 5.826642967528037e-12}
0.0	80	(-1, -1, 1, -1, 1, -1, -1, -1, -1)	4.391250374145027e-12	{'A__K': 2.9558577807620168e-12, 'K__A': 2.9558577807620168e-12, 'first__last': 5.826642967528037e-12, 'last__first': 5.826642967528037e-12}
0.0	81	(-1, -1, 1, -1, 1, -1, -1, -1, 1)	4.391250374145027e-12	{'A__K': 2.9558577807620168e-12, 'K__A': 2.9558577807620168e-12, 'first__last': 5.826642967528037e-12, 'last__first': 5.826642967528037e-12}
0.0	82	(-1, -1, 1, -1, 1, -1, -1, 1, -1)	4.391250374145027e-12	{'A__K': 2.9558577807620168e-12, 'K__A': 2.9558577807620168e-12, 'first__last': 5.826642967528037e-12, 'last__first': 5.826642967528037e-12}
0.0	83	(-1, -1, 1, -1, 1, -1, -1, 1, 1)	4.391250374145027e-12	{'A__K': 2.9558577807620168e-12, 'K__A': 2.9558577807620168e-12, 'first__last': 5.826642967528037e-12, 'last__first': 5.826642967528037e-12}
0.0	84	(-1, -1, 1, -1, 1, -1, 1, -1, -1)	4.391250374145027e-12	{'A__K': 2.9558577807620168e-12, 'K__A': 2.9558577807620168e-12, 'first__last': 5.826642967528037e-12, 'last__first': 5.826642967528037e-12}
0.0	85	(-1, -1, 1, -1, 1, -1, 1, -1, 1)	4.391250374145027e-12	{'A__K': 2.9558577807620168e-12, 'K__A': 2.9558577807620168e-12, 'first__last': 5.826642967528037e-12, 'last__first': 5.826642967528037e-12}
0.0	86	(-1, -1, 1, -1, 1, -1, 1, 1, -1)	4.391250374145027e-12	{'A__K': 2.9558577807620168e-12, 'K__A': 2.9558577807620168e-12, 'first__last': 5.826642967528037e-12, 'last__first': 5.826642967528037e-12}
0.0	87	(-1, -1, 1, -1, 1, -1, 1, 1, 1)	4.391250374145027e-12	{'A__K': 2.9558577807620168e-12, 'K__A': 2.9558577807620168e-12, 'first__last': 5.826642967528037e-12, 'last__first': 5.826642967528037e-12}
0.0	88	(-1, -1, 1, -1, 1, 1, -1, -1, -1)	4.391250374145027e-12	{'A__K': 2.9558577807620168e-12, 'K__A': 2.9558577807620168e-12, 'first__last': 5.826642967528037e-12, 'last__first': 5.826642967528037e-12}
0.0	89	(-1, -1, 1, -1, 1, 1, -1, -1, 1)	4.391250374145027e-12	{'A__K': 2.9558577807620168e-12, 'K__A': 2.9558577807620168e-12, 'first__last': 5.826642967528037e-12, 'last__first': 5.826642967528037e-12}
0.0	90	(-1, -1, 1, -1, 1, 1, -1, 1, -1)	4.391250374145027e-12	{'A__K': 2.9558577807620168e-12, 'K__A': 2.9558577807620168e-12, 'first__last': 5.826642967528037e-12, 'last__first': 5.826642967528037e-12}
0.0031415926535897933	78	(-1, -1, 1, -1, -1, 1, 1, 1, -1)	6.245101795632552	{'A__K': 7.386334393709121, 'K__A': 7.386334393709121, 'first__last': 5.103869197555983, 'last__first': 5.103869197555983}
0.0031415926535897933	79	(-1, -1, 1, -1, -1, 1, 1, 1, 1)	7.3863425088031605	{'A__K': 9.66881582005034, 'K__A': 9.66881582005034, 'first__last': 5.103869197555983, 'last__first': 5.103869197555983}
0.0031415926535897933	82	(-1, -1, 1, -1, 1, -1, -1, 1, -1)	8.963527106489982	{'A__K': 9.668850940631698, 'K__A': 9.668850940631698, 'first__last': 8.258203272348267, 'last__first': 8.258203272348267}
0.0031415926535897933	83	(-1, -1, 1, -1, 1, -1, -1, 1, 1)	7.822326939169937	{'A__K': 7.386450605991607, 'K__A': 7.386450605991607, 'first__last': 8.258203272348267, 'last__first': 8.258203272348267}
0.0031415926535897933	86	(-1, -1, 1, -1, 1, -1, 1, 1, -1)	8.963468891337481	{'A__K': 9.668800448410668, 'K__A': 9.668800448410668, 'first__last': 8.258137334264294, 'last__first': 8.258137334264294}
0.0031415926535897933	87	(-1, -1, 1, -1, 1, -1, 1, 1, 1)	7.822220455076464	{'A__K': 7.386303575888634, 'K__A': 7.386303575888634, 'first__last': 8.258137334264294, 'last__first': 8.258137334264294}
0.0031415926535897933	88	(-1, -1, 1, -1, 1, 1, -1, -1, -1)	6.245061454730857	{'A__K': 7.386307056555278, 'K__A': 7.386307056555278, 'first__last': 5.103815852906436, 'last__first': 5.103815852906436}
0.0031415926535897933	89	(-1, -1, 1, -1, 1, 1, -1, -1, 1)	5.10381830135426	{'A__K': 5.103820749802084, 'K__A': 5.103820749802084, 'first__last': 5.103815852906436, 'last__first': 5.103815852906436}
0.0031415926535897933	90	(-1, -1, 1, -1, 1, 1, -1, 1, -1)	0.003948885726798601	{'A__K': 0.0029429486669693967, 'K__A': 0.0029429486669693967, 'first__last': 0.0049548227866278065, 'last__first': 0.0049548227866278065}
0.006283185307179587	90	(-1, -1, 1, -1, 1, 1, -1, 1, -1)	0.015795484857073664	{'A__K': 0.011771682129716932, 'K__A': 0.011771682129716932, 'first__last': 0.019819287584430394, 'last__first': 0.019819287584430394}
0.00942477796076938	90	(-1, -1, 1, -1, 1, 1, -1, 1, -1)	0.035539623192250736	{'A__K': 0.02648586266420465, 'K__A': 0.02648586266420465, 'first__last': 0.04459338372029682, 'last__first': 0.04459338372029682}
0.012566370614359173	90	(-1, -1, 1, -1, 1, 1, -1, 1, -1)	0.06318101052525127	{'A__K': 0.04708492759025808, 'K__A': 0.04708492759025808, 'first__last': 0.07927709346024445, 'last__first': 0.07927709346024445}
0.015707963267948967	90	(-1, -1, 1, -1, 1, 1, -1, 1, -1)	0.09871924075694324	{'A__K': 0.07356808940918036, 'K__A': 0.07356808940918036, 'first__last': 0.12387039210470614, 'last__first': 0.12387039210470614}
0.01884955592153876	90	(-1, -1, 1, -1, 1, 1, -1, 1, -1)	0.14215379204984746	{'A__K': 0.1059343359724052, 'K__A': 0.1059343359724052, 'first__last': 0.17837324812728975, 'last__first': 0.17837324812728975}
0.021991148575128554	90	(-1, -1, 1, -1, 1, 1, -1, 1, -1)	0.19348402711310675	{'A__K': 0.14418243094081318, 'K__A': 0.14418243094081318, 'first__last': 0.24278562328540032, 'last__first': 0.24278562328540032}
0.025132741228718346	90	(-1, -1, 1, -1, 1, 1, -1, 1, -1)	0.2527091934744852	{'A__K': 0.18831091403641684, 'K__A': 0.18831091403641684, 'first__last': 0.31710747291255365, 'last__first': 0.31710747291255365}
0.02827433388230814	90	(-1, -1, 1, -1, 1, 1, -1, 1, -1)	0.31982842382990695	{'A__K': 0.23831810160794348, 'K__A': 0.23831810160794348, 'first__last': 0.4013387460518705, 'last__first': 0.4013387460518705}
0.031415926535897934	90	(-1, -1, 1, -1, 1, 1, -1, 1, -1)	0.3948407364259621	{'A__K': 0.29420208707180073, 'K__A': 0.29420208707180073, 'first__last': 0.4954793857801235, 'last__first': 0.4954793857801235}
0.034557519189487726	90	(-1, -1, 1, -1, 1, 1, -1, 1, -1)	0.4777450355313688	{'A__K': 0.3559607415683954, 'K__A': 0.3559607415683954, 'first__last': 0.5995293294943422, 'last__first': 0.5995293294943422}
0.03769911184307752	90	(-1, -1, 1, -1, 1, 1, -1, 1, -1)	0.5685399335683441	{'A__K': 0.4235915967509189, 'K__A': 0.4235915967509189, 'first__last': 0.7134882703857693, 'last__first': 0.7134882703857693}
0.04084070449666731	90	(-1, -1, 1, -1, 1, 1, -1, 1, -1)	0.6672243552183054	{'A__K': 0.4970922442882523, 'K__A': 0.4970922442882523, 'first__last': 0.8373564661483583, 'last__first': 0.8373564661483583}
0.04398229715025711	90	(-1, -1, 1, -1, 1, 1, -1, 1, -1)	0.7737967461388693	{'A__K': 0.576459813518919, 'K__A': 0.576459813518919, 'first__last': 0.9711336787588195, 'last__first': 0.9711336787588195}
0.0471238898038469	90	(-1, -1, 1, -1, 1, 1, -1, 1, -1)	0.8882555425471383	{'A__K': 0.6616912820578597, 'K__A': 0.6616912820578597, 'first__last': 1.114819803036417, 'last__first': 1.114819803036417}
0.05026548245743669	90	(-1, -1, 1, -1, 1, 1, -1, 1, -1)	1.0105990655206738	{'A__K': 0.7527834065155944, 'K__A': 0.7527834065155944, 'first__last': 1.2684147245257533, 'last__first': 1.2684147245257533}
0.053407075111026485	90	(-1, -1, 1, -1, 1, 1, -1, 1, -1)	1.1408255211237672	{'A__K': 0.849732723048469, 'K__A': 0.849732723048469, 'first__last': 1.4319183191990654, 'last__first': 1.4319183191990654}
0.05654866776461628	90	(-1, -1, 1, -1, 1, 1, -1, 1, -1)	1.2789330005826276	{'A__K': 0.95253554803075, 'K__A': 0.95253554803075, 'first__last': 1.6053304531345054, 'last__first': 1.6053304531345054}
0.059690260418206076	90	(-1, -1, 1, -1, 1, 1, -1, 1, -1)	1.4249194804225493	{'A__K': 1.0611879787024388, 'K__A': 1.0611879787024388, 'first__last': 1.7886509821426597, 'last__first': 1.7886509821426597}
0.06283185307179587	90	(-1, -1, 1, -1, 1, 1, -1, 1, -1)	1.5787828227044907	{'A__K': 1.1756858939830268, 'K__A': 1.1756858939830268, 'first__last': 1.9818797514259543, 'last__first': 1.9818797514259543}
0.06597344572538566	90	(-1, -1, 1, -1, 1, 1, -1, 1, -1)	1.740520775119991	{'A__K': 1.2960249551271188, 'K__A': 1.2960249551271188, 'first__last': 2.185016595112863, 'last__first': 2.185016595112863}
0.06911503837897545	90	(-1, -1, 1, -1, 1, 1, -1, 1, -1)	1.9101309712754948	{'A__K': 1.4222006066502983, 'K__A': 1.4222006066502983, 'first__last': 2.3980613359006915, 'last__first': 2.3980613359006915}
0.07225663103256524	90	(-1, -1, 1, -1, 1, 1, -1, 1, -1)	2.087610930834472	{'A__K': 1.5542080770854834, 'K__A': 1.5542080770854834, 'first__last': 2.6210137845834605, 'last__first': 2.6210137845834605}
0.07539822368615504	90	(-1, -1, 1, -1, 1, 1, -1, 1, -1)	2.2729580597593286	{'A__K': 1.6920423799406377, 'K__A': 1.6920423799406377, 'first__last': 2.85387373957802, 'last__first': 2.85387373957802}
0.07853981633974483	90	(-1, -1, 1, -1, 1, 1, -1, 1, -1)	2.466169650521448	{'A__K': 1.835698314562778, 'K__A': 1.835698314562778, 'first__last': 3.0966409864801183, 'last__first': 3.0966409864801183}
0.08168140899333462	90	(-1, -1, 1, -1, 1, 1, -1, 1, -1)	2.6672428823275487	{'A__K': 1.9851704671797379, 'K__A': 1.9851704671797379, 'first__last': 3.3493152974753593, 'last__first': 3.3493152974753593}
0.08482300164692443	90	(-1, -1, 1, -1, 1, 1, -1, 1, -1)	2.8761748213935183	{'A__K': 2.14045321187221, 'K__A': 2.14045321187221, 'first__last': 3.611896430914827, 'last__first': 3.611896430914827}
0.08796459430051422	90	(-1, -1, 1, -1, 1, 1, -1, 1, -1)	3.0929624211456073	{'A__K': 2.3015407116390634, 'K__A': 2.3015407116390634, 'first__last': 3.8843841306521516, 'last__first': 3.8843841306521516}
0.09110618695410401	90	(-1, -1, 1, -1, 1, 1, -1, 1, -1)	3.317602522507263	{'A__K': 2.468426919419666, 'K__A': 2.468426919419666, 'first__last': 4.166778125594861, 'last__first': 4.166778125594861}
0.0942477796076938	90	(-1, -1, 1, -1, 1, 1, -1, 1, -1)	3.5500918541660513	{'A__K': 2.641105579365668, 'K__A': 2.641105579365668, 'first__last': 4.459078128966435, 'last__first': 4.459078128966435}
0.0973893722612836	90	(-1, -1, 1, -1, 1, 1, -1, 1, -1)	3.790427032836429	{'A__K': 2.819570227849842, 'K__A': 2.819570227849842, 'first__last': 4.761283837823016, 'last__first': 4.761283837823016}
0.10053096491487339	90	(-1, -1, 1, -1, 1, 1, -1, 1, -1)	4.038604563537089	{'A__K': 3.0038141947736197, 'K__A': 3.0038141947736197, 'first__last': 5.073394932300559, 'last__first': 5.073394932300559}
0.10367255756846318	90	(-1, -1, 1, -1, 1, 1, -1, 1, -1)	4.2946208399251535	{'A__K': 3.193830604785651, 'K__A': 3.193830604785651, 'first__last': 5.395411075064657, 'last__first': 5.395411075064657}
0.10681415022205297	90	(-1, -1, 1, -1, 1, 1, -1, 1, -1)	4.558472144517624	{'A__K': 3.389612378524653, 'K__A': 3.389612378524653, 'first__last': 5.727331910510594, 'last__first': 5.727331910510594}
0.10995574287564276	90	(-1, -1, 1, -1, 1, 1, -1, 1, -1)	4.830154649077292	{'A__K': 3.591152234006099, 'K__A': 3.591152234006099, 'first__last': 6.069157064148484, 'last__first': 6.069157064148484}
0.11309733552923255	90	(-1, -1, 1, -1, 1, 1, -1, 1, -1)	5.109664414913346	{'A__K': 3.7984426879320674, 'K__A': 3.7984426879320674, 'first__last': 6.420886141894624, 'last__first': 6.420886141894624}
0.11623892818282235	90	(-1, -1, 1, -1, 1, 1, -1, 1, -1)	5.396997393132961	{'A__K': 4.011476057098534, 'K__A': 4.011476057098534, 'first__last': 6.782518729167387, 'last__first': 6.782518729167387}
0.11938052083641215	90	(-1, -1, 1, -1, 1, 1, -1, 1, -1)	5.692149425081842	{'A__K': 4.2302444598392555, 'K__A': 4.2302444598392555, 'first__last': 7.154054390324429, 'last__first': 7.154054390324429}
0.12252211349000194	90	(-1, -1, 1, -1, 1, 1, -1, 1, -1)	5.995116242579195	{'A__K': 4.454739817464818, 'K__A': 4.454739817464818, 'first__last': 7.535492667693574, 'last__first': 7.535492667693574}
0.12566370614359174	90	(-1, -1, 1, -1, 1, 1, -1, 1, -1)	6.305893468347013	{'A__K': 4.684953855797457, 'K__A': 4.684953855797457, 'first__last': 7.926833080896569, 'last__first': 7.926833080896569}
0.12880529879718153	90	(-1, -1, 1, -1, 1, 1, -1, 1, -1)	6.6244766163293445	{'A__K': 4.920878106697843, 'K__A': 4.920878106697843, 'first__last': 8.328075125960845, 'last__first': 8.328075125960845}
0.13194689145077132	90	(-1, -1, 1, -1, 1, 1, -1, 1, -1)	6.950861092001322	{'A__K': 5.162503909625778, 'K__A': 5.162503909625778, 'first__last': 8.739218274376865, 'last__first': 8.739218274376865}
0.1350884841043611	90	(-1, -1, 1, -1, 1, 1, -1, 1, -1)	7.285042192830586	{'A__K': 5.409822413302699, 'K__A': 5.409822413302699, 'first__last': 9.160261972358473, 'last__first': 9.160261972358473}
0.1382300767579509	90	(-1, -1, 1, -1, 1, 1, -1, 1, -1)	7.627015108574192	{'A__K': 5.66282457729306, 'K__A': 5.66282457729306, 'first__last': 9.591205639855325, 'last__first': 9.591205639855325}
0.1413716694115407	90	(-1, -1, 1, -1, 1, 1, -1, 1, -1)	5.921501173759274	{'A__K': 5.921501173759274, 'K__A': 5.921501173759274}
0.1445132620651305	90	(-1, -1, 1, -1, 1, 1, -1, 1, -1)	6.185842789068601	{'A__K': 6.185842789068601, 'K__A': 6.185842789068601}
0.14765485471872028	90	(-1, -1, 1, -1, 1, 1, -1, 1, -1)	6.455839825659762	{'A__K': 6.455839825659762, 'K__A': 6.455839825659762}
0.15079644737231007	90	(-1, -1, 1, -1, 1, 1, -1, 1, -1)	6.731482503815783	{'A__K': 6.731482503815783, 'K__A': 6.731482503815783}
0.15393804002589986	90	(-1, -1, 1, -1, 1, 1, -1, 1, -1)	7.012760863342586	{'A__K': 7.012760863342586, 'K__A': 7.012760863342586}
0.15707963267948966	90	(-1, -1, 1, -1, 1, 1, -1, 1, -1)	7.299664765609947	{'A__K': 7.299664765609947, 'K__A': 7.299664765609947}
0.16022122533307945	90	(-1, -1, 1, -1, 1, 1, -1, 1, -1)	7.592183895310445	{'A__K': 7.592183895310445, 'K__A': 7.592183895310445}
0.16336281798666924	90	(-1, -1, 1, -1, 1, 1, -1, 1, -1)	7.890307762397603	{'A__K': 7.890307762397603, 'K__A': 7.890307762397603}
0.16650441064025903	90	(-1, -1, 1, -1, 1, 1, -1, 1, -1)	8.194025704057983	{'A__K': 8.194025704057983, 'K__A': 8.194025704057983}
0.16964600329384885	90	(-1, -1, 1, -1, 1, 1, -1, 1, -1)	8.503326886661705	{'A__K': 8.503326886661705, 'K__A': 8.503326886661705}
0.17278759594743864	90	(-1, -1, 1, -1, 1, 1, -1, 1, -1)	8.818200307785865	{'A__K': 8.818200307785865, 'K__A': 8.818200307785865}
0.17592918860102844	90	(-1, -1, 1, -1, 1, 1, -1, 1, -1)	9.138634798290143	{'A__K': 9.138634798290143, 'K__A': 9.138634798290143}
0.17907078125461823	90	(-1, -1, 1, -1, 1, 1, -1, 1, -1)	9.464619024288572	{'A__K': 9.464619024288572, 'K__A': 9.464619024288572}
0.18221237390820802	90	(-1, -1, 1, -1, 1, 1, -1, 1, -1)	9.796141489310891	{'A__K': 9.796141489310891, 'K__A': 9.796141489310891}
