2.023185668911827	302	(1, -1, -1, 1, -1, 1, 1, 1, -1)	9.768976670788401	{'F__J': 9.89538482228194, 'J__F': 9.89538482228194, 'F_G__last': 9.642568519294862, 'last__F_G': 9.642568519294862}
2.023185668911827	303	(1, -1, -1, 1, -1, 1, 1, 1, 1)	9.89538482228194	{'F__J': 9.89538482228194, 'G__K': 9.895384822301015, 'J__F': 9.89538482228194, 'K__G': 9.895384822301015, 'F_G__last': 9.642568519294862, 'last__F_G': 9.642568519294862}
2.023185668911827	304	(1, -1, -1, 1, 1, -1, -1, -1, -1)	9.895384822310088	{'F__J': 9.895384822310088, 'G__K': 9.895384822317217, 'J__F': 9.895384822310088, 'K__G': 9.895384822317217, 'F_G__last': 9.642568519328774, 'last__F_G': 9.642568519328774}
2.023185668911827	305	(1, -1, -1, 1, 1, -1, -1, -1, 1)	9.76897667081943	{'F__J': 9.895384822310088, 'J__F': 9.895384822310088, 'F_G__last': 9.642568519328774, 'last__F_G': 9.642568519328774}
2.023185668911827	310	(1, -1, -1, 1, 1, -1, 1, 1, -1)	9.642568519301914	{'F_G__last': 9.642568519301914, 'last__F_G': 9.642568519301914}
2.023185668911827	311	(1, -1, -1, 1, 1, -1, 1, 1, 1)	9.768976670799766	{'G__K': 9.895384822297617, 'K__G': 9.895384822297617, 'F_G__last': 9.642568519301914, 'last__F_G': 9.642568519301914}
2.0263272615654166	302	(1, -1, -1, 1, -1, 1, 1, 1, -1)	7.034724046193167	{'F__J': 7.122989723925931, 'J__F': 7.122989723925931, 'F_G__last': 6.946458368460404, 'last__F_G': 6.946458368460404}
2.0263272615654166	303	(1, -1, -1, 1, -1, 1, 1, 1, 1)	7.122989723925931	{'F__J': 7.122989723925931, 'G__K': 7.122989723938773, 'J__F': 7.122989723925931, 'K__G': 7.122989723938773, 'F_G__last': 6.946458368460404, 'last__F_G': 6.946458368460404}
2.0263272615654166	304	(1, -1, -1, 1, 1, -1, -1, -1, -1)	7.122989723916159	{'F__J': 7.122989723916159, 'G__K': 7.122989723937056, 'J__F': 7.122989723916159, 'K__G': 7.122989723937056, 'F_G__last': 6.946458368457865, 'last__F_G': 6.946458368457865}
2.0263272615654166	305	(1, -1, -1, 1, 1, -1, -1, -1, 1)	7.034724046187012	{'F__J': 7.122989723916159, 'J__F': 7.122989723916159, 'F_G__last': 6.946458368457865, 'last__F_G': 6.946458368457865}
2.0263272615654166	310	(1, -1, -1, 1, 1, -1, 1, 1, -1)	6.946458368448926	{'F_G__last': 6.946458368448926, 'last__F_G': 6.946458368448926}
2.0263272615654166	311	(1, -1, -1, 1, 1, -1, 1, 1, 1)	7.03472404618679	{'G__K': 7.122989723924655, 'K__G': 7.122989723924655, 'F_G__last': 6.946458368448926, 'last__F_G': 6.946458368448926}
2.0294688542190067	302	(1, -1, -1, 1, -1, 1, 1, 1, -1)	4.306842047115568	{'F__J': 4.359189614619033, 'J__F': 4.359189614619033, 'F_G__last': 4.254494479612102, 'last__F_G': 4.254494479612102}
2.0294688542190067	303	(1, -1, -1, 1, -1, 1, 1, 1, 1)	4.359189614619033	{'F__J': 4.359189614619033, 'G__K': 4.359189614622499, 'J__F': 4.359189614619033, 'K__G': 4.359189614622499, 'F_G__last': 4.254494479612102, 'last__F_G': 4.254494479612102}
2.0294688542190067	304	(1, -1, -1, 1, 1, -1, -1, -1, -1)	4.359189614608567	{'F__J': 4.359189614608567, 'G__K': 4.359189614619095, 'J__F': 4.359189614608567, 'K__G': 4.359189614619095, 'F_G__last': 4.254494479601608, 'last__F_G': 4.254494479601608}
