0.0	52	(-1, -1, -1, 1, 1, -1, 1, -1, -1)	4.391250374145027e-12	{'A__K': 2.9558577807620168e-12, 'K__A': 2.9558577807620168e-12, 'first__last': 5.826642967528037e-12, 'last__first': 5.826642967528037e-12}
0.0	53	(-1, -1, -1, 1, 1, -1, 1, -1, 1)	4.391250374145027e-12	{'A__K': 2.9558577807620168e-12, 'K__A': 2.9558577807620168e-12, 'first__last': 5.826642967528037e-12, 'last__first': 5.826642967528037e-12}
0.0	54	(-1, -1, -1, 1, 1, -1, 1, 1, -1)	4.391250374145027e-12	{'A__K': 2.9558577807620168e-12, 'K__A': 2.9558577807620168e-12, 'first__last': 5.826642967528037e-12, 'last__first': 5.826642967528037e-12}
0.0	55	(-1, -1, -1, 1, 1, -1, 1, 1, 1)	4.391250374145027e-12	{'A__K': 2.9558577807620168e-12, 'K__A': 2.9558577807620168e-12, 'first__last': 5.826642967528037e-12, 'last__first': 5.826642967528037e-12}
0.0	56	(-1, -1, -1, 1, 1, 1, -1, -1, -1)	4.391250374145027e-12	{'A__K': 2.9558577807620168e-12, 'K__A': 2.9558577807620168e-12, 'first__last': 5.826642967528037e-12, 'last__first': 5.826642967528037e-12}
0.0	57	(-1, -1, -1, 1, 1, 1, -1, -1, 1)	4.391250374145027e-12	{'A__K': 2.9558577807620168e-12, 'K__A': 2.9558577807620168e-12, 'first__last': 5.826642967528037e-12, 'last__first': 5.826642967528037e-12}
0.0	58	(-1, -1, -1, 1, 1, 1, -1, 1, -1)	4.391250374145027e-12	{'A__K': 2.9558577807620168e-12, 'K__A': 2.9558577807620168e-12, 'first__last': 5.826642967528037e-12, 'last__first': 5.826642967528037e-12}
0.0	59	(-1, -1, -1, 1, 1, 1, -1, 1, 1)	4.391250374145027e-12	{'A__K': 2.9558577807620168e-12, 'K__A': 2.9558577807620168e-12, 'first__last': 5.826642967528037e-12, 'last__first': 5.826642967528037e-12}
0.0	60	(-1, -1, -1, 1, 1, 1, 1, -1, -1)	4.391250374145027e-12	{'A__K': 2.9558577807620168e-12, 'K__A': 2.9558577807620168e-12, 'first__last': 5.826642967528037e-12, 'last__first': 5.826642967528037e-12}
0.0	61	(-1, -1, -1, 1, 1, 1, 1, -1, 1)	4.391250374145027e-12	{'A__K': 2.9558577807620168e-12, 'K__A': 2.9558577807620168e-12, 'first__last': 5.826642967528037e-12, 'last__first': 5.826642967528037e-12}
0.0	62	(-1, -1, -1, 1, 1, 1, 1, 1, -1)	4.391250374145027e-12	{'A__K': 2.9558577807620168e-12, 'K__A': 2.9558577807620168e-12, 'first__last': 5.826642967528037e-12, 'last__first': 5.826642967528037e-12}
0.0	63	(-1, -1, -1, 1, 1, 1, 1, 1, 1)	4.391250374145027e-12	{'A__K': 2.9558577807620168e-12, 'K__A': 2.9558577807620168e-12, 'first__last': 5.826642967528037e-12, 'last__first': 5.826642967528037e-12}
0.0	64	(-1, -1, 1, -1, -1, -1, -1, -1, -1)	4.391250374145027e-12	{'A__K': 2.9558577807620168e-12, 'K__A': 2.9558577807620168e-12, 'first__last': 5.826642967528037e-12, 'last__first': 5.826642967528037e-12}
0.0031415926535897933	52	(-1, -1, -1, 1, 1, -1, 1, -1, -1)	1.8752995895945441	{'A__K': 3.6939224021239276, 'K__A': 3.6939224021239276, 'first__last': 0.056676777065160645, 'last__first': 0.056676777065160645}
0.0031415926535897933	53	(-1, -1, -1, 1, 1, -1, 1, -1, 1)	0.7343398220203388	{'A__K': 1.412002866975517, 'K__A': 1.412002866975517, 'first__last': 0.056676777065160645, 'last__first': 0.056676777065160645}
0.0031415926535897933	54	(-1, -1, -1, 1, 1, -1, 1, 1, -1)	4.398584217078435	{'A__K': 3.693299236590178, 'K__A': 3.693299236590178, 'first__last': 5.103869197566692, 'last__first': 5.103869197566692}
0.0031415926535897933	55	(-1, -1, -1, 1, 1, -1, 1, 1, 1)	5.539778538618727	{'A__K': 5.975687879670762, 'K__A': 5.975687879670762, 'first__last': 5.103869197566692, 'last__first': 5.103869197566692}
0.0031415926535897933	56	(-1, -1, -1, 1, 1, 1, -1, -1, -1)	7.116896436306476	{'A__K': 5.9756843991295225, 'K__A': 5.9756843991295225, 'first__last': 8.25810847348343, 'last__first': 8.25810847348343}
0.0031415926535897933	57	(-1, -1, -1, 1, 1, 1, -1, -1, 1)	8.258106900345998	{'A__K': 8.258105327208566, 'K__A': 8.258105327208566, 'first__last': 8.25810847348343, 'last__first': 8.25810847348343}
0.0031415926535897933	60	(-1, -1, -1, 1, 1, 1, 1, -1, -1)	7.117157363227639	{'A__K': 5.976064758066946, 'K__A': 5.976064758066946, 'first__last': 8.258249968388332, 'last__first': 8.258249968388332}
0.0031415926535897933	61	(-1, -1, -1, 1, 1, 1, 1, -1, 1)	8.25824573644745	{'A__K': 8.258241504506566, 'K__A': 8.258241504506566, 'first__last': 8.258249968388332, 'last__first': 8.258249968388332}
0.0031415926535897933	64	(-1, -1, 1, -1, -1, -1, -1, -1, -1)	8.963411049784526	{'A__K': 9.668735137790495, 'K__A': 9.668735137790495, 'first__last': 8.258086961778558, 'last__first': 8.258086961778558}
0.006283185307179587	52	(-1, -1, -1, 1, 1, -1, 1, -1, -1)	3.8095486034863906	{'A__K': 7.392395084996465, 'K__A': 7.392395084996465, 'first__last': 0.22670212197631645, 'last__first': 0.22670212197631645}
0.006283185307179587	53	(-1, -1, -1, 1, 1, -1, 1, -1, 1)	1.5293657269817769	{'A__K': 2.832029331987237, 'K__A': 2.832029331987237, 'first__last': 0.22670212197631645, 'last__first': 0.22670212197631645}
0.006283185307179587	54	(-1, -1, -1, 1, 1, -1, 1, 1, -1)	7.387411825655844	{'A__K': 7.387411825655844, 'K__A': 7.387411825655844}
0.00942477796076938	52	(-1, -1, -1, 1, 1, -1, 1, -1, -1)	0.5100610763157297	{'first__last': 0.5100610763157297, 'last__first': 0.5100610763157297}
0.00942477796076938	53	(-1, -1, -1, 1, 1, -1, 1, -1, 1)	2.3890432430441346	{'A__K': 4.268025409772539, 'K__A': 4.268025409772539, 'first__last': 0.5100610763157297, 'last__first': 0.5100610763157297}
0.012566370614359173	52	(-1, -1, -1, 1, 1, -1, 1, -1, -1)	0.90672871130601	{'first__last': 0.90672871130601, 'last__first': 0.90672871130601}
0.012566370614359173	53	(-1, -1, -1, 1, 1, -1, 1, -1, 1)	3.31725684435108	{'A__K': 5.7277849773961504, 'K__A': 5.7277849773961504, 'first__last': 0.90672871130601, 'last__first': 0.90672871130601}
0.015707963267948967	52	(-1, -1, -1, 1, 1, -1, 1, -1, -1)	1.4166701303819504	{'first__last': 1.4166701303819504, 'last__first': 1.4166701303819504}
0.015707963267948967	53	(-1, -1, -1, 1, 1, -1, 1, -1, 1)	4.317775578540433	{'A__K': 7.218881026698916, 'K__A': 7.218881026698916, 'first__last': 1.4166701303819504, 'last__first': 1.4166701303819504}
0.01884955592153876	52	(-1, -1, -1, 1, 1, -1, 1, -1, -1)	2.039840473095175	{'first__last': 2.039840473095175, 'last__first': 2.039840473095175}
0.01884955592153876	53	(-1, -1, -1, 1, 1, -1, 1, -1, 1)	5.3942227537275	{'A__K': 8.748605034359825, 'K__A': 8.748605034359825, 'first__last': 2.039840473095175, 'last__first': 2.039840473095175}
0.021991148575128554	52	(-1, -1, -1, 1, 1, -1, 1, -1, -1)	2.7761849199508792	{'first__last': 2.7761849199508792, 'last__first': 2.7761849199508792}
0.021991148575128554	53	(-1, -1, -1, 1, 1, -1, 1, -1, 1)	2.7761849199508792	{'first__last': 2.7761849199508792, 'last__first': 2.7761849199508792}
0.025132741228718346	52	(-1, -1, -1, 1, 1, -1, 1, -1, -1)	3.6256386984117985	{'first__last': 3.6256386984117985, 'last__first': 3.6256386984117985}
0.025132741228718346	53	(-1, -1, -1, 1, 1, -1, 1, -1, 1)	3.6256386984117985	{'first__last': 3.6256386984117985, 'last__first': 3.6256386984117985}
0.02827433388230814	52	(-1, -1, -1, 1, 1, -1, 1, -1, -1)	4.588127089944998	{'first__last': 4.588127089944998, 'last__first': 4.588127089944998}
0.02827433388230814	53	(-1, -1, -1, 1, 1, -1, 1, -1, 1)	4.588127089944998	{'first__last': 4.588127089944998, 'last__first': 4.588127089944998}
0.031415926535897934	52	(-1, -1, -1, 1, 1, -1, 1, -1, -1)	5.66356543817226	{'first__last': 5.66356543817226, 'last__first': 5.66356543817226}
0.031415926535897934	53	(-1, -1, -1, 1, 1, -1, 1, -1, 1)	5.66356543817226	{'first__last': 5.66356543817226, 'last__first': 5.66356543817226}
0.034557519189487726	52	(-1, -1, -1, 1, 1, -1, 1, -1, -1)	6.851859158059957	{'first__last': 6.851859158059957, 'last__first': 6.851859158059957}
0.034557519189487726	53	(-1, -1, -1, 1, 1, -1, 1, -1, 1)	6.851859158059957	{'first__last': 6.851859158059957, 'last__first': 6.851859158059957}
0.03769911184307752	52	(-1, -1, -1, 1, 1, -1, 1, -1, -1)	8.152903746312798	{'first__last': 8.152903746312798, 'last__first': 8.152903746312798}
0.03769911184307752	53	(-1, -1, -1, 1, 1, -1, 1, -1, 1)	8.152903746312798	{'first__last': 8.152903746312798, 'last__first': 8.152903746312798}
0.04084070449666731	52	(-1, -1, -1, 1, 1, -1, 1, -1, -1)	9.566584792690895	{'first__last': 9.566584792690895, 'last__first': 9.566584792690895}
0.04084070449666731	53	(-1, -1, -1, 1, 1, -1, 1, -1, 1)	9.566584792690895	{'first__last': 9.566584792690895, 'last__first': 9.566584792690895}
0.8356636458548851	63	(-1, -1, -1, 1, 1, 1, 1, 1, 1)	9.173600719285826	{'D__K': 9.173600719285826, 'K__D': 9.173600719285826}
0.8356636458548851	64	(-1, -1, 1, -1, -1, -1, -1, -1, -1)	9.173600719304966	{'D__K': 9.173600719304966, 'K__D': 9.173600719304966}
0.8388052385084748	63	(-1, -1, -1, 1, 1, 1, 1, 1, 1)	0.8313063441193939	{'D__K': 0.8313063441193939, 'K__D': 0.8313063441193939}
0.8388052385084748	64	(-1, -1, 1, -1, -1, -1, -1, -1, -1)	0.8313063440912615	{'D__K': 0.8313063440912615, 'K__D': 0.8313063440912615}
0.8419468311620646	63	(-1, -1, -1, 1, 1, 1, 1, 1, 1)	7.494504701538342	{'D__K': 7.494504701538342, 'K__D': 7.494504701538342}
0.8419468311620646	64	(-1, -1, 1, -1, -1, -1, -1, -1, -1)	7.4945047015312305	{'D__K': 7.4945047015312305, 'K__D': 7.4945047015312305}
1.1026990214100174	62	(-1, -1, -1, 1, 1, 1, 1, 1, -1)	8.576731247839836	{'D__J': 9.544080894893694, 'J__D': 9.544080894893694, 'D_E__last': 7.609381600785978, 'last__D_E': 7.609381600785978}
1.1026990214100174	63	(-1, -1, -1, 1, 1, 1, 1, 1, 1)	9.544080894874048	{'D__J': 9.544080894893694, 'E__K': 9.544080894874048, 'J__D': 9.544080894893694, 'K__E': 9.544080894874048, 'D_E__last': 7.609381600785978, 'last__D_E': 7.609381600785978}
1.1026990214100174	64	(-1, -1, 1, -1, -1, -1, -1, -1, -1)	9.544080894908664	{'D__J': 9.54408089491687, 'E__K': 9.544080894908664, 'J__D': 9.54408089491687, 'K__E': 9.544080894908664, 'D_E__last': 7.609381600807596, 'last__D_E': 7.609381600807596}
1.1058406140636072	62	(-1, -1, -1, 1, 1, 1, 1, 1, -1)	2.5186616439963396	{'D__J': 2.8020862031197016, 'J__D': 2.8020862031197016, 'D_E__last': 2.2352370848729777, 'last__D_E': 2.2352370848729777}
1.1058406140636072	63	(-1, -1, -1, 1, 1, 1, 1, 1, 1)	2.8020862031197016	{'D__J': 2.8020862031197016, 'E__K': 2.802086203140427, 'J__D': 2.8020862031197016, 'K__E': 2.802086203140427, 'D_E__last': 2.2352370848729777, 'last__D_E': 2.2352370848729777}
1.1058406140636072	64	(-1, -1, 1, -1, -1, -1, -1, -1, -1)	2.802086203079489	{'D__J': 2.8020862030927987, 'E__K': 2.802086203079489, 'J__D': 2.8020862030927987, 'K__E': 2.802086203079489, 'D_E__last': 2.235237084840582, 'last__D_E': 2.235237084840582}
1.108982206717197	62	(-1, -1, -1, 1, 1, 1, 1, 1, -1)	3.5264523036198705	{'D__J': 3.9223716127599397, 'J__D': 3.9223716127599397, 'D_E__last': 3.130532994479801, 'last__D_E': 3.130532994479801}
1.108982206717197	63	(-1, -1, -1, 1, 1, 1, 1, 1, 1)	3.9223716127599397	{'D__J': 3.9223716127599397, 'E__K': 3.922371612790612, 'J__D': 3.9223716127599397, 'K__E': 3.922371612790612, 'D_E__last': 3.130532994479801, 'last__D_E': 3.130532994479801}
1.108982206717197	64	(-1, -1, 1, -1, -1, -1, -1, -1, -1)	3.922371612757131	{'D__J': 3.922371612757131, 'E__K': 3.922371612770149, 'J__D': 3.922371612757131, 'K__E': 3.922371612770149, 'D_E__last': 3.130532994465664, 'last__D_E': 3.130532994465664}
1.1121237993707869	62	(-1, -1, -1, 1, 1, 1, 1, 1, -1)	8.487796263326281	{'D_E__last': 8.487796263326281, 'last__D_E': 8.487796263326281}
1.1121237993707869	63	(-1, -1, -1, 1, 1, 1, 1, 1, 1)	8.487796263326281	{'D_E__last': 8.487796263326281, 'last__D_E': 8.487796263326281}
1.1121237993707869	64	(-1, -1, 1, -1, -1, -1, -1, -1, -1)	8.487796263302496	{'D_E__last': 8.487796263302496, 'last__D_E': 8.487796263302496}
1.460840583919254	60	(-1, -1, -1, 1, 1, 1, 1, -1, -1)	6.443253308939637	{'D__I': 6.443253308939637, 'I__D': 6.443253308939637}
1.460840583919254	61	(-1, -1, -1, 1, 1, 1, 1, -1, 1)	6.443253308939637	{'D__I': 6.443253308939637, 'I__D': 6.443253308939637}
1.460840583919254	62	(-1, -1, -1, 1, 1, 1, 1, 1, -1)	6.443253308924183	{'D__I': 6.443253308939637, 'E__J': 6.443253308908728, 'I__D': 6.443253308939637, 'J__E': 6.443253308908728}
1.460840583919254	63	(-1, -1, -1, 1, 1, 1, 1, 1, 1)	6.443253308908728	{'D__I': 6.443253308939637, 'E__J': 6.443253308908728, 'F__K': 6.443253308891142, 'I__D': 6.443253308939637, 'J__E': 6.443253308908728, 'K__F': 6.443253308891142}
1.460840583919254	64	(-1, -1, 1, -1, -1, -1, -1, -1, -1)	6.443253308907749	{'D__I': 6.443253308934395, 'E__J': 6.443253308907749, 'F__K': 6.443253308903968, 'I__D': 6.443253308934395, 'J__E': 6.443253308907749, 'K__F': 6.443253308903968}
1.4639821765728436	60	(-1, -1, -1, 1, 1, 1, 1, -1, -1)	1.605164605381728	{'D__I': 1.605164605381728, 'I__D': 1.605164605381728}
1.4639821765728436	61	(-1, -1, -1, 1, 1, 1, 1, -1, 1)	1.605164605381728	{'D__I': 1.605164605381728, 'I__D': 1.605164605381728}
1.4639821765728436	62	(-1, -1, -1, 1, 1, 1, 1, 1, -1)	1.6051646053775306	{'D__I': 1.605164605381728, 'E__J': 1.6051646053733335, 'I__D': 1.605164605381728, 'J__E': 1.6051646053733335}
1.4639821765728436	63	(-1, -1, -1, 1, 1, 1, 1, 1, 1)	1.605164605381728	{'D__I': 1.605164605381728, 'E__J': 1.6051646053733335, 'F__K': 1.6051646053984694, 'I__D': 1.605164605381728, 'J__E': 1.6051646053733335, 'K__F': 1.6051646053984694}
1.4639821765728436	64	(-1, -1, 1, -1, -1, -1, -1, -1, -1)	1.6051646054099944	{'D__I': 1.605164605394422, 'E__J': 1.6051646054099944, 'F__K': 1.6051646054141702, 'I__D': 1.605164605394422, 'J__E': 1.6051646054099944, 'K__F': 1.6051646054141702}
1.4671237692264334	60	(-1, -1, -1, 1, 1, 1, 1, -1, -1)	3.2194755338315018	{'D__I': 3.2194755338315018, 'I__D': 3.2194755338315018}
1.4671237692264334	61	(-1, -1, -1, 1, 1, 1, 1, -1, 1)	3.2194755338315018	{'D__I': 3.2194755338315018, 'I__D': 3.2194755338315018}
1.4671237692264334	62	(-1, -1, -1, 1, 1, 1, 1, 1, -1)	3.2194755338311163	{'D__I': 3.2194755338315018, 'E__J': 3.2194755338307304, 'I__D': 3.2194755338315018, 'J__E': 3.2194755338307304}
1.4671237692264334	63	(-1, -1, -1, 1, 1, 1, 1, 1, 1)	3.2194755338307304	{'D__I': 3.2194755338315018, 'E__J': 3.2194755338307304, 'F__K': 3.2194755338024463, 'I__D': 3.2194755338315018, 'J__E': 3.2194755338307304, 'K__F': 3.2194755338024463}
1.4671237692264334	64	(-1, -1, 1, -1, -1, -1, -1, -1, -1)	3.21947553381409	{'D__I': 3.21947553381409, 'E__J': 3.219475533822445, 'F__K': 3.2194755338131014, 'I__D': 3.21947553381409, 'J__E': 3.219475533822445, 'K__F': 3.2194755338131014}
1.4702653618800232	60	(-1, -1, -1, 1, 1, 1, 1, -1, -1)	8.030604477217429	{'D__I': 8.030604477217429, 'I__D': 8.030604477217429}
1.4702653618800232	61	(-1, -1, -1, 1, 1, 1, 1, -1, 1)	8.030604477217429	{'D__I': 8.030604477217429, 'I__D': 8.030604477217429}
1.4702653618800232	62	(-1, -1, -1, 1, 1, 1, 1, 1, -1)	8.03060447723454	{'D__I': 8.030604477217429, 'E__J': 8.030604477251652, 'I__D': 8.030604477217429, 'J__E': 8.030604477251652}
1.4702653618800232	63	(-1, -1, -1, 1, 1, 1, 1, 1, 1)	8.030604477251652	{'D__I': 8.030604477217429, 'E__J': 8.030604477251652, 'F__K': 8.030604477273927, 'I__D': 8.030604477217429, 'J__E': 8.030604477251652, 'K__F': 8.030604477273927}
1.4702653618800232	64	(-1, -1, 1, -1, -1, -1, -1, -1, -1)	8.030604477255745	{'D__I': 8.030604477221825, 'E__J': 8.030604477255745, 'F__K': 8.030604477283195, 'I__D': 8.030604477221825, 'J__E': 8.030604477255745, 'K__F': 8.030604477283195}
