0.39584067435231396	0
0.39584067435231396	1
0.39584067435231396	256
0.471238898038469	129
0.471238898038469	385
0.6126105674500097	2
0.6126105674500097	7
0.6126105674500097	6
0.6126105674500097	509
0.6126105674500097	384
0.6126105674500097	128
0.6126105674500097	257
0.6126105674500097	505
0.6126105674500097	508
0.6126105674500097	504
0.6314601233715484	133
0.6314601233715484	132
0.6723008278682158	252
0.6723008278682158	253
0.7602654221687299	409
0.7602654221687299	153
0.8388052385084748	320
0.8388052385084748	448
0.8388052385084748	64
0.8388052385084748	192
0.9644689446520666	121
0.9644689446520666	120
1.1058406140636072	389
1.1058406140636072	14
1.1058406140636072	13
1.1058406140636072	24
1.1058406140636072	26
1.1058406140636072	25
1.1058406140636072	381
1.1058406140636072	380
1.1058406140636072	20
1.1058406140636072	492
1.1058406140636072	489
1.1058406140636072	496
1.1058406140636072	449
1.1058406140636072	493
1.1058406140636072	388
1.1058406140636072	97
1.1058406140636072	96
1.1058406140636072	500
1.1058406140636072	12
1.1058406140636072	224
1.1058406140636072	193
1.1058406140636072	161
1.1058406140636072	18
1.1058406140636072	19
1.1058406140636072	160
1.1058406140636072	377
1.1058406140636072	8
1.1058406140636072	376
1.1058406140636072	321
1.1058406140636072	65
1.1058406140636072	416
1.1058406140636072	417
1.1058406140636072	497
1.1058406140636072	488
1.1058406140636072	31
1.1058406140636072	352
1.1058406140636072	353
1.1058406140636072	480
1.1058406140636072	481
1.1058406140636072	225
1.1058406140636072	124
1.1058406140636072	260
1.1058406140636072	261
1.1058406140636072	125
1.1058406140636072	32
1.1058406140636072	484
1.1058406140636072	248
1.1058406140636072	485
1.1058406140636072	30
1.1058406140636072	249
1.1058406140636072	501
1.1058406140636072	289
1.1058406140636072	288
1.2220795422464297	101
1.2220795422464297	280
1.2220795422464297	412
1.2220795422464297	100
1.2220795422464297	281
1.2220795422464297	413
1.2220795422464297	152
1.2220795422464297	408
1.4639821765728436	464
1.4639821765728436	48
1.4639821765728436	444
1.4639821765728436	445
1.4639821765728436	272
1.4639821765728436	432
1.4639821765728436	400
1.4639821765728436	269
1.4639821765728436	244
1.4639821765728436	112
1.4639821765728436	245
1.4639821765728436	304
1.4639821765728436	265
1.4639821765728436	264
1.4639821765728436	144
1.4639821765728436	188
1.4639821765728436	268
1.4639821765728436	176
1.4639821765728436	317
1.4639821765728436	336
1.4639821765728436	316
1.4639821765728436	368
1.4639821765728436	241
1.4639821765728436	240
1.4639821765728436	60
1.4639821765728436	189
1.4639821765728436	208
1.4639821765728436	61
1.4639821765728436	80
1.6210618092523335	323
1.6210618092523335	247
1.6210618092523335	246
1.6210618092523335	66
1.6210618092523335	67
1.6210618092523335	322
1.6210618092523335	267
1.6210618092523335	242
1.6210618092523335	243
1.6210618092523335	266
1.6210618092523335	195
1.6210618092523335	450
1.6210618092523335	451
1.6210618092523335	194
1.6210618092523335	270
1.6210618092523335	271
1.7090264035528475	511
1.7090264035528475	255
1.7090264035528475	510
2.035752039526186	223
2.035752039526186	102
2.035752039526186	46
2.035752039526186	454
2.035752039526186	334
2.035752039526186	47
2.035752039526186	458
2.035752039526186	459
2.035752039526186	190
2.035752039526186	335
2.035752039526186	455
2.035752039526186	326
2.035752039526186	290
2.035752039526186	291
2.035752039526186	327
2.035752039526186	362
2.035752039526186	55
2.035752039526186	54
2.035752039526186	363
2.035752039526186	343
2.035752039526186	347
2.035752039526186	94
2.035752039526186	71
2.035752039526186	219
2.035752039526186	79
2.035752039526186	218
2.035752039526186	403
2.035752039526186	402
2.035752039526186	251
2.035752039526186	70
2.035752039526186	375
2.035752039526186	374
2.035752039526186	318
2.035752039526186	342
2.035752039526186	319
2.035752039526186	207
2.035752039526186	50
2.035752039526186	51
2.035752039526186	206
2.035752039526186	214
2.035752039526186	498
2.035752039526186	227
2.035752039526186	126
2.035752039526186	499
2.035752039526186	471
2.035752039526186	199
2.035752039526186	358
2.035752039526186	314
2.035752039526186	315
2.035752039526186	98
2.035752039526186	439
2.035752039526186	99
2.035752039526186	167
2.035752039526186	175
2.035752039526186	174
2.035752039526186	447
2.035752039526186	446
2.035752039526186	442
2.035752039526186	435
2.035752039526186	21
2.035752039526186	22
2.035752039526186	23
2.035752039526186	10
2.035752039526186	9
2.035752039526186	91
2.035752039526186	90
2.035752039526186	294
2.035752039526186	434
2.035752039526186	470
2.035752039526186	443
2.035752039526186	359
2.035752039526186	351
2.035752039526186	282
2.035752039526186	283
2.035752039526186	95
2.035752039526186	350
2.035752039526186	463
2.035752039526186	222
2.035752039526186	462
2.035752039526186	346
2.035752039526186	467
2.035752039526186	466
2.035752039526186	286
2.035752039526186	287
2.035752039526186	103
2.035752039526186	198
2.035752039526186	166
2.035752039526186	438
2.035752039526186	11
2.035752039526186	371
2.035752039526186	370
2.035752039526186	367
2.035752039526186	111
2.035752039526186	82
2.035752039526186	163
2.035752039526186	115
2.035752039526186	407
2.035752039526186	254
2.035752039526186	411
2.035752039526186	406
2.035752039526186	231
2.035752039526186	415
2.035752039526186	239
2.035752039526186	230
2.035752039526186	191
2.035752039526186	215
2.035752039526186	83
2.035752039526186	387
2.035752039526186	386
2.035752039526186	398
2.035752039526186	258
2.035752039526186	399
2.035752039526186	410
2.035752039526186	238
2.035752039526186	119
2.035752039526186	414
2.035752039526186	118
2.035752039526186	366
2.035752039526186	235
2.035752039526186	394
2.035752039526186	494
2.035752039526186	395
2.035752039526186	495
2.035752039526186	502
2.035752039526186	162
2.035752039526186	234
2.035752039526186	503
2.035752039526186	114
2.035752039526186	110
2.035752039526186	28
2.035752039526186	27
2.035752039526186	295
2.035752039526186	78
2.035752039526186	226
2.035752039526186	3
2.035752039526186	4
2.035752039526186	5
2.035752039526186	507
2.035752039526186	506
2.035752039526186	390
2.035752039526186	383
2.035752039526186	382
2.035752039526186	379
2.035752039526186	378
2.035752039526186	259
2.035752039526186	187
2.035752039526186	186
2.035752039526186	29
2.035752039526186	310
2.035752039526186	311
2.035752039526186	391
2.035752039526186	422
2.035752039526186	127
2.035752039526186	123
2.035752039526186	122
2.035752039526186	15
2.035752039526186	38
2.035752039526186	16
2.035752039526186	17
2.035752039526186	159
2.035752039526186	158
2.035752039526186	39
2.035752039526186	262
2.035752039526186	43
2.035752039526186	263
2.035752039526186	155
2.035752039526186	154
2.035752039526186	42
2.035752039526186	150
2.035752039526186	63
2.035752039526186	62
2.035752039526186	147
2.035752039526186	355
2.035752039526186	182
2.035752039526186	423
2.035752039526186	183
2.035752039526186	143
2.035752039526186	139
2.035752039526186	138
2.035752039526186	135
2.035752039526186	134
2.035752039526186	130
2.035752039526186	131
2.035752039526186	142
2.035752039526186	75
2.035752039526186	275
2.035752039526186	274
2.035752039526186	35
2.035752039526186	34
2.035752039526186	33
2.035752039526186	146
2.035752039526186	151
2.035752039526186	278
2.035752039526186	279
2.035752039526186	58
2.035752039526186	59
2.035752039526186	74
2.035752039526186	302
2.035752039526186	303
2.035752039526186	354
2.035752039526186	106
2.035752039526186	418
2.035752039526186	419
2.035752039526186	487
2.035752039526186	486
2.035752039526186	483
2.035752039526186	482
2.035752039526186	250
2.035752039526186	490
2.035752039526186	107
2.035752039526186	426
2.035752039526186	427
2.035752039526186	430
2.035752039526186	431
2.035752039526186	86
2.035752039526186	87
2.035752039526186	474
2.035752039526186	479
2.035752039526186	475
2.035752039526186	478
2.035752039526186	491
2.12685822648029	306
2.12685822648029	307
2.321636971002857	178
2.321636971002857	202
2.321636971002857	179
2.321636971002857	203
2.5164157155254245	331
2.5164157155254245	299
2.5164157155254245	330
2.5164157155254245	298
2.5164157155254245	211
2.5164157155254245	338
2.5164157155254245	339
2.5164157155254245	210