0.05	0	(-1, -1, -1, -1, -1, -1, -1, -1, -1)	8.614312774909408
0.05	1	(-1, -1, -1, -1, -1, -1, -1, -1, 1)	8.614312774909408
0.05	4	(-1, -1, -1, -1, -1, -1, 1, -1, -1)	7.144118471476512
0.05	5	(-1, -1, -1, -1, -1, -1, 1, -1, 1)	7.050861596422661
0.05	18	(-1, -1, -1, -1, 1, -1, -1, 1, -1)	4.961036005064428
0.05	19	(-1, -1, -1, -1, 1, -1, -1, 1, 1)	5.312379180388621
0.05	22	(-1, -1, -1, -1, 1, -1, 1, 1, -1)	3.1607446757069178
0.05	23	(-1, -1, -1, -1, 1, -1, 1, 1, 1)	3.1302395786326738
0.05	67	(-1, -1, 1, -1, -1, -1, -1, 1, 1)	9.563616924799483
0.05	71	(-1, -1, 1, -1, -1, -1, 1, 1, 1)	3.40784444858909
0.05	72	(-1, -1, 1, -1, -1, 1, -1, -1, -1)	3.6334224576076597
0.05	73	(-1, -1, 1, -1, -1, 1, -1, -1, 1)	3.859669463956629
0.05	76	(-1, -1, 1, -1, -1, 1, 1, -1, -1)	8.317822624349565
0.05	77	(-1, -1, 1, -1, -1, 1, 1, -1, 1)	7.059703766762942
0.05	90	(-1, -1, 1, -1, 1, 1, -1, 1, -1)	0.9999553862538315
0.05	91	(-1, -1, 1, -1, 1, 1, -1, 1, 1)	1.2550517881103787
0.05	94	(-1, -1, 1, -1, 1, 1, 1, 1, -1)	3.5742159846104506
0.05	95	(-1, -1, 1, -1, 1, 1, 1, 1, 1)	3.130239578624264
0.05	120	(-1, -1, 1, 1, 1, 1, -1, -1, -1)	0.9086493159202347
0.05	121	(-1, -1, 1, 1, 1, 1, -1, -1, 1)	0.9086493159202347
0.05	124	(-1, -1, 1, 1, 1, 1, 1, -1, -1)	3.6027347149834736
0.05	125	(-1, -1, 1, 1, 1, 1, 1, -1, 1)	3.6027347149834736
0.05	128	(-1, 1, -1, -1, -1, -1, -1, -1, -1)	7.050861596425534
0.05	129	(-1, 1, -1, -1, -1, -1, -1, -1, 1)	7.462558430583558
0.05	132	(-1, 1, -1, -1, -1, -1, 1, -1, -1)	3.8593196869444912
0.05	133	(-1, 1, -1, -1, -1, -1, 1, -1, 1)	4.156431319555161
0.05	146	(-1, 1, -1, -1, 1, -1, -1, 1, -1)	3.134033629171406
0.05	147	(-1, 1, -1, -1, 1, -1, -1, 1, 1)	4.473541191692091
0.05	150	(-1, 1, -1, -1, 1, -1, 1, 1, -1)	1.2550517881017398
0.05	151	(-1, 1, -1, -1, 1, -1, 1, 1, 1)	1.6568266787999422
0.05	152	(-1, 1, -1, -1, 1, 1, -1, -1, -1)	2.0586633065892688
0.05	156	(-1, 1, -1, -1, 1, 1, 1, -1, -1)	5.811917461389883
0.05	200	(-1, 1, 1, -1, -1, 1, -1, -1, -1)	7.05970376677087
0.05	201	(-1, 1, 1, -1, -1, 1, -1, -1, 1)	7.490768794318114
0.05	204	(-1, 1, 1, -1, -1, 1, 1, -1, -1)	8.645858205170326
0.05	205	(-1, 1, 1, -1, -1, 1, 1, -1, 1)	8.645858205170326
0.05	218	(-1, 1, 1, -1, 1, 1, -1, 1, -1)	3.13403362916746
0.05	219	(-1, 1, 1, -1, 1, 1, -1, 1, 1)	3.5637247159450687
0.05	222	(-1, 1, 1, -1, 1, 1, 1, 1, -1)	5.31237918037688
0.05	223	(-1, 1, 1, -1, 1, 1, 1, 1, 1)	5.690630672946346
0.05	248	(-1, 1, 1, 1, 1, 1, -1, -1, -1)	3.602734714976532
0.05	249	(-1, 1, 1, 1, 1, 1, -1, -1, 1)	3.602734714976532
0.05	252	(-1, 1, 1, 1, 1, 1, 1, -1, -1)	3.8403869157121395
0.05	253	(-1, 1, 1, 1, 1, 1, 1, -1, 1)	3.8403869157121395
0.05	258	(1, -1, -1, -1, -1, -1, -1, 1, -1)	3.8403869157121395
0.05	259	(1, -1, -1, -1, -1, -1, -1, 1, 1)	3.8403869157121395
0.05	262	(1, -1, -1, -1, -1, -1, 1, 1, -1)	3.602734714976532
0.05	263	(1, -1, -1, -1, -1, -1, 1, 1, 1)	3.602734714976532
0.05	288	(1, -1, -1, 1, -1, -1, -1, -1, -1)	5.690630672946346
0.05	289	(1, -1, -1, 1, -1, -1, -1, -1, 1)	5.31237918037688
0.05	292	(1, -1, -1, 1, -1, -1, 1, -1, -1)	3.5637247159450687
0.05	293	(1, -1, -1, 1, -1, -1, 1, -1, 1)	3.13403362916746
0.05	306	(1, -1, -1, 1, 1, -1, -1, 1, -1)	8.645858205170326
0.05	307	(1, -1, -1, 1, 1, -1, -1, 1, 1)	8.645858205170326
0.05	310	(1, -1, -1, 1, 1, -1, 1, 1, -1)	7.490768794318114
0.05	311	(1, -1, -1, 1, 1, -1, 1, 1, 1)	7.05970376677087
0.05	355	(1, -1, 1, 1, -1, -1, -1, 1, 1)	5.811917461389883
0.05	359	(1, -1, 1, 1, -1, -1, 1, 1, 1)	2.0586633065892688
0.05	360	(1, -1, 1, 1, -1, 1, -1, -1, -1)	1.6568266787999422
0.05	361	(1, -1, 1, 1, -1, 1, -1, -1, 1)	1.2550517881017398
0.05	364	(1, -1, 1, 1, -1, 1, 1, -1, -1)	4.473541191692091
0.05	365	(1, -1, 1, 1, -1, 1, 1, -1, 1)	3.134033629171406
0.05	378	(1, -1, 1, 1, 1, 1, -1, 1, -1)	4.156431319555161
0.05	379	(1, -1, 1, 1, 1, 1, -1, 1, 1)	3.8593196869444912
0.05	382	(1, -1, 1, 1, 1, 1, 1, 1, -1)	7.462558430583558
0.05	383	(1, -1, 1, 1, 1, 1, 1, 1, 1)	7.050861596425534
0.05	386	(1, 1, -1, -1, -1, -1, -1, 1, -1)	3.6027347149834736
0.05	387	(1, 1, -1, -1, -1, -1, -1, 1, 1)	3.6027347149834736
0.05	390	(1, 1, -1, -1, -1, -1, 1, 1, -1)	0.9086493159202347
0.05	391	(1, 1, -1, -1, -1, -1, 1, 1, 1)	0.9086493159202347
0.05	416	(1, 1, -1, 1, -1, -1, -1, -1, -1)	3.130239578624264
0.05	417	(1, 1, -1, 1, -1, -1, -1, -1, 1)	3.5742159846104506
0.05	420	(1, 1, -1, 1, -1, -1, 1, -1, -1)	1.2550517881103787
0.05	421	(1, 1, -1, 1, -1, -1, 1, -1, 1)	0.9999553862538315
0.05	434	(1, 1, -1, 1, 1, -1, -1, 1, -1)	7.059703766762942
0.05	435	(1, 1, -1, 1, 1, -1, -1, 1, 1)	8.317822624349565
0.05	438	(1, 1, -1, 1, 1, -1, 1, 1, -1)	3.859669463956629
0.05	439	(1, 1, -1, 1, 1, -1, 1, 1, 1)	3.6334224576076597
0.05	440	(1, 1, -1, 1, 1, 1, -1, -1, -1)	3.40784444858909
0.05	444	(1, 1, -1, 1, 1, 1, 1, -1, -1)	9.563616924799483
0.05	488	(1, 1, 1, 1, -1, 1, -1, -1, -1)	3.1302395786326738
0.05	489	(1, 1, 1, 1, -1, 1, -1, -1, 1)	3.1607446757069178
0.05	492	(1, 1, 1, 1, -1, 1, 1, -1, -1)	5.312379180388621
0.05	493	(1, 1, 1, 1, -1, 1, 1, -1, 1)	4.961036005064428
0.05	506	(1, 1, 1, 1, 1, 1, -1, 1, -1)	7.050861596422661
0.05	507	(1, 1, 1, 1, 1, 1, -1, 1, 1)	7.144118471476512
0.05	510	(1, 1, 1, 1, 1, 1, 1, 1, -1)	8.614312774909408
0.05	511	(1, 1, 1, 1, 1, 1, 1, 1, 1)	8.614312774909408
0.0530415926535898	0	(-1, -1, -1, -1, -1, -1, -1, -1, -1)	9.691001904460343
0.0530415926535898	1	(-1, -1, -1, -1, -1, -1, -1, -1, 1)	9.691001904460343
0.0530415926535898	4	(-1, -1, -1, -1, -1, -1, 1, -1, -1)	8.038290967875733
0.0530415926535898	5	(-1, -1, -1, -1, -1, -1, 1, -1, 1)	7.933344346504986
0.0530415926535898	18	(-1, -1, -1, -1, 1, -1, -1, 1, -1)	5.58245575768626
0.0530415926535898	19	(-1, -1, -1, -1, 1, -1, -1, 1, 1)	5.977770511481204
0.0530415926535898	22	(-1, -1, -1, -1, 1, -1, 1, 1, -1)	3.556397659642974
0.0530415926535898	23	(-1, -1, -1, -1, 1, -1, 1, 1, 1)	3.5221042418801947
0.0530415926535898	71	(-1, -1, 1, -1, -1, -1, 1, 1, 1)	3.83490048383347
0.0530415926535898	72	(-1, -1, 1, -1, -1, 1, -1, -1, -1)	4.088578948021827
0.0530415926535898	73	(-1, -1, 1, -1, -1, 1, -1, -1, 1)	4.343104590901219
0.0530415926535898	76	(-1, -1, 1, -1, -1, 1, 1, -1, -1)	7.94453975122477
0.0530415926535898	77	(-1, -1, 1, -1, -1, 1, 1, -1, 1)	7.94453975122477
0.0530415926535898	90	(-1, -1, 1, -1, 1, 1, -1, 1, -1)	1.1252702758651603
0.0530415926535898	91	(-1, -1, 1, -1, 1, 1, -1, 1, 1)	1.4123875401904082
0.0530415926535898	94	(-1, -1, 1, -1, 1, 1, 1, 1, -1)	4.021711641648829
0.0530415926535898	95	(-1, -1, 1, -1, 1, 1, 1, 1, 1)	3.5221042418764053
0.0530415926535898	120	(-1, -1, 1, 1, 1, 1, -1, -1, -1)	1.022108440842888
0.0530415926535898	121	(-1, -1, 1, 1, 1, 1, -1, -1, 1)	1.022108440842888
0.0530415926535898	124	(-1, -1, 1, 1, 1, 1, 1, -1, -1)	4.054508358909735
0.0530415926535898	125	(-1, -1, 1, 1, 1, 1, 1, -1, 1)	4.054508358909735
0.0530415926535898	128	(-1, 1, -1, -1, -1, -1, -1, -1, -1)	7.93334434650214
0.0530415926535898	129	(-1, 1, -1, -1, -1, -1, -1, -1, 1)	8.39656492556315
0.0530415926535898	132	(-1, 1, -1, -1, -1, -1, 1, -1, -1)	4.3426620060792915
0.0530415926535898	133	(-1, 1, -1, -1, -1, -1, 1, -1, 1)	4.676981262231607
0.0530415926535898	146	(-1, 1, -1, -1, 1, -1, -1, 1, -1)	3.5269086108562018
0.0530415926535898	147	(-1, 1, -1, -1, 1, -1, -1, 1, 1)	5.034030490051615
0.0530415926535898	150	(-1, 1, -1, -1, 1, -1, 1, 1, -1)	1.4123875401700323
0.0530415926535898	151	(-1, 1, -1, -1, 1, -1, 1, 1, 1)	1.8644219176966208
0.0530415926535898	152	(-1, 1, -1, -1, 1, 1, -1, -1, -1)	2.3165344826418255
0.0530415926535898	156	(-1, 1, -1, -1, 1, 1, 1, -1, -1)	6.539719937195289
0.0530415926535898	200	(-1, 1, 1, -1, -1, 1, -1, -1, -1)	7.944539751217476
0.0530415926535898	201	(-1, 1, 1, -1, -1, 1, -1, -1, 1)	8.429478285869616
0.0530415926535898	204	(-1, 1, 1, -1, -1, 1, 1, -1, -1)	9.730943435795927
0.0530415926535898	205	(-1, 1, 1, -1, -1, 1, 1, -1, 1)	9.730943435795927
0.0530415926535898	218	(-1, 1, 1, -1, 1, 1, -1, 1, -1)	3.5269086108488716
0.0530415926535898	219	(-1, 1, 1, -1, 1, 1, -1, 1, 1)	4.010542261878599
0.0530415926535898	222	(-1, 1, 1, -1, 1, 1, 1, 1, -1)	5.977770511479263
0.0530415926535898	223	(-1, 1, 1, -1, 1, 1, 1, 1, 1)	6.40331950083865
0.0530415926535898	248	(-1, 1, 1, 1, 1, 1, -1, -1, -1)	4.05450835889388
0.0530415926535898	249	(-1, 1, 1, 1, 1, 1, -1, -1, 1)	4.05450835889388
0.0530415926535898	252	(-1, 1, 1, 1, 1, 1, 1, -1, -1)	4.318689231173041
0.0530415926535898	253	(-1, 1, 1, 1, 1, 1, 1, -1, 1)	4.318689231173041
0.0530415926535898	258	(1, -1, -1, -1, -1, -1, -1, 1, -1)	4.318689231173041
0.0530415926535898	259	(1, -1, -1, -1, -1, -1, -1, 1, 1)	4.318689231173041
0.0530415926535898	262	(1, -1, -1, -1, -1, -1, 1, 1, -1)	4.05450835889388
0.0530415926535898	263	(1, -1, -1, -1, -1, -1, 1, 1, 1)	4.05450835889388
0.0530415926535898	288	(1, -1, -1, 1, -1, -1, -1, -1, -1)	6.40331950083865
0.0530415926535898	289	(1, -1, -1, 1, -1, -1, -1, -1, 1)	5.977770511479263
0.0530415926535898	292	(1, -1, -1, 1, -1, -1, 1, -1, -1)	4.010542261878599
0.0530415926535898	293	(1, -1, -1, 1, -1, -1, 1, -1, 1)	3.5269086108488716
0.0530415926535898	306	(1, -1, -1, 1, 1, -1, -1, 1, -1)	9.730943435795927
0.0530415926535898	307	(1, -1, -1, 1, 1, -1, -1, 1, 1)	9.730943435795927
0.0530415926535898	310	(1, -1, -1, 1, 1, -1, 1, 1, -1)	8.429478285869616
0.0530415926535898	311	(1, -1, -1, 1, 1, -1, 1, 1, 1)	7.944539751217476
0.0530415926535898	355	(1, -1, 1, 1, -1, -1, -1, 1, 1)	6.539719937195289
0.0530415926535898	359	(1, -1, 1, 1, -1, -1, 1, 1, 1)	2.3165344826418255
0.0530415926535898	360	(1, -1, 1, 1, -1, 1, -1, -1, -1)	1.8644219176966208
0.0530415926535898	361	(1, -1, 1, 1, -1, 1, -1, -1, 1)	1.4123875401700323
0.0530415926535898	364	(1, -1, 1, 1, -1, 1, 1, -1, -1)	5.034030490051615
0.0530415926535898	365	(1, -1, 1, 1, -1, 1, 1, -1, 1)	3.5269086108562018
0.0530415926535898	378	(1, -1, 1, 1, 1, 1, -1, 1, -1)	4.676981262231607
0.0530415926535898	379	(1, -1, 1, 1, 1, 1, -1, 1, 1)	4.3426620060792915
0.0530415926535898	382	(1, -1, 1, 1, 1, 1, 1, 1, -1)	8.39656492556315
0.0530415926535898	383	(1, -1, 1, 1, 1, 1, 1, 1, 1)	7.93334434650214
0.0530415926535898	386	(1, 1, -1, -1, -1, -1, -1, 1, -1)	4.054508358909735
0.0530415926535898	387	(1, 1, -1, -1, -1, -1, -1, 1, 1)	4.054508358909735
0.0530415926535898	390	(1, 1, -1, -1, -1, -1, 1, 1, -1)	1.022108440842888
0.0530415926535898	391	(1, 1, -1, -1, -1, -1, 1, 1, 1)	1.022108440842888
0.0530415926535898	416	(1, 1, -1, 1, -1, -1, -1, -1, -1)	3.5221042418764053
0.0530415926535898	417	(1, 1, -1, 1, -1, -1, -1, -1, 1)	4.021711641648829
0.0530415926535898	420	(1, 1, -1, 1, -1, -1, 1, -1, -1)	1.4123875401904082
0.0530415926535898	421	(1, 1, -1, 1, -1, -1, 1, -1, 1)	1.1252702758651603
0.0530415926535898	434	(1, 1, -1, 1, 1, -1, -1, 1, -1)	7.94453975122477
0.0530415926535898	435	(1, 1, -1, 1, 1, -1, -1, 1, 1)	7.94453975122477
0.0530415926535898	438	(1, 1, -1, 1, 1, -1, 1, 1, -1)	4.343104590901219
0.0530415926535898	439	(1, 1, -1, 1, 1, -1, 1, 1, 1)	4.088578948021827
0.0530415926535898	440	(1, 1, -1, 1, 1, 1, -1, -1, -1)	3.83490048383347
0.0530415926535898	488	(1, 1, 1, 1, -1, 1, -1, -1, -1)	3.5221042418801947
0.0530415926535898	489	(1, 1, 1, 1, -1, 1, -1, -1, 1)	3.556397659642974
0.0530415926535898	492	(1, 1, 1, 1, -1, 1, 1, -1, -1)	5.977770511481204
0.0530415926535898	493	(1, 1, 1, 1, -1, 1, 1, -1, 1)	5.58245575768626
0.0530415926535898	506	(1, 1, 1, 1, 1, 1, -1, 1, -1)	7.933344346504986
0.0530415926535898	507	(1, 1, 1, 1, 1, 1, -1, 1, 1)	8.038290967875733
0.0530415926535898	510	(1, 1, 1, 1, 1, 1, 1, 1, -1)	9.691001904460343
0.0530415926535898	511	(1, 1, 1, 1, 1, 1, 1, 1, 1)	9.691001904460343
0.056083185307179595	4	(-1, -1, -1, -1, -1, -1, 1, -1, -1)	8.98490152012536
0.056083185307179595	5	(-1, -1, -1, -1, -1, -1, 1, -1, 1)	8.867575324932798
0.056083185307179595	18	(-1, -1, -1, -1, 1, -1, -1, 1, -1)	6.240436250987018
0.056083185307179595	19	(-1, -1, -1, -1, 1, -1, -1, 1, 1)	6.682300464384998
0.056083185307179595	22	(-1, -1, -1, -1, 1, -1, 1, 1, -1)	3.9752649794812966
0.056083185307179595	23	(-1, -1, -1, -1, 1, -1, 1, 1, 1)	3.9369683174827674
0.056083185307179595	71	(-1, -1, 1, -1, -1, -1, 1, 1, 1)	4.287127950259332
0.056083185307179595	72	(-1, -1, 1, -1, -1, 1, -1, -1, -1)	4.570522389883614
0.056083185307179595	73	(-1, -1, 1, -1, -1, 1, -1, -1, 1)	4.854975599928235
0.056083185307179595	76	(-1, -1, 1, -1, -1, 1, 1, -1, -1)	8.88156452120196
0.056083185307179595	77	(-1, -1, 1, -1, -1, 1, 1, -1, 1)	8.88156452120196
0.056083185307179595	90	(-1, -1, 1, -1, 1, 1, -1, 1, -1)	1.2579726671364528
0.056083185307179595	91	(-1, -1, 1, -1, 1, 1, -1, 1, 1)	1.5790110888957076
0.056083185307179595	94	(-1, -1, 1, -1, 1, 1, 1, 1, -1)	4.4954842052226445
0.056083185307179595	95	(-1, -1, 1, -1, 1, 1, 1, 1, 1)	3.936968317483491
0.056083185307179595	120	(-1, -1, 1, 1, 1, 1, -1, -1, -1)	1.142155822230302
0.056083185307179595	121	(-1, -1, 1, 1, 1, 1, -1, -1, 1)	1.142155822230302
0.056083185307179595	124	(-1, -1, 1, 1, 1, 1, 1, -1, -1)	4.532981527796379
0.056083185307179595	125	(-1, -1, 1, 1, 1, 1, 1, -1, 1)	4.532981527796379
0.056083185307179595	128	(-1, 1, -1, -1, -1, -1, -1, -1, -1)	8.867575324936167
0.056083185307179595	129	(-1, 1, -1, -1, -1, -1, -1, -1, 1)	9.385339967791696
0.056083185307179595	132	(-1, 1, -1, -1, -1, -1, 1, -1, -1)	4.854422940846115
0.056083185307179595	133	(-1, 1, -1, -1, -1, -1, 1, -1, 1)	5.228136810696395
0.056083185307179595	146	(-1, 1, -1, -1, 1, -1, -1, 1, -1)	3.9429723732987636
0.056083185307179595	147	(-1, 1, -1, -1, 1, -1, -1, 1, 1)	5.6275281328252245
0.056083185307179595	150	(-1, 1, -1, -1, 1, -1, 1, 1, -1)	1.5790110888939712
0.056083185307179595	151	(-1, 1, -1, -1, 1, -1, 1, 1, 1)	2.084245695998208
0.056083185307179595	152	(-1, 1, -1, -1, 1, 1, -1, -1, -1)	2.5895780282041394
0.056083185307179595	156	(-1, 1, -1, -1, 1, 1, 1, -1, -1)	7.310293920804861
0.056083185307179595	200	(-1, 1, 1, -1, -1, 1, -1, -1, -1)	8.881564521208611
0.056083185307179595	201	(-1, 1, 1, -1, -1, 1, -1, -1, 1)	9.423516642994187
0.056083185307179595	218	(-1, 1, 1, -1, 1, 1, -1, 1, -1)	3.9429723732968336
0.056083185307179595	219	(-1, 1, 1, -1, 1, 1, -1, 1, 1)	4.483751202167031
0.056083185307179595	222	(-1, 1, 1, -1, 1, 1, 1, 1, -1)	6.682300464378452
0.056083185307179595	223	(-1, 1, 1, -1, 1, 1, 1, 1, 1)	7.157909703104924
0.056083185307179595	248	(-1, 1, 1, 1, 1, 1, -1, -1, -1)	4.532981527793651
0.056083185307179595	249	(-1, 1, 1, 1, 1, 1, -1, -1, 1)	4.532981527793651
0.056083185307179595	252	(-1, 1, 1, 1, 1, 1, 1, -1, -1)	4.824466112044596
0.056083185307179595	253	(-1, 1, 1, 1, 1, 1, 1, -1, 1)	4.824466112044596
0.056083185307179595	258	(1, -1, -1, -1, -1, -1, -1, 1, -1)	4.824466112044596
0.056083185307179595	259	(1, -1, -1, -1, -1, -1, -1, 1, 1)	4.824466112044596
0.056083185307179595	262	(1, -1, -1, -1, -1, -1, 1, 1, -1)	4.532981527793651
0.056083185307179595	263	(1, -1, -1, -1, -1, -1, 1, 1, 1)	4.532981527793651
0.056083185307179595	288	(1, -1, -1, 1, -1, -1, -1, -1, -1)	7.157909703104924
0.056083185307179595	289	(1, -1, -1, 1, -1, -1, -1, -1, 1)	6.682300464378452
0.056083185307179595	292	(1, -1, -1, 1, -1, -1, 1, -1, -1)	4.483751202167031
0.056083185307179595	293	(1, -1, -1, 1, -1, -1, 1, -1, 1)	3.9429723732968336
0.056083185307179595	310	(1, -1, -1, 1, 1, -1, 1, 1, -1)	9.423516642994187
0.056083185307179595	311	(1, -1, -1, 1, 1, -1, 1, 1, 1)	8.881564521208611
0.056083185307179595	355	(1, -1, 1, 1, -1, -1, -1, 1, 1)	7.310293920804861
0.056083185307179595	359	(1, -1, 1, 1, -1, -1, 1, 1, 1)	2.5895780282041394
0.056083185307179595	360	(1, -1, 1, 1, -1, 1, -1, -1, -1)	2.084245695998208
0.056083185307179595	361	(1, -1, 1, 1, -1, 1, -1, -1, 1)	1.5790110888939712
0.056083185307179595	364	(1, -1, 1, 1, -1, 1, 1, -1, -1)	5.6275281328252245
0.056083185307179595	365	(1, -1, 1, 1, -1, 1, 1, -1, 1)	3.9429723732987636
0.056083185307179595	378	(1, -1, 1, 1, 1, 1, -1, 1, -1)	5.228136810696395
0.056083185307179595	379	(1, -1, 1, 1, 1, 1, -1, 1, 1)	4.854422940846115
0.056083185307179595	382	(1, -1, 1, 1, 1, 1, 1, 1, -1)	9.385339967791696
0.056083185307179595	383	(1, -1, 1, 1, 1, 1, 1, 1, 1)	8.867575324936167
0.056083185307179595	386	(1, 1, -1, -1, -1, -1, -1, 1, -1)	4.532981527796379
0.056083185307179595	387	(1, 1, -1, -1, -1, -1, -1, 1, 1)	4.532981527796379
0.056083185307179595	387	(1, 1, -1, -1, -1, -1, -1, 1, 1)	4.532981527796379
0.056083185307179595	390	(1, 1, -1, -1, -1, -1, 1, 1, -1)	1.142155822230302
0.056083185307179595	391	(1, 1, -1, -1, -1, -1, 1, 1, 1)	1.142155822230302
0.056083185307179595	416	(1, 1, -1, 1, -1, -1, -1, -1, -1)	3.936968317483491
0.056083185307179595	417	(1, 1, -1, 1, -1, -1, -1, -1, 1)	4.4954842052226445
0.056083185307179595	420	(1, 1, -1, 1, -1, -1, 1, -1, -1)	1.5790110888957076
0.056083185307179595	421	(1, 1, -1, 1, -1, -1, 1, -1, 1)	1.2579726671364528
0.056083185307179595	434	(1, 1, -1, 1, 1, -1, -1, 1, -1)	8.88156452120196
0.056083185307179595	435	(1, 1, -1, 1, 1, -1, -1, 1, 1)	8.88156452120196
0.056083185307179595	438	(1, 1, -1, 1, 1, -1, 1, 1, -1)	4.854975599928235
0.056083185307179595	439	(1, 1, -1, 1, 1, -1, 1, 1, 1)	4.570522389883614
0.056083185307179595	440	(1, 1, -1, 1, 1, 1, -1, -1, -1)	4.287127950259332
0.056083185307179595	488	(1, 1, 1, 1, -1, 1, -1, -1, -1)	3.9369683174827674
0.056083185307179595	489	(1, 1, 1, 1, -1, 1, -1, -1, 1)	3.9752649794812966
0.056083185307179595	492	(1, 1, 1, 1, -1, 1, 1, -1, -1)	6.682300464384998
0.056083185307179595	493	(1, 1, 1, 1, -1, 1, 1, -1, 1)	6.240436250987018
0.056083185307179595	506	(1, 1, 1, 1, 1, 1, -1, 1, -1)	8.867575324932798
0.056083185307179595	507	(1, 1, 1, 1, 1, 1, -1, 1, 1)	8.98490152012536
0.05912477796076939	4	(-1, -1, -1, -1, -1, -1, 1, -1, -1)	9.853494398201383
0.05912477796076939	5	(-1, -1, -1, -1, -1, -1, 1, -1, 1)	9.853494398201383
0.05912477796076939	18	(-1, -1, -1, -1, 1, -1, -1, 1, -1)	6.9349558822632575
0.05912477796076939	19	(-1, -1, -1, -1, 1, -1, -1, 1, 1)	7.425944337730466
0.05912477796076939	22	(-1, -1, -1, -1, 1, -1, 1, 1, -1)	4.417321988348526
0.05912477796076939	23	(-1, -1, -1, -1, 1, -1, 1, 1, 1)	4.374808658528109
0.05912477796076939	71	(-1, -1, 1, -1, -1, -1, 1, 1, 1)	4.7645198794429975
0.05912477796076939	72	(-1, -1, 1, -1, -1, 1, -1, -1, -1)	5.079238361093565
0.05912477796076939	73	(-1, -1, 1, -1, -1, 1, -1, -1, 1)	5.395264546566462
0.05912477796076939	76	(-1, -1, 1, -1, -1, 1, 1, -1, -1)	9.870769573174517
0.05912477796076939	77	(-1, -1, 1, -1, -1, 1, 1, -1, 1)	9.870769573174517
0.05912477796076939	90	(-1, -1, 1, -1, 1, 1, -1, 1, -1)	1.398060737533303
0.05912477796076939	91	(-1, -1, 1, -1, 1, 1, -1, 1, 1)	1.7549223046830411
0.05912477796076939	94	(-1, -1, 1, -1, 1, 1, 1, 1, -1)	4.995509365599065
0.05912477796076939	95	(-1, -1, 1, -1, 1, 1, 1, 1, 1)	4.374808658521745
0.05912477796076939	120	(-1, -1, 1, 1, 1, 1, -1, -1, -1)	1.2687725813878656
0.05912477796076939	121	(-1, -1, 1, 1, 1, 1, -1, -1, 1)	1.2687725813878656
0.05912477796076939	124	(-1, -1, 1, 1, 1, 1, 1, -1, -1)	5.0381589391899935
0.05912477796076939	125	(-1, -1, 1, 1, 1, 1, 1, -1, 1)	5.0381589391899935
0.05912477796076939	128	(-1, 1, -1, -1, -1, -1, -1, -1, -1)	9.853494398200501
0.05912477796076939	129	(-1, 1, -1, -1, -1, -1, -1, -1, 1)	9.853494398200501
0.05912477796076939	132	(-1, 1, -1, -1, -1, -1, 1, -1, -1)	5.394582556169819
0.05912477796076939	133	(-1, 1, -1, -1, -1, -1, 1, -1, 1)	5.809876376827426
0.05912477796076939	146	(-1, 1, -1, -1, 1, -1, -1, 1, -1)	4.3822240297103034
0.05912477796076939	147	(-1, 1, -1, -1, 1, -1, -1, 1, 1)	6.254020215975648
0.05912477796076939	150	(-1, 1, -1, -1, 1, -1, 1, 1, -1)	1.7549223046729538
0.05912477796076939	151	(-1, 1, -1, -1, 1, -1, 1, 1, 1)	2.316293351863783
0.05912477796076939	152	(-1, 1, -1, -1, 1, 1, -1, -1, -1)	2.87778511329838
0.05912477796076939	156	(-1, 1, -1, -1, 1, 1, 1, -1, -1)	8.123605874337182
0.05912477796076939	200	(-1, 1, 1, -1, -1, 1, -1, -1, -1)	9.8707695731753
0.05912477796076939	201	(-1, 1, 1, -1, -1, 1, -1, -1, 1)	9.8707695731753
0.05912477796076939	218	(-1, 1, 1, -1, 1, 1, -1, 1, -1)	4.382224029712445
0.05912477796076939	219	(-1, 1, 1, -1, 1, 1, -1, 1, 1)	4.983353722863697
0.05912477796076939	222	(-1, 1, 1, -1, 1, 1, 1, 1, -1)	7.42594433774199
0.05912477796076939	223	(-1, 1, 1, -1, 1, 1, 1, 1, 1)	7.954371519704619
0.05912477796076939	248	(-1, 1, 1, 1, 1, 1, -1, -1, -1)	5.038158939195324
0.05912477796076939	249	(-1, 1, 1, 1, 1, 1, -1, -1, 1)	5.038158939195324
0.05912477796076939	252	(-1, 1, 1, 1, 1, 1, 1, -1, -1)	5.357586838222062
0.05912477796076939	253	(-1, 1, 1, 1, 1, 1, 1, -1, 1)	5.357586838222062
0.05912477796076939	258	(1, -1, -1, -1, -1, -1, -1, 1, -1)	5.357586838222062
0.05912477796076939	259	(1, -1, -1, -1, -1, -1, -1, 1, 1)	5.357586838222062
0.05912477796076939	262	(1, -1, -1, -1, -1, -1, 1, 1, -1)	5.038158939195324
0.05912477796076939	263	(1, -1, -1, -1, -1, -1, 1, 1, 1)	5.038158939195324
0.05912477796076939	288	(1, -1, -1, 1, -1, -1, -1, -1, -1)	7.954371519704619
0.05912477796076939	289	(1, -1, -1, 1, -1, -1, -1, -1, 1)	7.42594433774199
0.05912477796076939	292	(1, -1, -1, 1, -1, -1, 1, -1, -1)	4.983353722863697
0.05912477796076939	293	(1, -1, -1, 1, -1, -1, 1, -1, 1)	4.382224029712445
0.05912477796076939	310	(1, -1, -1, 1, 1, -1, 1, 1, -1)	9.8707695731753
0.05912477796076939	311	(1, -1, -1, 1, 1, -1, 1, 1, 1)	9.8707695731753
0.05912477796076939	355	(1, -1, 1, 1, -1, -1, -1, 1, 1)	8.123605874337182
0.05912477796076939	359	(1, -1, 1, 1, -1, -1, 1, 1, 1)	2.87778511329838
0.05912477796076939	360	(1, -1, 1, 1, -1, 1, -1, -1, -1)	2.316293351863783
0.05912477796076939	361	(1, -1, 1, 1, -1, 1, -1, -1, 1)	1.7549223046729538
0.05912477796076939	364	(1, -1, 1, 1, -1, 1, 1, -1, -1)	6.254020215975648
0.05912477796076939	365	(1, -1, 1, 1, -1, 1, 1, -1, 1)	4.3822240297103034
0.05912477796076939	378	(1, -1, 1, 1, 1, 1, -1, 1, -1)	5.809876376827426
0.05912477796076939	379	(1, -1, 1, 1, 1, 1, -1, 1, 1)	5.394582556169819
0.05912477796076939	382	(1, -1, 1, 1, 1, 1, 1, 1, -1)	9.853494398200501
0.05912477796076939	383	(1, -1, 1, 1, 1, 1, 1, 1, 1)	9.853494398200501
0.05912477796076939	386	(1, 1, -1, -1, -1, -1, -1, 1, -1)	5.0381589391899935
0.05912477796076939	387	(1, 1, -1, -1, -1, -1, -1, 1, 1)	5.0381589391899935
0.05912477796076939	390	(1, 1, -1, -1, -1, -1, 1, 1, -1)	1.2687725813878656
0.05912477796076939	391	(1, 1, -1, -1, -1, -1, 1, 1, 1)	1.2687725813878656
0.05912477796076939	416	(1, 1, -1, 1, -1, -1, -1, -1, -1)	4.374808658521745
0.05912477796076939	417	(1, 1, -1, 1, -1, -1, -1, -1, 1)	4.995509365599065
0.05912477796076939	420	(1, 1, -1, 1, -1, -1, 1, -1, -1)	1.7549223046830411
0.05912477796076939	421	(1, 1, -1, 1, -1, -1, 1, -1, 1)	1.398060737533303
0.05912477796076939	434	(1, 1, -1, 1, 1, -1, -1, 1, -1)	9.870769573174517
0.05912477796076939	435	(1, 1, -1, 1, 1, -1, -1, 1, 1)	9.870769573174517
0.05912477796076939	438	(1, 1, -1, 1, 1, -1, 1, 1, -1)	5.395264546566462
0.05912477796076939	439	(1, 1, -1, 1, 1, -1, 1, 1, 1)	5.079238361093565
0.05912477796076939	440	(1, 1, -1, 1, 1, 1, -1, -1, -1)	4.7645198794429975
0.05912477796076939	488	(1, 1, 1, 1, -1, 1, -1, -1, -1)	4.374808658528109
0.05912477796076939	489	(1, 1, 1, 1, -1, 1, -1, -1, 1)	4.417321988348526
0.05912477796076939	492	(1, 1, 1, 1, -1, 1, 1, -1, -1)	7.425944337730466
0.05912477796076939	493	(1, 1, 1, 1, -1, 1, 1, -1, 1)	6.9349558822632575
0.05912477796076939	506	(1, 1, 1, 1, 1, 1, -1, 1, -1)	9.853494398201383
0.05912477796076939	507	(1, 1, 1, 1, 1, 1, -1, 1, 1)	9.853494398201383
0.06216637061435919	18	(-1, -1, -1, -1, 1, -1, -1, 1, -1)	7.6659918424087525
0.06216637061435919	19	(-1, -1, -1, -1, 1, -1, -1, 1, 1)	8.208676052014354
0.06216637061435919	22	(-1, -1, -1, -1, 1, -1, 1, 1, -1)	4.88254267730507
0.06216637061435919	23	(-1, -1, -1, -1, 1, -1, 1, 1, 1)	4.835600839341115
0.06216637061435919	71	(-1, -1, 1, -1, -1, -1, 1, 1, 1)	5.267068906485143
0.06216637061435919	72	(-1, -1, 1, -1, -1, 1, -1, -1, -1)	5.614711632235713
0.06216637061435919	73	(-1, -1, 1, -1, -1, 1, -1, -1, 1)	5.9639524854596955
0.06216637061435919	90	(-1, -1, 1, -1, 1, 1, -1, 1, -1)	1.5455325638386084
0.06216637061435919	91	(-1, -1, 1, -1, 1, 1, -1, 1, 1)	1.940121048623293
0.06216637061435919	94	(-1, -1, 1, -1, 1, 1, 1, 1, -1)	5.521761468992876
0.06216637061435919	95	(-1, -1, 1, -1, 1, 1, 1, 1, 1)	4.835600839345522
0.06216637061435919	120	(-1, -1, 1, 1, 1, 1, -1, -1, -1)	1.4019387967659924
0.06216637061435919	121	(-1, -1, 1, 1, 1, 1, -1, -1, 1)	1.4019387967659924
0.06216637061435919	124	(-1, -1, 1, 1, 1, 1, 1, -1, -1)	5.570045521200138
0.06216637061435919	125	(-1, -1, 1, 1, 1, 1, 1, -1, 1)	5.570045521200138
0.06216637061435919	132	(-1, 1, -1, -1, -1, -1, 1, -1, -1)	5.96311981539927
0.06216637061435919	133	(-1, 1, -1, -1, -1, -1, 1, -1, 1)	6.422177178690062
0.06216637061435919	146	(-1, 1, -1, -1, 1, -1, -1, 1, -1)	4.84466263978024
0.06216637061435919	147	(-1, 1, -1, -1, 1, -1, -1, 1, 1)	6.913492060247439
0.06216637061435919	150	(-1, 1, -1, -1, 1, -1, 1, 1, -1)	1.9401210486233407
0.06216637061435919	151	(-1, 1, -1, -1, 1, -1, 1, 1, 1)	2.56055996351036
0.06216637061435919	152	(-1, 1, -1, -1, 1, 1, -1, -1, -1)	3.181146417687262
0.06216637061435919	156	(-1, 1, -1, -1, 1, 1, 1, -1, -1)	8.97962040182404
0.06216637061435919	218	(-1, 1, 1, -1, 1, 1, -1, 1, -1)	4.844662639783068
0.06216637061435919	219	(-1, 1, 1, -1, 1, 1, -1, 1, 1)	5.509352118878504
0.06216637061435919	222	(-1, 1, 1, -1, 1, 1, 1, 1, -1)	8.208676052021131
0.06216637061435919	223	(-1, 1, 1, -1, 1, 1, 1, 1, 1)	8.792673535526497
0.06216637061435919	248	(-1, 1, 1, 1, 1, 1, -1, -1, -1)	5.570045521209048
0.06216637061435919	249	(-1, 1, 1, 1, 1, 1, -1, -1, 1)	5.570045521209048
0.06216637061435919	252	(-1, 1, 1, 1, 1, 1, 1, -1, -1)	5.917913533159371
0.06216637061435919	253	(-1, 1, 1, 1, 1, 1, 1, -1, 1)	5.917913533159371
0.06216637061435919	258	(1, -1, -1, -1, -1, -1, -1, 1, -1)	5.917913533159371
0.06216637061435919	259	(1, -1, -1, -1, -1, -1, -1, 1, 1)	5.917913533159371
0.06216637061435919	262	(1, -1, -1, -1, -1, -1, 1, 1, -1)	5.570045521209048
0.06216637061435919	263	(1, -1, -1, -1, -1, -1, 1, 1, 1)	5.570045521209048
0.06216637061435919	288	(1, -1, -1, 1, -1, -1, -1, -1, -1)	8.792673535526497
0.06216637061435919	289	(1, -1, -1, 1, -1, -1, -1, -1, 1)	8.208676052021131
0.06216637061435919	292	(1, -1, -1, 1, -1, -1, 1, -1, -1)	5.509352118878504
0.06216637061435919	293	(1, -1, -1, 1, -1, -1, 1, -1, 1)	4.844662639783068
0.06216637061435919	355	(1, -1, 1, 1, -1, -1, -1, 1, 1)	8.97962040182404
0.06216637061435919	359	(1, -1, 1, 1, -1, -1, 1, 1, 1)	3.181146417687262
0.06216637061435919	360	(1, -1, 1, 1, -1, 1, -1, -1, -1)	2.56055996351036
0.06216637061435919	361	(1, -1, 1, 1, -1, 1, -1, -1, 1)	1.9401210486233407
0.06216637061435919	364	(1, -1, 1, 1, -1, 1, 1, -1, -1)	6.913492060247439
0.06216637061435919	365	(1, -1, 1, 1, -1, 1, 1, -1, 1)	4.84466263978024
0.06216637061435919	378	(1, -1, 1, 1, 1, 1, -1, 1, -1)	6.422177178690062
0.06216637061435919	379	(1, -1, 1, 1, 1, 1, -1, 1, 1)	5.96311981539927
0.06216637061435919	386	(1, 1, -1, -1, -1, -1, -1, 1, -1)	5.570045521200138
0.06216637061435919	387	(1, 1, -1, -1, -1, -1, -1, 1, 1)	5.570045521200138
0.06216637061435919	390	(1, 1, -1, -1, -1, -1, 1, 1, -1)	1.4019387967659924
0.06216637061435919	391	(1, 1, -1, -1, -1, -1, 1, 1, 1)	1.4019387967659924
0.06216637061435919	416	(1, 1, -1, 1, -1, -1, -1, -1, -1)	4.835600839345522
0.06216637061435919	417	(1, 1, -1, 1, -1, -1, -1, -1, 1)	5.521761468992876
0.06216637061435919	420	(1, 1, -1, 1, -1, -1, 1, -1, -1)	1.940121048623293
0.06216637061435919	421	(1, 1, -1, 1, -1, -1, 1, -1, 1)	1.5455325638386084
0.06216637061435919	438	(1, 1, -1, 1, 1, -1, 1, 1, -1)	5.9639524854596955
0.06216637061435919	439	(1, 1, -1, 1, 1, -1, 1, 1, 1)	5.614711632235713
0.06216637061435919	440	(1, 1, -1, 1, 1, 1, -1, -1, -1)	5.267068906485143
0.06216637061435919	488	(1, 1, 1, 1, -1, 1, -1, -1, -1)	4.835600839341115
0.06216637061435919	489	(1, 1, 1, 1, -1, 1, -1, -1, 1)	4.88254267730507
0.06216637061435919	492	(1, 1, 1, 1, -1, 1, 1, -1, -1)	8.208676052014354
0.06216637061435919	493	(1, 1, 1, 1, -1, 1, 1, -1, 1)	7.6659918424087525
0.06520796326794898	18	(-1, -1, -1, -1, 1, -1, -1, 1, -1)	8.433520115468157
0.06520796326794898	19	(-1, -1, -1, -1, 1, -1, -1, 1, 1)	9.030468149427255
0.06520796326794898	22	(-1, -1, -1, -1, 1, -1, 1, 1, -1)	5.3708996772430355
0.06520796326794898	23	(-1, -1, -1, -1, 1, -1, 1, 1, 1)	5.319319157450313
0.06520796326794898	71	(-1, -1, 1, -1, -1, -1, 1, 1, 1)	5.794767268732895
0.06520796326794898	72	(-1, -1, 1, -1, -1, 1, -1, -1, -1)	6.17692616598355
0.06520796326794898	73	(-1, -1, 1, -1, -1, 1, -1, -1, 1)	6.561019470184396
0.06520796326794898	90	(-1, -1, 1, -1, 1, 1, -1, 1, -1)	1.700386122388256
0.06520796326794898	91	(-1, -1, 1, -1, 1, 1, -1, 1, 1)	2.1346071722168616
0.06520796326794898	94	(-1, -1, 1, -1, 1, 1, 1, 1, -1)	6.074213519358387
0.06520796326794898	95	(-1, -1, 1, -1, 1, 1, 1, 1, 1)	5.319319157449793
0.06520796326794898	120	(-1, -1, 1, 1, 1, 1, -1, -1, -1)	1.5416335056162895
0.06520796326794898	121	(-1, -1, 1, 1, 1, 1, -1, -1, 1)	1.5416335056162895
0.06520796326794898	124	(-1, -1, 1, 1, 1, 1, 1, -1, -1)	6.128646404112068
0.06520796326794898	125	(-1, -1, 1, 1, 1, 1, 1, -1, 1)	6.128646404112068
0.06520796326794898	132	(-1, 1, -1, -1, -1, -1, 1, -1, -1)	6.560012581896527
0.06520796326794898	133	(-1, 1, -1, -1, -1, -1, 1, -1, 1)	7.065015242095003
0.06520796326794898	146	(-1, 1, -1, -1, 1, -1, -1, 1, -1)	5.330287209034912
0.06520796326794898	147	(-1, 1, -1, -1, 1, -1, -1, 1, 1)	7.605928211172543
0.06520796326794898	150	(-1, 1, -1, -1, 1, -1, 1, 1, -1)	2.134607172215771
0.06520796326794898	151	(-1, 1, -1, -1, 1, -1, 1, 1, 1)	2.817040349173579
0.06520796326794898	152	(-1, 1, -1, -1, 1, 1, -1, -1, -1)	3.4996521311190056
0.06520796326794898	156	(-1, 1, -1, -1, 1, 1, 1, -1, -1)	9.878300251120342
0.06520796326794898	218	(-1, 1, 1, -1, 1, 1, -1, 1, -1)	5.330287209026277
0.06520796326794898	219	(-1, 1, 1, -1, 1, 1, -1, 1, 1)	6.061748791874609
0.06520796326794898	222	(-1, 1, 1, -1, 1, 1, 1, 1, -1)	9.030468149417405
0.06520796326794898	223	(-1, 1, 1, -1, 1, 1, 1, 1, 1)	9.030468149417405
0.06520796326794898	248	(-1, 1, 1, 1, 1, 1, -1, -1, -1)	6.1286464041064415
0.06520796326794898	249	(-1, 1, 1, 1, 1, 1, -1, -1, 1)	6.1286464041064415
0.06520796326794898	252	(-1, 1, 1, 1, 1, 1, 1, -1, -1)	6.505301184899824
0.06520796326794898	253	(-1, 1, 1, 1, 1, 1, 1, -1, 1)	6.505301184899824
0.06520796326794898	258	(1, -1, -1, -1, -1, -1, -1, 1, -1)	6.505301184899824
0.06520796326794898	259	(1, -1, -1, -1, -1, -1, -1, 1, 1)	6.505301184899824
0.06520796326794898	262	(1, -1, -1, -1, -1, -1, 1, 1, -1)	6.1286464041064415
0.06520796326794898	263	(1, -1, -1, -1, -1, -1, 1, 1, 1)	6.1286464041064415
0.06520796326794898	288	(1, -1, -1, 1, -1, -1, -1, -1, -1)	9.030468149417405
0.06520796326794898	289	(1, -1, -1, 1, -1, -1, -1, -1, 1)	9.030468149417405
0.06520796326794898	292	(1, -1, -1, 1, -1, -1, 1, -1, -1)	6.061748791874609
0.06520796326794898	293	(1, -1, -1, 1, -1, -1, 1, -1, 1)	5.330287209026277
0.06520796326794898	355	(1, -1, 1, 1, -1, -1, -1, 1, 1)	9.878300251120342
0.06520796326794898	359	(1, -1, 1, 1, -1, -1, 1, 1, 1)	3.4996521311190056
0.06520796326794898	360	(1, -1, 1, 1, -1, 1, -1, -1, -1)	2.817040349173579
0.06520796326794898	361	(1, -1, 1, 1, -1, 1, -1, -1, 1)	2.134607172215771
0.06520796326794898	364	(1, -1, 1, 1, -1, 1, 1, -1, -1)	7.605928211172543
0.06520796326794898	365	(1, -1, 1, 1, -1, 1, 1, -1, 1)	5.330287209034912
0.06520796326794898	378	(1, -1, 1, 1, 1, 1, -1, 1, -1)	7.065015242095003
0.06520796326794898	379	(1, -1, 1, 1, 1, 1, -1, 1, 1)	6.560012581896527
0.06520796326794898	386	(1, 1, -1, -1, -1, -1, -1, 1, -1)	6.128646404112068
0.06520796326794898	387	(1, 1, -1, -1, -1, -1, -1, 1, 1)	6.128646404112068
0.06520796326794898	390	(1, 1, -1, -1, -1, -1, 1, 1, -1)	1.5416335056162895
0.06520796326794898	391	(1, 1, -1, -1, -1, -1, 1, 1, 1)	1.5416335056162895
