0.0	26	(-1, -1, -1, -1, 1, 1, -1, 1, -1)	4.391250374145027e-12	{'A__K': 2.9558577807620168e-12, 'K__A': 2.9558577807620168e-12, 'first__last': 5.826642967528037e-12, 'last__first': 5.826642967528037e-12}
0.0	27	(-1, -1, -1, -1, 1, 1, -1, 1, 1)	4.391250374145027e-12	{'A__K': 2.9558577807620168e-12, 'K__A': 2.9558577807620168e-12, 'first__last': 5.826642967528037e-12, 'last__first': 5.826642967528037e-12}
0.0	28	(-1, -1, -1, -1, 1, 1, 1, -1, -1)	4.391250374145027e-12	{'A__K': 2.9558577807620168e-12, 'K__A': 2.9558577807620168e-12, 'first__last': 5.826642967528037e-12, 'last__first': 5.826642967528037e-12}
0.0	29	(-1, -1, -1, -1, 1, 1, 1, -1, 1)	4.391250374145027e-12	{'A__K': 2.9558577807620168e-12, 'K__A': 2.9558577807620168e-12, 'first__last': 5.826642967528037e-12, 'last__first': 5.826642967528037e-12}
0.0	30	(-1, -1, -1, -1, 1, 1, 1, 1, -1)	4.391250374145027e-12	{'A__K': 2.9558577807620168e-12, 'K__A': 2.9558577807620168e-12, 'first__last': 5.826642967528037e-12, 'last__first': 5.826642967528037e-12}
0.0	31	(-1, -1, -1, -1, 1, 1, 1, 1, 1)	4.391250374145027e-12	{'A__K': 2.9558577807620168e-12, 'K__A': 2.9558577807620168e-12, 'first__last': 5.826642967528037e-12, 'last__first': 5.826642967528037e-12}
0.0	32	(-1, -1, -1, 1, -1, -1, -1, -1, -1)	4.391250374145027e-12	{'A__K': 2.9558577807620168e-12, 'K__A': 2.9558577807620168e-12, 'first__last': 5.826642967528037e-12, 'last__first': 5.826642967528037e-12}
0.0	33	(-1, -1, -1, 1, -1, -1, -1, -1, 1)	4.391250374145027e-12	{'A__K': 2.9558577807620168e-12, 'K__A': 2.9558577807620168e-12, 'first__last': 5.826642967528037e-12, 'last__first': 5.826642967528037e-12}
0.0	34	(-1, -1, -1, 1, -1, -1, -1, 1, -1)	4.391250374145027e-12	{'A__K': 2.9558577807620168e-12, 'K__A': 2.9558577807620168e-12, 'first__last': 5.826642967528037e-12, 'last__first': 5.826642967528037e-12}
0.0	35	(-1, -1, -1, 1, -1, -1, -1, 1, 1)	4.391250374145027e-12	{'A__K': 2.9558577807620168e-12, 'K__A': 2.9558577807620168e-12, 'first__last': 5.826642967528037e-12, 'last__first': 5.826642967528037e-12}
0.0	36	(-1, -1, -1, 1, -1, -1, 1, -1, -1)	4.391250374145027e-12	{'A__K': 2.9558577807620168e-12, 'K__A': 2.9558577807620168e-12, 'first__last': 5.826642967528037e-12, 'last__first': 5.826642967528037e-12}
0.0	37	(-1, -1, -1, 1, -1, -1, 1, -1, 1)	4.391250374145027e-12	{'A__K': 2.9558577807620168e-12, 'K__A': 2.9558577807620168e-12, 'first__last': 5.826642967528037e-12, 'last__first': 5.826642967528037e-12}
0.0	38	(-1, -1, -1, 1, -1, -1, 1, 1, -1)	4.391250374145027e-12	{'A__K': 2.9558577807620168e-12, 'K__A': 2.9558577807620168e-12, 'first__last': 5.826642967528037e-12, 'last__first': 5.826642967528037e-12}
0.0031415926535897933	26	(-1, -1, -1, -1, 1, 1, -1, 1, -1)	8.963459935796532	{'A__K': 9.668792157607937, 'K__A': 9.668792157607937, 'first__last': 8.258127713985127, 'last__first': 8.258127713985127}
0.0031415926535897933	27	(-1, -1, -1, -1, 1, 1, -1, 1, 1)	8.258127713985127	{'first__last': 8.258127713985127, 'last__first': 8.258127713985127}
0.0031415926535897933	28	(-1, -1, -1, -1, 1, 1, 1, -1, -1)	2.718606621898563	{'A__K': 2.282777290856882, 'K__A': 2.282777290856882, 'first__last': 3.154435952940244, 'last__first': 3.154435952940244}
0.0031415926535897933	29	(-1, -1, -1, -1, 1, 1, 1, -1, 1)	3.8597473850214	{'A__K': 4.565058817102557, 'K__A': 4.565058817102557, 'first__last': 3.154435952940244, 'last__first': 3.154435952940244}
0.0031415926535897933	30	(-1, -1, -1, -1, 1, 1, 1, 1, -1)	8.963433673877276	{'A__K': 9.668764820112422, 'K__A': 9.668764820112422, 'first__last': 8.25810252764213, 'last__first': 8.25810252764213}
0.0031415926535897933	31	(-1, -1, -1, -1, 1, 1, 1, 1, 1)	8.25810252764213	{'first__last': 8.25810252764213, 'last__first': 8.25810252764213}
0.0031415926535897933	32	(-1, -1, -1, 1, -1, -1, -1, -1, -1)	4.398483824924725	{'A__K': 3.693167362976499, 'K__A': 3.693167362976499, 'first__last': 5.103800286872951, 'last__first': 5.103800286872951}
0.0031415926535897933	33	(-1, -1, -1, 1, -1, -1, -1, -1, 1)	5.539721048286998	{'A__K': 5.975641809701044, 'K__A': 5.975641809701044, 'first__last': 5.103800286872951, 'last__first': 5.103800286872951}
0.0031415926535897933	36	(-1, -1, -1, 1, -1, -1, 1, -1, -1)	4.398517869633146	{'A__K': 3.693215076199121, 'K__A': 3.693215076199121, 'first__last': 5.103820663067172, 'last__first': 5.103820663067172}
0.0031415926535897933	37	(-1, -1, -1, 1, -1, -1, 1, -1, 1)	5.539734052347569	{'A__K': 5.975647441627967, 'K__A': 5.975647441627967, 'first__last': 5.103820663067172, 'last__first': 5.103820663067172}
0.006283185307179587	28	(-1, -1, -1, -1, 1, 1, 1, -1, -1)	5.438335666919265	{'A__K': 4.5672138397269455, 'K__A': 4.5672138397269455, 'first__last': 6.309457494111585, 'last__first': 6.309457494111585}
0.006283185307179587	29	(-1, -1, -1, -1, 1, 1, 1, -1, 1)	7.719959993286734	{'A__K': 9.130462492461884, 'K__A': 9.130462492461884, 'first__last': 6.309457494111585, 'last__first': 6.309457494111585}
0.006283185307179587	32	(-1, -1, -1, 1, -1, -1, -1, -1, -1)	7.3863569317125455	{'A__K': 7.3863569317125455, 'K__A': 7.3863569317125455}
0.006283185307179587	36	(-1, -1, -1, 1, -1, -1, 1, -1, -1)	7.386738624757148	{'A__K': 7.386738624757148, 'K__A': 7.386738624757148}
0.00942477796076938	28	(-1, -1, -1, -1, 1, 1, 1, -1, -1)	8.16030821360334	{'A__K': 6.854966526655815, 'K__A': 6.854966526655815, 'first__last': 9.465649900550863, 'last__first': 9.465649900550863}
0.00942477796076938	29	(-1, -1, -1, -1, 1, 1, 1, -1, 1)	9.465649900550863	{'first__last': 9.465649900550863, 'last__first': 9.465649900550863}
0.012566370614359173	28	(-1, -1, -1, -1, 1, 1, 1, -1, -1)	9.147687487886564	{'A__K': 9.147687487886564, 'K__A': 9.147687487886564}
1.1026990214100174	26	(-1, -1, -1, -1, 1, 1, -1, 1, -1)	7.60938160082791	{'first__F_G': 7.60938160082791, 'F_G__first': 7.60938160082791}
1.1026990214100174	27	(-1, -1, -1, -1, 1, 1, -1, 1, 1)	7.60938160082791	{'first__F_G': 7.60938160082791, 'F_G__first': 7.60938160082791}
1.1026990214100174	28	(-1, -1, -1, -1, 1, 1, 1, -1, -1)	7.60938160082791	{'first__F_G': 7.60938160082791, 'F_G__first': 7.60938160082791}
1.1026990214100174	29	(-1, -1, -1, -1, 1, 1, 1, -1, 1)	7.60938160082791	{'first__F_G': 7.60938160082791, 'F_G__first': 7.60938160082791}
1.1026990214100174	30	(-1, -1, -1, -1, 1, 1, 1, 1, -1)	7.609381600809915	{'first__F_G': 7.60938160082791, 'D_E__last': 7.609381600791919, 'F_G__first': 7.60938160082791, 'last__D_E': 7.609381600791919}
1.1026990214100174	31	(-1, -1, -1, -1, 1, 1, 1, 1, 1)	7.60938160082791	{'E__K': 9.544080894887179, 'K__E': 9.544080894887179, 'first__F_G': 7.60938160082791, 'D_E__last': 7.609381600791919, 'F_G__first': 7.60938160082791, 'last__D_E': 7.609381600791919}
1.1026990214100174	32	(-1, -1, -1, 1, -1, -1, -1, -1, -1)	8.576731247851708	{'E__K': 9.544080894898638, 'K__E': 9.544080894898638, 'D_E__last': 7.609381600804776, 'last__D_E': 7.609381600804776}
1.1026990214100174	33	(-1, -1, -1, 1, -1, -1, -1, -1, 1)	7.609381600804776	{'D_E__last': 7.609381600804776, 'last__D_E': 7.609381600804776}
1.1058406140636072	26	(-1, -1, -1, -1, 1, 1, -1, 1, -1)	2.2352370848635372	{'first__F_G': 2.2352370848635372, 'F_G__first': 2.2352370848635372}
1.1058406140636072	27	(-1, -1, -1, -1, 1, 1, -1, 1, 1)	2.2352370848635372	{'first__F_G': 2.2352370848635372, 'F_G__first': 2.2352370848635372}
1.1058406140636072	28	(-1, -1, -1, -1, 1, 1, 1, -1, -1)	2.2352370848635372	{'first__F_G': 2.2352370848635372, 'F_G__first': 2.2352370848635372}
1.1058406140636072	29	(-1, -1, -1, -1, 1, 1, 1, -1, 1)	2.2352370848635372	{'first__F_G': 2.2352370848635372, 'F_G__first': 2.2352370848635372}
1.1058406140636072	30	(-1, -1, -1, -1, 1, 1, 1, 1, -1)	2.235237084866583	{'first__F_G': 2.2352370848635372, 'D_E__last': 2.235237084869628, 'F_G__first': 2.2352370848635372, 'last__D_E': 2.235237084869628}
1.1058406140636072	31	(-1, -1, -1, -1, 1, 1, 1, 1, 1)	2.235237084869628	{'E__K': 2.802086203124694, 'K__E': 2.802086203124694, 'first__F_G': 2.2352370848635372, 'D_E__last': 2.235237084869628, 'F_G__first': 2.2352370848635372, 'last__D_E': 2.235237084869628}
1.1058406140636072	32	(-1, -1, -1, 1, -1, -1, -1, -1, -1)	2.5186616440021625	{'E__K': 2.802086203134539, 'K__E': 2.802086203134539, 'D_E__last': 2.2352370848697856, 'last__D_E': 2.2352370848697856}
1.1058406140636072	33	(-1, -1, -1, 1, -1, -1, -1, -1, 1)	2.2352370848697856	{'D_E__last': 2.2352370848697856, 'last__D_E': 2.2352370848697856}
1.108982206717197	26	(-1, -1, -1, -1, 1, 1, -1, 1, -1)	3.1305329944492946	{'first__F_G': 3.1305329944492946, 'F_G__first': 3.1305329944492946}
1.108982206717197	27	(-1, -1, -1, -1, 1, 1, -1, 1, 1)	3.1305329944492946	{'first__F_G': 3.1305329944492946, 'F_G__first': 3.1305329944492946}
1.108982206717197	28	(-1, -1, -1, -1, 1, 1, 1, -1, -1)	3.1305329944492946	{'first__F_G': 3.1305329944492946, 'F_G__first': 3.1305329944492946}
1.108982206717197	29	(-1, -1, -1, -1, 1, 1, 1, -1, 1)	3.1305329944492946	{'first__F_G': 3.1305329944492946, 'F_G__first': 3.1305329944492946}
1.108982206717197	30	(-1, -1, -1, -1, 1, 1, 1, 1, -1)	3.1305329944526834	{'first__F_G': 3.1305329944492946, 'D_E__last': 3.1305329944560727, 'F_G__first': 3.1305329944492946, 'last__D_E': 3.1305329944560727}
1.108982206717197	31	(-1, -1, -1, -1, 1, 1, 1, 1, 1)	3.1305329944560727	{'E__K': 3.922371612755456, 'K__E': 3.922371612755456, 'first__F_G': 3.1305329944492946, 'D_E__last': 3.1305329944560727, 'F_G__first': 3.1305329944492946, 'last__D_E': 3.1305329944560727}
1.108982206717197	32	(-1, -1, -1, 1, -1, -1, -1, -1, -1)	3.526452303614267	{'E__K': 3.9223716127632646, 'K__E': 3.9223716127632646, 'D_E__last': 3.13053299446527, 'last__D_E': 3.13053299446527}
1.108982206717197	33	(-1, -1, -1, 1, -1, -1, -1, -1, 1)	3.13053299446527	{'D_E__last': 3.13053299446527, 'last__D_E': 3.13053299446527}
1.1121237993707869	26	(-1, -1, -1, -1, 1, 1, -1, 1, -1)	8.487796263320886	{'first__F_G': 8.487796263320886, 'F_G__first': 8.487796263320886}
1.1121237993707869	27	(-1, -1, -1, -1, 1, 1, -1, 1, 1)	8.487796263320886	{'first__F_G': 8.487796263320886, 'F_G__first': 8.487796263320886}
1.1121237993707869	28	(-1, -1, -1, -1, 1, 1, 1, -1, -1)	8.487796263320886	{'first__F_G': 8.487796263320886, 'F_G__first': 8.487796263320886}
1.1121237993707869	29	(-1, -1, -1, -1, 1, 1, 1, -1, 1)	8.487796263320886	{'first__F_G': 8.487796263320886, 'F_G__first': 8.487796263320886}
1.1121237993707869	30	(-1, -1, -1, -1, 1, 1, 1, 1, -1)	8.487796263319616	{'first__F_G': 8.487796263320886, 'D_E__last': 8.487796263318348, 'F_G__first': 8.487796263320886, 'last__D_E': 8.487796263318348}
1.1121237993707869	31	(-1, -1, -1, -1, 1, 1, 1, 1, 1)	8.487796263319616	{'first__F_G': 8.487796263320886, 'D_E__last': 8.487796263318348, 'F_G__first': 8.487796263320886, 'last__D_E': 8.487796263318348}
1.1121237993707869	32	(-1, -1, -1, 1, -1, -1, -1, -1, -1)	8.487796263326063	{'D_E__last': 8.487796263326063, 'last__D_E': 8.487796263326063}
1.1121237993707869	33	(-1, -1, -1, 1, -1, -1, -1, -1, 1)	8.487796263326063	{'D_E__last': 8.487796263326063, 'last__D_E': 8.487796263326063}
1.140398133253095	30	(-1, -1, -1, -1, 1, 1, 1, 1, -1)	4.343386719917129	{'D__K': 4.343386719917129, 'K__D': 4.343386719917129}
1.140398133253095	33	(-1, -1, -1, 1, -1, -1, -1, -1, 1)	4.343386719936953	{'D__K': 4.343386719936953, 'K__D': 4.343386719936953}
1.1435397259066848	30	(-1, -1, -1, -1, 1, 1, 1, 1, -1)	1.3304941060943853	{'D__K': 1.3304941060943853, 'K__D': 1.3304941060943853}
1.1435397259066848	33	(-1, -1, -1, 1, -1, -1, -1, -1, 1)	1.3304941061412097	{'D__K': 1.3304941061412097, 'K__D': 1.3304941061412097}
1.1466813185602747	30	(-1, -1, -1, -1, 1, 1, 1, 1, -1)	6.989738564586913	{'D__K': 6.989738564586913, 'K__D': 6.989738564586913}
1.1466813185602747	33	(-1, -1, -1, 1, -1, -1, -1, -1, 1)	6.989738564629944	{'D__K': 6.989738564629944, 'K__D': 6.989738564629944}
1.460840583919254	26	(-1, -1, -1, -1, 1, 1, -1, 1, -1)	6.443253308933025	{'A__F': 6.443253308933025, 'F__A': 6.443253308933025}
1.460840583919254	27	(-1, -1, -1, -1, 1, 1, -1, 1, 1)	6.443253308933025	{'A__F': 6.443253308933025, 'F__A': 6.443253308933025}
1.460840583919254	28	(-1, -1, -1, -1, 1, 1, 1, -1, -1)	6.443253308933025	{'A__F': 6.443253308933025, 'F__A': 6.443253308933025}
1.460840583919254	29	(-1, -1, -1, -1, 1, 1, 1, -1, 1)	6.443253308933025	{'A__F': 6.443253308933025, 'F__A': 6.443253308933025}
1.460840583919254	30	(-1, -1, -1, -1, 1, 1, 1, 1, -1)	6.443253308917192	{'A__F': 6.443253308933025, 'E__J': 6.443253308901358, 'F__A': 6.443253308933025, 'J__E': 6.443253308901358}
1.460840583919254	31	(-1, -1, -1, -1, 1, 1, 1, 1, 1)	6.443253308909815	{'A__F': 6.443253308933025, 'E__J': 6.443253308901358, 'F__A': 6.443253308933025, 'F__K': 6.443253308909815, 'J__E': 6.443253308901358, 'K__F': 6.443253308909815}
1.460840583919254	32	(-1, -1, -1, 1, -1, -1, -1, -1, -1)	6.443253308883401	{'E__J': 6.443253308894712, 'F__K': 6.443253308872091, 'J__E': 6.443253308894712, 'K__F': 6.443253308872091}
1.460840583919254	33	(-1, -1, -1, 1, -1, -1, -1, -1, 1)	6.443253308894712	{'E__J': 6.443253308894712, 'J__E': 6.443253308894712}
1.4639821765728436	26	(-1, -1, -1, -1, 1, 1, -1, 1, -1)	1.605164605409728	{'A__F': 1.605164605409728, 'F__A': 1.605164605409728}
1.4639821765728436	27	(-1, -1, -1, -1, 1, 1, -1, 1, 1)	1.605164605409728	{'A__F': 1.605164605409728, 'F__A': 1.605164605409728}
1.4639821765728436	28	(-1, -1, -1, -1, 1, 1, 1, -1, -1)	1.605164605409728	{'A__F': 1.605164605409728, 'F__A': 1.605164605409728}
1.4639821765728436	29	(-1, -1, -1, -1, 1, 1, 1, -1, 1)	1.605164605409728	{'A__F': 1.605164605409728, 'F__A': 1.605164605409728}
1.4639821765728436	30	(-1, -1, -1, -1, 1, 1, 1, 1, -1)	1.6051646054018374	{'A__F': 1.605164605409728, 'E__J': 1.6051646053939466, 'F__A': 1.605164605409728, 'J__E': 1.6051646053939466}
1.4639821765728436	31	(-1, -1, -1, -1, 1, 1, 1, 1, 1)	1.6051646054066768	{'A__F': 1.605164605409728, 'A__K': 2.9936905729046477, 'E__J': 1.6051646053939466, 'F__A': 1.605164605409728, 'F__K': 1.6051646054036257, 'J__E': 1.6051646053939466, 'K__A': 2.9936905729046477, 'K__F': 1.6051646054036257}
1.4639821765728436	32	(-1, -1, -1, 1, -1, -1, -1, -1, -1)	1.6051646053850148	{'E__J': 1.6051646053750257, 'F__K': 1.605164605395004, 'J__E': 1.6051646053750257, 'K__F': 1.605164605395004}
1.4639821765728436	33	(-1, -1, -1, 1, -1, -1, -1, -1, 1)	1.6051646053750257	{'E__J': 1.6051646053750257, 'J__E': 1.6051646053750257}
1.4671237692264334	26	(-1, -1, -1, -1, 1, 1, -1, 1, -1)	3.2194755338204106	{'A__F': 3.2194755338204106, 'F__A': 3.2194755338204106}
1.4671237692264334	27	(-1, -1, -1, -1, 1, 1, -1, 1, 1)	3.2194755338204106	{'A__F': 3.2194755338204106, 'F__A': 3.2194755338204106}
1.4671237692264334	28	(-1, -1, -1, -1, 1, 1, 1, -1, -1)	3.2194755338204106	{'A__F': 3.2194755338204106, 'F__A': 3.2194755338204106}
1.4671237692264334	29	(-1, -1, -1, -1, 1, 1, 1, -1, 1)	3.2194755338204106	{'A__F': 3.2194755338204106, 'F__A': 3.2194755338204106}
1.4671237692264334	30	(-1, -1, -1, -1, 1, 1, 1, 1, -1)	3.219475533833363	{'A__F': 3.2194755338204106, 'E__J': 3.2194755338463152, 'F__A': 3.2194755338204106, 'J__E': 3.2194755338463152}
1.4671237692264334	31	(-1, -1, -1, -1, 1, 1, 1, 1, 1)	3.2194755338471923	{'A__F': 3.2194755338204106, 'A__K': 6.003523572936239, 'E__J': 3.2194755338463152, 'F__A': 3.2194755338204106, 'F__K': 3.2194755338480694, 'J__E': 3.2194755338463152, 'K__A': 6.003523572936239, 'K__F': 3.2194755338480694}
1.4671237692264334	32	(-1, -1, -1, 1, -1, -1, -1, -1, -1)	3.2194755338322567	{'E__J': 3.219475533840317, 'F__K': 3.2194755338241965, 'J__E': 3.219475533840317, 'K__F': 3.2194755338241965}
1.4671237692264334	33	(-1, -1, -1, 1, -1, -1, -1, -1, 1)	3.219475533840317	{'E__J': 3.219475533840317, 'J__E': 3.219475533840317}
1.4702653618800232	26	(-1, -1, -1, -1, 1, 1, -1, 1, -1)	8.030604477237338	{'A__F': 8.030604477237338, 'F__A': 8.030604477237338}
1.4702653618800232	27	(-1, -1, -1, -1, 1, 1, -1, 1, 1)	8.030604477237338	{'A__F': 8.030604477237338, 'F__A': 8.030604477237338}
1.4702653618800232	28	(-1, -1, -1, -1, 1, 1, 1, -1, -1)	8.030604477237338	{'A__F': 8.030604477237338, 'F__A': 8.030604477237338}
1.4702653618800232	29	(-1, -1, -1, -1, 1, 1, 1, -1, 1)	8.030604477237338	{'A__F': 8.030604477237338, 'F__A': 8.030604477237338}
1.4702653618800232	30	(-1, -1, -1, -1, 1, 1, 1, 1, -1)	8.030604477252531	{'A__F': 8.030604477237338, 'E__J': 8.030604477267724, 'F__A': 8.030604477237338, 'J__E': 8.030604477267724}
1.4702653618800232	31	(-1, -1, -1, -1, 1, 1, 1, 1, 1)	8.030604477267724	{'A__F': 8.030604477237338, 'E__J': 8.030604477267724, 'F__A': 8.030604477237338, 'F__K': 8.0306044772927, 'J__E': 8.030604477267724, 'K__F': 8.0306044772927}
1.4702653618800232	32	(-1, -1, -1, 1, -1, -1, -1, -1, -1)	8.03060447725905	{'E__J': 8.030604477248291, 'F__K': 8.030604477269808, 'J__E': 8.030604477248291, 'K__F': 8.030604477269808}
1.4702653618800232	33	(-1, -1, -1, 1, -1, -1, -1, -1, 1)	8.030604477248291	{'E__J': 8.030604477248291, 'J__E': 8.030604477248291}
