0.0	338	(1, -1, 1, -1, 1, -1, -1, 1, -1)	4.391250374145027e-12	{'A__K': 2.9558577807620168e-12, 'K__A': 2.9558577807620168e-12, 'first__last': 5.826642967528037e-12, 'last__first': 5.826642967528037e-12}
0.0	339	(1, -1, 1, -1, 1, -1, -1, 1, 1)	4.391250374145027e-12	{'A__K': 2.9558577807620168e-12, 'K__A': 2.9558577807620168e-12, 'first__last': 5.826642967528037e-12, 'last__first': 5.826642967528037e-12}
0.0	340	(1, -1, 1, -1, 1, -1, 1, -1, -1)	4.391250374145027e-12	{'A__K': 2.9558577807620168e-12, 'K__A': 2.9558577807620168e-12, 'first__last': 5.826642967528037e-12, 'last__first': 5.826642967528037e-12}
0.0	341	(1, -1, 1, -1, 1, -1, 1, -1, 1)	4.391250374145027e-12	{'A__K': 2.9558577807620168e-12, 'K__A': 2.9558577807620168e-12, 'first__last': 5.826642967528037e-12, 'last__first': 5.826642967528037e-12}
0.0	342	(1, -1, 1, -1, 1, -1, 1, 1, -1)	4.391250374145027e-12	{'A__K': 2.9558577807620168e-12, 'K__A': 2.9558577807620168e-12, 'first__last': 5.826642967528037e-12, 'last__first': 5.826642967528037e-12}
0.0	343	(1, -1, 1, -1, 1, -1, 1, 1, 1)	4.391250374145027e-12	{'A__K': 2.9558577807620168e-12, 'K__A': 2.9558577807620168e-12, 'first__last': 5.826642967528037e-12, 'last__first': 5.826642967528037e-12}
0.0	344	(1, -1, 1, -1, 1, 1, -1, -1, -1)	4.391250374145027e-12	{'A__K': 2.9558577807620168e-12, 'K__A': 2.9558577807620168e-12, 'first__last': 5.826642967528037e-12, 'last__first': 5.826642967528037e-12}
0.0	345	(1, -1, 1, -1, 1, 1, -1, -1, 1)	4.391250374145027e-12	{'A__K': 2.9558577807620168e-12, 'K__A': 2.9558577807620168e-12, 'first__last': 5.826642967528037e-12, 'last__first': 5.826642967528037e-12}
0.0	346	(1, -1, 1, -1, 1, 1, -1, 1, -1)	4.391250374145027e-12	{'A__K': 2.9558577807620168e-12, 'K__A': 2.9558577807620168e-12, 'first__last': 5.826642967528037e-12, 'last__first': 5.826642967528037e-12}
0.0	347	(1, -1, 1, -1, 1, 1, -1, 1, 1)	4.391250374145027e-12	{'A__K': 2.9558577807620168e-12, 'K__A': 2.9558577807620168e-12, 'first__last': 5.826642967528037e-12, 'last__first': 5.826642967528037e-12}
0.0	348	(1, -1, 1, -1, 1, 1, 1, -1, -1)	4.391250374145027e-12	{'A__K': 2.9558577807620168e-12, 'K__A': 2.9558577807620168e-12, 'first__last': 5.826642967528037e-12, 'last__first': 5.826642967528037e-12}
0.0	349	(1, -1, 1, -1, 1, 1, 1, -1, 1)	4.391250374145027e-12	{'A__K': 2.9558577807620168e-12, 'K__A': 2.9558577807620168e-12, 'first__last': 5.826642967528037e-12, 'last__first': 5.826642967528037e-12}
0.0	350	(1, -1, 1, -1, 1, 1, 1, 1, -1)	4.391250374145027e-12	{'A__K': 2.9558577807620168e-12, 'K__A': 2.9558577807620168e-12, 'first__last': 5.826642967528037e-12, 'last__first': 5.826642967528037e-12}
0.0031415926535897933	345	(1, -1, 1, -1, 1, 1, -1, -1, 1)	8.796957735220772	{'A__K': 8.796957735220772, 'K__A': 8.796957735220772}
0.0031415926535897933	346	(1, -1, 1, -1, 1, 1, -1, 1, -1)	4.398489964747036	{'A__K': 3.6931544562429126, 'K__A': 3.6931544562429126, 'first__last': 5.103825473251158, 'last__first': 5.103825473251158}
0.0031415926535897933	347	(1, -1, 1, -1, 1, 1, -1, 1, 1)	3.2573007664740983	{'A__K': 1.4107760596970382, 'K__A': 1.4107760596970382, 'first__last': 5.103825473251158, 'last__first': 5.103825473251158}
0.0031415926535897933	349	(1, -1, 1, -1, 1, 1, 1, -1, 1)	8.796947111125167	{'A__K': 8.796947111125167, 'K__A': 8.796947111125167}
0.0031415926535897933	350	(1, -1, 1, -1, 1, 1, 1, 1, -1)	4.39849882331377	{'A__K': 3.693176983487444, 'K__A': 3.693176983487444, 'first__last': 5.103820663140096, 'last__first': 5.103820663140096}
0.006283185307179587	346	(1, -1, 1, -1, 1, 1, -1, 1, -1)	7.386253685192742	{'A__K': 7.386253685192742, 'K__A': 7.386253685192742}
0.006283185307179587	347	(1, -1, 1, -1, 1, 1, -1, 1, 1)	2.8222303977307264	{'A__K': 2.8222303977307264, 'K__A': 2.8222303977307264}
0.006283185307179587	350	(1, -1, 1, -1, 1, 1, 1, 1, -1)	7.386433899928013	{'A__K': 7.386433899928013, 'K__A': 7.386433899928013}
0.00942477796076938	347	(1, -1, 1, -1, 1, 1, -1, 1, 1)	4.235040668014959	{'A__K': 4.235040668014959, 'K__A': 4.235040668014959}
0.012566370614359173	347	(1, -1, 1, -1, 1, 1, -1, 1, 1)	5.649883277726262	{'A__K': 5.649883277726262, 'K__A': 5.649883277726262}
0.015707963267948967	347	(1, -1, 1, -1, 1, 1, -1, 1, 1)	7.067432769191414	{'A__K': 7.067432769191414, 'K__A': 7.067432769191414}
0.01884955592153876	347	(1, -1, 1, -1, 1, 1, -1, 1, 1)	8.488361208034208	{'A__K': 8.488361208034208, 'K__A': 8.488361208034208}
0.021991148575128554	347	(1, -1, 1, -1, 1, 1, -1, 1, 1)	9.913337579608578	{'A__K': 9.913337579608578, 'K__A': 9.913337579608578}
1.1026990214100174	350	(1, -1, 1, -1, 1, 1, 1, 1, -1)	7.609381600814426	{'D_E__last': 7.609381600814426, 'last__D_E': 7.609381600814426}
1.1058406140636072	350	(1, -1, 1, -1, 1, 1, 1, 1, -1)	2.2352370848510064	{'D_E__last': 2.2352370848510064, 'last__D_E': 2.2352370848510064}
1.108982206717197	350	(1, -1, 1, -1, 1, 1, 1, 1, -1)	3.1305329944452716	{'D_E__last': 3.1305329944452716, 'last__D_E': 3.1305329944452716}
1.1121237993707869	350	(1, -1, 1, -1, 1, 1, 1, 1, -1)	8.487796263309761	{'D_E__last': 8.487796263309761, 'last__D_E': 8.487796263309761}
1.140398133253095	350	(1, -1, 1, -1, 1, 1, 1, 1, -1)	4.343386719929831	{'D__K': 4.343386719929831, 'K__D': 4.343386719929831}
1.1435397259066848	350	(1, -1, 1, -1, 1, 1, 1, 1, -1)	1.330494106129357	{'D__K': 1.330494106129357, 'K__D': 1.330494106129357}
1.1466813185602747	350	(1, -1, 1, -1, 1, 1, 1, 1, -1)	6.989738564634038	{'D__K': 6.989738564634038, 'K__D': 6.989738564634038}
1.460840583919254	350	(1, -1, 1, -1, 1, 1, 1, 1, -1)	6.443253308889427	{'E__J': 6.443253308889427, 'J__E': 6.443253308889427}
1.4639821765728436	350	(1, -1, 1, -1, 1, 1, 1, 1, -1)	1.6051646054549242	{'E__J': 1.6051646054549242, 'J__E': 1.6051646054549242}
1.4671237692264334	350	(1, -1, 1, -1, 1, 1, 1, 1, -1)	3.219475533886399	{'E__J': 3.219475533886399, 'J__E': 3.219475533886399}
1.4702653618800232	350	(1, -1, 1, -1, 1, 1, 1, 1, -1)	8.03060447726675	{'E__J': 8.03060447726675, 'J__E': 8.03060447726675}
