2.023185668911827	302	(1, -1, -1, 1, -1, 1, 1, 1, -1)	9.768976670788401	{'F__J': 9.89538482228194, 'J__F': 9.89538482228194, 'F_G__last': 9.642568519294862, 'last__F_G': 9.642568519294862}
2.023185668911827	303	(1, -1, -1, 1, -1, 1, 1, 1, 1)	9.89538482228194	{'F__J': 9.89538482228194, 'G__K': 9.895384822301015, 'J__F': 9.89538482228194, 'K__G': 9.895384822301015, 'F_G__last': 9.642568519294862, 'last__F_G': 9.642568519294862}
2.023185668911827	304	(1, -1, -1, 1, 1, -1, -1, -1, -1)	9.895384822310088	{'F__J': 9.895384822310088, 'G__K': 9.895384822317217, 'J__F': 9.895384822310088, 'K__G': 9.895384822317217, 'F_G__last': 9.642568519328774, 'last__F_G': 9.642568519328774}
2.023185668911827	305	(1, -1, -1, 1, 1, -1, -1, -1, 1)	9.76897667081943	{'F__J': 9.895384822310088, 'J__F': 9.895384822310088, 'F_G__last': 9.642568519328774, 'last__F_G': 9.642568519328774}
2.023185668911827	310	(1, -1, -1, 1, 1, -1, 1, 1, -1)	9.642568519301914	{'F_G__last': 9.642568519301914, 'last__F_G': 9.642568519301914}
2.023185668911827	311	(1, -1, -1, 1, 1, -1, 1, 1, 1)	9.768976670799766	{'G__K': 9.895384822297617, 'K__G': 9.895384822297617, 'F_G__last': 9.642568519301914, 'last__F_G': 9.642568519301914}
2.0263272615654166	302	(1, -1, -1, 1, -1, 1, 1, 1, -1)	7.034724046193167	{'F__J': 7.122989723925931, 'J__F': 7.122989723925931, 'F_G__last': 6.946458368460404, 'last__F_G': 6.946458368460404}
2.0263272615654166	303	(1, -1, -1, 1, -1, 1, 1, 1, 1)	7.122989723925931	{'F__J': 7.122989723925931, 'G__K': 7.122989723938773, 'J__F': 7.122989723925931, 'K__G': 7.122989723938773, 'F_G__last': 6.946458368460404, 'last__F_G': 6.946458368460404}
2.0263272615654166	304	(1, -1, -1, 1, 1, -1, -1, -1, -1)	7.122989723916159	{'F__J': 7.122989723916159, 'G__K': 7.122989723937056, 'J__F': 7.122989723916159, 'K__G': 7.122989723937056, 'F_G__last': 6.946458368457865, 'last__F_G': 6.946458368457865}
2.0263272615654166	305	(1, -1, -1, 1, 1, -1, -1, -1, 1)	7.034724046187012	{'F__J': 7.122989723916159, 'J__F': 7.122989723916159, 'F_G__last': 6.946458368457865, 'last__F_G': 6.946458368457865}
2.0263272615654166	310	(1, -1, -1, 1, 1, -1, 1, 1, -1)	6.946458368448926	{'F_G__last': 6.946458368448926, 'last__F_G': 6.946458368448926}
2.0263272615654166	311	(1, -1, -1, 1, 1, -1, 1, 1, 1)	7.03472404618679	{'G__K': 7.122989723924655, 'K__G': 7.122989723924655, 'F_G__last': 6.946458368448926, 'last__F_G': 6.946458368448926}
2.0294688542190067	302	(1, -1, -1, 1, -1, 1, 1, 1, -1)	4.306842047115568	{'F__J': 4.359189614619033, 'J__F': 4.359189614619033, 'F_G__last': 4.254494479612102, 'last__F_G': 4.254494479612102}
2.0294688542190067	303	(1, -1, -1, 1, -1, 1, 1, 1, 1)	4.359189614619033	{'F__J': 4.359189614619033, 'G__K': 4.359189614622499, 'J__F': 4.359189614619033, 'K__G': 4.359189614622499, 'F_G__last': 4.254494479612102, 'last__F_G': 4.254494479612102}
2.0294688542190067	304	(1, -1, -1, 1, 1, -1, -1, -1, -1)	4.359189614608567	{'F__J': 4.359189614608567, 'G__K': 4.359189614619095, 'J__F': 4.359189614608567, 'K__G': 4.359189614619095, 'F_G__last': 4.254494479601608, 'last__F_G': 4.254494479601608}
2.0294688542190067	305	(1, -1, -1, 1, 1, -1, -1, -1, 1)	4.3068420471050874	{'F__J': 4.359189614608567, 'J__F': 4.359189614608567, 'F_G__last': 4.254494479601608, 'last__F_G': 4.254494479601608}
2.0294688542190067	310	(1, -1, -1, 1, 1, -1, 1, 1, -1)	4.254494479598958	{'F_G__last': 4.254494479598958, 'last__F_G': 4.254494479598958}
2.0294688542190067	311	(1, -1, -1, 1, 1, -1, 1, 1, 1)	4.306842047108238	{'G__K': 4.3591896146175175, 'K__G': 4.3591896146175175, 'F_G__last': 4.254494479598958, 'last__F_G': 4.254494479598958}
2.0326104468725963	302	(1, -1, -1, 1, -1, 1, 1, 1, -1)	1.5853501081284214	{'F__J': 1.6039967948990104, 'J__F': 1.6039967948990104, 'F_G__last': 1.5667034213578321, 'last__F_G': 1.5667034213578321}
2.0326104468725963	303	(1, -1, -1, 1, -1, 1, 1, 1, 1)	1.6039967948990104	{'F__J': 1.6039967948990104, 'G__K': 1.6039967949109364, 'J__F': 1.6039967948990104, 'K__G': 1.6039967949109364, 'F_G__last': 1.5667034213578321, 'last__F_G': 1.5667034213578321}
2.0326104468725963	304	(1, -1, -1, 1, 1, -1, -1, -1, -1)	1.603996794927536	{'F__J': 1.603996794927536, 'G__K': 1.603996794930111, 'J__F': 1.603996794927536, 'K__G': 1.603996794930111, 'F_G__last': 1.5667034213827336, 'last__F_G': 1.5667034213827336}
2.0326104468725963	305	(1, -1, -1, 1, 1, -1, -1, -1, 1)	1.5853501081551347	{'F__J': 1.603996794927536, 'J__F': 1.603996794927536, 'F_G__last': 1.5667034213827336, 'last__F_G': 1.5667034213827336}
2.0326104468725963	310	(1, -1, -1, 1, 1, -1, 1, 1, -1)	1.5667034213586493	{'F_G__last': 1.5667034213586493, 'last__F_G': 1.5667034213586493}
2.0326104468725963	311	(1, -1, -1, 1, 1, -1, 1, 1, 1)	1.5853501081313373	{'G__K': 1.6039967949040255, 'K__G': 1.6039967949040255, 'F_G__last': 1.5667034213586493, 'last__F_G': 1.5667034213586493}
2.035752039526186	302	(1, -1, -1, 1, -1, 1, 1, 1, -1)	1.1297324631582828	{'F__J': 1.1425766477144421, 'J__F': 1.1425766477144421, 'F_G__last': 1.1168882786021235, 'last__F_G': 1.1168882786021235}
2.035752039526186	303	(1, -1, -1, 1, -1, 1, 1, 1, 1)	1.1425766477032429	{'F__J': 1.1425766477144421, 'G__K': 1.1425766477032429, 'J__F': 1.1425766477144421, 'K__G': 1.1425766477032429, 'F_G__last': 1.1168882786021235, 'last__F_G': 1.1168882786021235}
2.035752039526186	304	(1, -1, -1, 1, 1, -1, -1, -1, -1)	1.1425766477144854	{'F__J': 1.14257664773671, 'G__K': 1.1425766477144854, 'J__F': 1.14257664773671, 'K__G': 1.1425766477144854, 'F_G__last': 1.116888278635905, 'last__F_G': 1.116888278635905}
2.035752039526186	305	(1, -1, -1, 1, 1, -1, -1, -1, 1)	1.1297324631863075	{'F__J': 1.14257664773671, 'J__F': 1.14257664773671, 'F_G__last': 1.116888278635905, 'last__F_G': 1.116888278635905}
2.035752039526186	310	(1, -1, -1, 1, 1, -1, 1, 1, -1)	1.1168882786011194	{'F_G__last': 1.1168882786011194, 'last__F_G': 1.1168882786011194}
2.035752039526186	311	(1, -1, -1, 1, 1, -1, 1, 1, 1)	1.1297324631510839	{'G__K': 1.1425766477010486, 'K__G': 1.1425766477010486, 'F_G__last': 1.1168882786011194, 'last__F_G': 1.1168882786011194}
2.038893632179776	302	(1, -1, -1, 1, -1, 1, 1, 1, -1)	3.8383864870445144	{'F__J': 3.8805188393268044, 'J__F': 3.8805188393268044, 'F_G__last': 3.7962541347622243, 'last__F_G': 3.7962541347622243}
2.038893632179776	303	(1, -1, -1, 1, -1, 1, 1, 1, 1)	3.8805188393268044	{'F__J': 3.8805188393268044, 'G__K': 3.8805188393426433, 'J__F': 3.8805188393268044, 'K__G': 3.8805188393426433, 'F_G__last': 3.7962541347622243, 'last__F_G': 3.7962541347622243}
2.038893632179776	304	(1, -1, -1, 1, 1, -1, -1, -1, -1)	3.8805188393365544	{'F__J': 3.8805188393385532, 'G__K': 3.8805188393365544, 'J__F': 3.8805188393385532, 'K__G': 3.8805188393365544, 'F_G__last': 3.7962541347722247, 'last__F_G': 3.7962541347722247}
2.038893632179776	305	(1, -1, -1, 1, 1, -1, -1, -1, 1)	3.8383864870553888	{'F__J': 3.8805188393385532, 'J__F': 3.8805188393385532, 'F_G__last': 3.7962541347722247, 'last__F_G': 3.7962541347722247}
2.038893632179776	310	(1, -1, -1, 1, 1, -1, 1, 1, -1)	3.796254134759788	{'F_G__last': 3.796254134759788, 'last__F_G': 3.796254134759788}
2.038893632179776	311	(1, -1, -1, 1, 1, -1, 1, 1, 1)	3.8383864870465176	{'G__K': 3.8805188393332473, 'K__G': 3.8805188393332473, 'F_G__last': 3.796254134759788, 'last__F_G': 3.796254134759788}
2.0420352248333655	302	(1, -1, -1, 1, -1, 1, 1, 1, -1)	6.5405929103062705	{'F__J': 6.6098181180914315, 'J__F': 6.6098181180914315, 'F_G__last': 6.47136770252111, 'last__F_G': 6.47136770252111}
2.0420352248333655	303	(1, -1, -1, 1, -1, 1, 1, 1, 1)	6.609818118073115	{'F__J': 6.6098181180914315, 'G__K': 6.609818118073115, 'J__F': 6.6098181180914315, 'K__G': 6.609818118073115, 'F_G__last': 6.47136770252111, 'last__F_G': 6.47136770252111}
2.0420352248333655	304	(1, -1, -1, 1, 1, -1, -1, -1, -1)	6.609818118073668	{'F__J': 6.609818118073668, 'G__K': 6.609818118086939, 'J__F': 6.609818118073668, 'K__G': 6.609818118086939, 'F_G__last': 6.4713677025117855, 'last__F_G': 6.4713677025117855}
2.0420352248333655	305	(1, -1, -1, 1, 1, -1, -1, -1, 1)	6.540592910292727	{'F__J': 6.609818118073668, 'J__F': 6.609818118073668, 'F_G__last': 6.4713677025117855, 'last__F_G': 6.4713677025117855}
2.0420352248333655	310	(1, -1, -1, 1, 1, -1, 1, 1, -1)	6.47136770251174	{'F_G__last': 6.47136770251174, 'last__F_G': 6.47136770251174}
2.0420352248333655	311	(1, -1, -1, 1, 1, -1, 1, 1, 1)	6.540592910297709	{'G__K': 6.6098181180836795, 'K__G': 6.6098181180836795, 'F_G__last': 6.47136770251174, 'last__F_G': 6.47136770251174}
2.0451768174869556	302	(1, -1, -1, 1, -1, 1, 1, 1, -1)	9.23633280742823	{'F__J': 9.330463035099735, 'J__F': 9.330463035099735, 'F_G__last': 9.142202579756724, 'last__F_G': 9.142202579756724}
2.0451768174869556	303	(1, -1, -1, 1, -1, 1, 1, 1, 1)	9.330463035099735	{'F__J': 9.330463035099735, 'G__K': 9.330463035103877, 'J__F': 9.330463035099735, 'K__G': 9.330463035103877, 'F_G__last': 9.142202579756724, 'last__F_G': 9.142202579756724}
2.0451768174869556	304	(1, -1, -1, 1, 1, -1, -1, -1, -1)	9.330463035088863	{'F__J': 9.330463035088863, 'G__K': 9.330463035106911, 'J__F': 9.330463035088863, 'K__G': 9.330463035106911, 'F_G__last': 9.14220257975349, 'last__F_G': 9.14220257975349}
2.0451768174869556	305	(1, -1, -1, 1, 1, -1, -1, -1, 1)	9.236332807421178	{'F__J': 9.330463035088863, 'J__F': 9.330463035088863, 'F_G__last': 9.14220257975349, 'last__F_G': 9.14220257975349}
2.0451768174869556	310	(1, -1, -1, 1, 1, -1, 1, 1, -1)	9.142202579779918	{'F_G__last': 9.142202579779918, 'last__F_G': 9.142202579779918}
2.0451768174869556	311	(1, -1, -1, 1, 1, -1, 1, 1, 1)	9.23633280745455	{'G__K': 9.330463035129183, 'K__G': 9.330463035129183, 'F_G__last': 9.142202579779918, 'last__F_G': 9.142202579779918}
2.0797343366764434	310	(1, -1, -1, 1, 1, -1, 1, 1, -1)	6.867101122736852	{'F__K': 6.867101122736852, 'K__F': 6.867101122736852}
2.082875929330033	310	(1, -1, -1, 1, 1, -1, 1, 1, -1)	2.860627681203091	{'F__K': 2.860627681203091, 'K__F': 2.860627681203091}
2.0860175219836226	310	(1, -1, -1, 1, 1, -1, 1, 1, -1)	1.1399994136462788	{'F__K': 1.1399994136462788, 'K__F': 1.1399994136462788}
2.0891591146372126	310	(1, -1, -1, 1, 1, -1, 1, 1, -1)	5.134734183786794	{'F__K': 5.134734183786794, 'K__F': 5.134734183786794}
2.092300707290802	310	(1, -1, -1, 1, 1, -1, 1, 1, -1)	9.12353068491699	{'F__K': 9.12353068491699, 'K__F': 9.12353068491699}
2.1174334485195208	306	(1, -1, -1, 1, 1, -1, -1, 1, -1)	8.081586070487873	{'A__J': 8.081586070487873, 'J__A': 8.081586070487873}
2.1174334485195208	307	(1, -1, -1, 1, 1, -1, -1, 1, 1)	8.081586070487873	{'A__J': 8.081586070487873, 'J__A': 8.081586070487873}
2.1205750411731104	306	(1, -1, -1, 1, 1, -1, -1, 1, -1)	6.192363636257954	{'A__J': 6.192363636257954, 'J__A': 6.192363636257954}
2.1205750411731104	307	(1, -1, -1, 1, 1, -1, -1, 1, 1)	6.192363636257954	{'A__J': 6.192363636257954, 'J__A': 6.192363636257954}
2.12685822648029	306	(1, -1, -1, 1, 1, -1, -1, 1, -1)	0.12806254961505448	{'first__last': 0.12806254961505448, 'last__first': 0.12806254961505448}
2.12685822648029	307	(1, -1, -1, 1, 1, -1, -1, 1, 1)	0.12806254961505448	{'first__last': 0.12806254961505448, 'last__first': 0.12806254961505448}
2.321636971002857	304	(1, -1, -1, 1, 1, -1, -1, -1, -1)	2.968237348839632	{'A__I': 2.3070684257429757, 'I__A': 2.3070684257429757, 'first__H_I': 3.629406271936289, 'H_I__first': 3.629406271936289}
2.321636971002857	305	(1, -1, -1, 1, 1, -1, -1, -1, 1)	2.968237348839632	{'A__I': 2.3070684257429757, 'I__A': 2.3070684257429757, 'first__H_I': 3.629406271936289, 'H_I__first': 3.629406271936289}
2.321636971002857	306	(1, -1, -1, 1, 1, -1, -1, 1, -1)	2.9682373488715763	{'A__I': 2.3070684257429757, 'B__J': 2.307068425806863, 'I__A': 2.3070684257429757, 'J__B': 2.307068425806863, 'first__H_I': 3.629406271936289, 'B_C__last': 3.6294062719774063, 'H_I__first': 3.629406271936289, 'last__B_C': 3.6294062719774063}
2.321636971002857	307	(1, -1, -1, 1, 1, -1, -1, 1, 1)	2.307068425812285	{'A__I': 2.3070684257429757, 'B__J': 2.307068425806863, 'C__K': 2.307068425812285, 'I__A': 2.3070684257429757, 'J__B': 2.307068425806863, 'K__C': 2.307068425812285, 'first__H_I': 3.629406271936289, 'B_C__last': 3.6294062719774063, 'H_I__first': 3.629406271936289, 'last__B_C': 3.6294062719774063}
2.321636971002857	308	(1, -1, -1, 1, 1, -1, 1, -1, -1)	3.629406271936289	{'first__H_I': 3.629406271936289, 'H_I__first': 3.629406271936289}
2.321636971002857	309	(1, -1, -1, 1, 1, -1, 1, -1, 1)	3.629406271936289	{'first__H_I': 3.629406271936289, 'H_I__first': 3.629406271936289}
2.321636971002857	310	(1, -1, -1, 1, 1, -1, 1, 1, -1)	3.629406271936289	{'first__H_I': 3.629406271936289, 'H_I__first': 3.629406271936289}
2.321636971002857	311	(1, -1, -1, 1, 1, -1, 1, 1, 1)	3.629406271936289	{'first__H_I': 3.629406271936289, 'H_I__first': 3.629406271936289}
2.324778563656447	304	(1, -1, -1, 1, 1, -1, -1, -1, -1)	6.884946450338688	{'A__I': 5.347705842039549, 'I__A': 5.347705842039549, 'first__H_I': 8.422187058637828, 'H_I__first': 8.422187058637828}
2.324778563656447	305	(1, -1, -1, 1, 1, -1, -1, -1, 1)	6.884946450338688	{'A__I': 5.347705842039549, 'I__A': 5.347705842039549, 'first__H_I': 8.422187058637828, 'H_I__first': 8.422187058637828}
2.324778563656447	306	(1, -1, -1, 1, 1, -1, -1, 1, -1)	6.884946450338688	{'A__I': 5.347705842039549, 'B__J': 5.347705842028668, 'I__A': 5.347705842039549, 'J__B': 5.347705842028668, 'first__H_I': 8.422187058637828, 'B_C__last': 8.422187058662082, 'H_I__first': 8.422187058637828, 'last__B_C': 8.422187058662082}
2.324778563656447	307	(1, -1, -1, 1, 1, -1, -1, 1, 1)	5.347705842083508	{'A__I': 5.347705842039549, 'B__J': 5.347705842028668, 'C__K': 5.347705842083508, 'I__A': 5.347705842039549, 'J__B': 5.347705842028668, 'K__C': 5.347705842083508, 'first__H_I': 8.422187058637828, 'B_C__last': 8.422187058662082, 'H_I__first': 8.422187058637828, 'last__B_C': 8.422187058662082}
2.324778563656447	308	(1, -1, -1, 1, 1, -1, 1, -1, -1)	8.422187058637828	{'first__H_I': 8.422187058637828, 'H_I__first': 8.422187058637828}
2.324778563656447	309	(1, -1, -1, 1, 1, -1, 1, -1, 1)	8.422187058637828	{'first__H_I': 8.422187058637828, 'H_I__first': 8.422187058637828}
2.324778563656447	310	(1, -1, -1, 1, 1, -1, 1, 1, -1)	8.422187058637828	{'first__H_I': 8.422187058637828, 'H_I__first': 8.422187058637828}
2.324778563656447	311	(1, -1, -1, 1, 1, -1, 1, 1, 1)	8.422187058637828	{'first__H_I': 8.422187058637828, 'H_I__first': 8.422187058637828}
