2.023185668911827	143	(-1, 1, -1, -1, -1, 1, 1, 1, 1)	9.895384822327735	{'C__G': 9.89538482237834, 'F__J': 9.895384822327735, 'G__C': 9.89538482237834, 'G__K': 9.895384822334458, 'J__F': 9.895384822327735, 'K__G': 9.895384822334458, 'B_C__F_G': 9.64256851938545, 'F_G__B_C': 9.64256851938545, 'F_G__last': 9.642568519341081, 'last__F_G': 9.642568519341081}
2.023185668911827	144	(-1, 1, -1, -1, 1, -1, -1, -1, -1)	9.768976670845396	{'F__J': 9.895384822305342, 'G__K': 9.895384822317181, 'J__F': 9.895384822305342, 'K__G': 9.895384822317181, 'B_C__F_G': 9.64256851938545, 'F_G__B_C': 9.64256851938545, 'F_G__last': 9.642568519315054, 'last__F_G': 9.642568519315054}
2.023185668911827	145	(-1, 1, -1, -1, 1, -1, -1, -1, 1)	9.64256851938545	{'F__J': 9.895384822305342, 'J__F': 9.895384822305342, 'B_C__F_G': 9.64256851938545, 'F_G__B_C': 9.64256851938545, 'F_G__last': 9.642568519315054, 'last__F_G': 9.642568519315054}
2.023185668911827	146	(-1, 1, -1, -1, 1, -1, -1, 1, -1)	9.64256851938545	{'B_C__F_G': 9.64256851938545, 'F_G__B_C': 9.64256851938545}
2.023185668911827	147	(-1, 1, -1, -1, 1, -1, -1, 1, 1)	9.64256851938545	{'B_C__F_G': 9.64256851938545, 'F_G__B_C': 9.64256851938545}
2.023185668911827	148	(-1, 1, -1, -1, 1, -1, 1, -1, -1)	9.64256851938545	{'B_C__F_G': 9.64256851938545, 'F_G__B_C': 9.64256851938545}
2.023185668911827	149	(-1, 1, -1, -1, 1, -1, 1, -1, 1)	9.64256851938545	{'B_C__F_G': 9.64256851938545, 'F_G__B_C': 9.64256851938545}
2.023185668911827	150	(-1, 1, -1, -1, 1, -1, 1, 1, -1)	9.642568519363401	{'B_C__F_G': 9.64256851938545, 'F_G__B_C': 9.64256851938545, 'F_G__last': 9.642568519341355, 'last__F_G': 9.642568519341355}
2.023185668911827	151	(-1, 1, -1, -1, 1, -1, 1, 1, 1)	9.64256851938545	{'G__K': 9.895384822335517, 'K__G': 9.895384822335517, 'B_C__F_G': 9.64256851938545, 'F_G__B_C': 9.64256851938545, 'F_G__last': 9.642568519341355, 'last__F_G': 9.642568519341355}
2.023185668911827	152	(-1, 1, -1, -1, 1, 1, -1, -1, -1)	9.64256851938029	{'G__K': 9.895384822320045, 'K__G': 9.895384822320045, 'B_C__F_G': 9.64256851938545, 'B_C__last': 8.50435051478323, 'D_E__H_I': 9.64256851938029, 'F_G__B_C': 9.64256851938545, 'F_G__last': 9.642568519308137, 'H_I__D_E': 9.64256851938029, 'last__B_C': 8.50435051478323, 'last__F_G': 9.642568519308137}
2.023185668911827	153	(-1, 1, -1, -1, 1, 1, -1, -1, 1)	9.642568519344213	{'B_C__F_G': 9.64256851938545, 'B_C__last': 8.50435051478323, 'D_E__H_I': 9.64256851938029, 'F_G__B_C': 9.64256851938545, 'F_G__last': 9.642568519308137, 'H_I__D_E': 9.64256851938029, 'last__B_C': 8.50435051478323, 'last__F_G': 9.642568519308137}
2.023185668911827	154	(-1, 1, -1, -1, 1, 1, -1, 1, -1)	9.64256851938287	{'B_C__F_G': 9.64256851938545, 'D_E__H_I': 9.64256851938029, 'F_G__B_C': 9.64256851938545, 'H_I__D_E': 9.64256851938029}
2.023185668911827	155	(-1, 1, -1, -1, 1, 1, -1, 1, 1)	9.64256851938287	{'B_C__F_G': 9.64256851938545, 'D_E__H_I': 9.64256851938029, 'F_G__B_C': 9.64256851938545, 'H_I__D_E': 9.64256851938029}
2.0263272615654166	143	(-1, 1, -1, -1, -1, 1, 1, 1, 1)	7.122989723930368	{'C__G': 7.122989723956301, 'F__J': 7.122989723935489, 'G__C': 7.122989723956301, 'G__K': 7.122989723930368, 'J__F': 7.122989723935489, 'K__G': 7.122989723930368, 'B_C__F_G': 6.946458368488817, 'F_G__B_C': 6.946458368488817, 'F_G__last': 6.946458368456426, 'last__F_G': 6.946458368456426}
2.0263272615654166	144	(-1, 1, -1, -1, 1, -1, -1, -1, -1)	7.034724046216117	{'F__J': 7.122989723945007, 'G__K': 7.122989723943417, 'J__F': 7.122989723945007, 'K__G': 7.122989723943417, 'B_C__F_G': 6.946458368488817, 'F_G__B_C': 6.946458368488817, 'F_G__last': 6.946458368474481, 'last__F_G': 6.946458368474481}
2.0263272615654166	145	(-1, 1, -1, -1, 1, -1, -1, -1, 1)	6.946458368488817	{'F__J': 7.122989723945007, 'J__F': 7.122989723945007, 'B_C__F_G': 6.946458368488817, 'F_G__B_C': 6.946458368488817, 'F_G__last': 6.946458368474481, 'last__F_G': 6.946458368474481}
2.0263272615654166	146	(-1, 1, -1, -1, 1, -1, -1, 1, -1)	6.946458368488817	{'B_C__F_G': 6.946458368488817, 'F_G__B_C': 6.946458368488817}
2.0263272615654166	147	(-1, 1, -1, -1, 1, -1, -1, 1, 1)	6.946458368488817	{'B_C__F_G': 6.946458368488817, 'F_G__B_C': 6.946458368488817}
2.0263272615654166	148	(-1, 1, -1, -1, 1, -1, 1, -1, -1)	6.946458368488817	{'B_C__F_G': 6.946458368488817, 'F_G__B_C': 6.946458368488817}
2.0263272615654166	149	(-1, 1, -1, -1, 1, -1, 1, -1, 1)	6.946458368488817	{'B_C__F_G': 6.946458368488817, 'F_G__B_C': 6.946458368488817}
2.0263272615654166	150	(-1, 1, -1, -1, 1, -1, 1, 1, -1)	6.946458368488817	{'B_C__F_G': 6.946458368488817, 'B_C__last': 8.984415805946089, 'F_G__B_C': 6.946458368488817, 'F_G__last': 6.9464583684556285, 'last__B_C': 8.984415805946089, 'last__F_G': 6.9464583684556285}
2.0263272615654166	151	(-1, 1, -1, -1, 1, -1, 1, 1, 1)	7.03472404621354	{'G__K': 7.1229897239382645, 'K__G': 7.1229897239382645, 'B_C__F_G': 6.946458368488817, 'B_C__last': 8.984415805946089, 'F_G__B_C': 6.946458368488817, 'F_G__last': 6.9464583684556285, 'last__B_C': 8.984415805946089, 'last__F_G': 6.9464583684556285}
2.0263272615654166	152	(-1, 1, -1, -1, 1, 1, -1, -1, -1)	6.946458368474909	{'G__K': 7.1229897239293125, 'K__G': 7.1229897239293125, 'B_C__F_G': 6.946458368488817, 'B_C__last': 6.150689392304756, 'D_E__H_I': 6.946458368474909, 'F_G__B_C': 6.946458368488817, 'F_G__last': 6.946458368472053, 'H_I__D_E': 6.946458368474909, 'last__B_C': 6.150689392304756, 'last__F_G': 6.946458368472053}
2.0263272615654166	153	(-1, 1, -1, -1, 1, 1, -1, -1, 1)	6.946458368473481	{'B_C__F_G': 6.946458368488817, 'B_C__last': 6.150689392304756, 'D_E__H_I': 6.946458368474909, 'F_G__B_C': 6.946458368488817, 'F_G__last': 6.946458368472053, 'H_I__D_E': 6.946458368474909, 'last__B_C': 6.150689392304756, 'last__F_G': 6.946458368472053}
2.0263272615654166	154	(-1, 1, -1, -1, 1, 1, -1, 1, -1)	6.9464583684818635	{'B_C__F_G': 6.946458368488817, 'D_E__H_I': 6.946458368474909, 'F_G__B_C': 6.946458368488817, 'H_I__D_E': 6.946458368474909}
2.0263272615654166	155	(-1, 1, -1, -1, 1, 1, -1, 1, 1)	6.9464583684818635	{'B_C__F_G': 6.946458368488817, 'D_E__H_I': 6.946458368474909, 'F_G__B_C': 6.946458368488817, 'H_I__D_E': 6.946458368474909}
2.0294688542190067	143	(-1, 1, -1, -1, -1, 1, 1, 1, 1)	4.359189614646373	{'C__G': 4.359189614670528, 'C__K': 6.959975075268199, 'F__J': 4.359189614646373, 'G__C': 4.359189614670528, 'G__K': 4.3591896146355955, 'J__F': 4.359189614646373, 'K__C': 6.959975075268199, 'K__G': 4.3591896146355955, 'B_C__F_G': 4.254494479656205, 'B_C__last': 8.508960160754512, 'F_G__B_C': 4.254494479656205, 'F_G__last': 4.254494479628852, 'last__B_C': 8.508960160754512, 'last__F_G': 4.254494479628852}
2.0294688542190067	144	(-1, 1, -1, -1, 1, -1, -1, -1, -1)	4.359189614646989	{'F__J': 4.359189614646989, 'G__K': 4.35918961466152, 'J__F': 4.359189614646989, 'K__G': 4.35918961466152, 'B_C__F_G': 4.254494479656205, 'B_C__last': 7.241241704073102, 'F_G__B_C': 4.254494479656205, 'F_G__last': 4.25449447963231, 'last__B_C': 7.241241704073102, 'last__F_G': 4.25449447963231}
2.0294688542190067	145	(-1, 1, -1, -1, 1, -1, -1, -1, 1)	4.306842047151597	{'F__J': 4.359189614646989, 'J__F': 4.359189614646989, 'B_C__F_G': 4.254494479656205, 'B_C__last': 7.241241704073102, 'F_G__B_C': 4.254494479656205, 'F_G__last': 4.25449447963231, 'last__B_C': 7.241241704073102, 'last__F_G': 4.25449447963231}
2.0294688542190067	146	(-1, 1, -1, -1, 1, -1, -1, 1, -1)	4.254494479656205	{'B_C__F_G': 4.254494479656205, 'F_G__B_C': 4.254494479656205}
2.0294688542190067	147	(-1, 1, -1, -1, 1, -1, -1, 1, 1)	4.254494479656205	{'B_C__F_G': 4.254494479656205, 'F_G__B_C': 4.254494479656205}
2.0294688542190067	148	(-1, 1, -1, -1, 1, -1, 1, -1, -1)	4.254494479656205	{'B_C__F_G': 4.254494479656205, 'F_G__B_C': 4.254494479656205}
2.0294688542190067	149	(-1, 1, -1, -1, 1, -1, 1, -1, 1)	4.254494479656205	{'B_C__F_G': 4.254494479656205, 'F_G__B_C': 4.254494479656205}
2.0294688542190067	150	(-1, 1, -1, -1, 1, -1, 1, 1, -1)	4.254494479656205	{'B_C__F_G': 4.254494479656205, 'B_C__last': 5.510079827803639, 'F_G__B_C': 4.254494479656205, 'F_G__last': 4.25449447963149, 'last__B_C': 5.510079827803639, 'last__F_G': 4.25449447963149}
2.0294688542190067	151	(-1, 1, -1, -1, 1, -1, 1, 1, 1)	4.306842047146885	{'G__K': 4.359189614637565, 'K__G': 4.359189614637565, 'B_C__F_G': 4.254494479656205, 'B_C__last': 5.510079827803639, 'F_G__B_C': 4.254494479656205, 'F_G__last': 4.25449447963149, 'last__B_C': 5.510079827803639, 'last__F_G': 4.25449447963149}
2.0294688542190067	152	(-1, 1, -1, -1, 1, 1, -1, -1, -1)	4.2544944796383355	{'G__K': 4.359189614673594, 'K__G': 4.359189614673594, 'B_C__F_G': 4.254494479656205, 'B_C__last': 3.781916623078955, 'D_E__H_I': 4.254494479637802, 'F_G__B_C': 4.254494479656205, 'F_G__last': 4.2544944796383355, 'H_I__D_E': 4.254494479637802, 'last__B_C': 3.781916623078955, 'last__F_G': 4.2544944796383355}
2.0294688542190067	153	(-1, 1, -1, -1, 1, 1, -1, -1, 1)	4.254494479638069	{'B_C__F_G': 4.254494479656205, 'B_C__last': 3.781916623078955, 'D_E__H_I': 4.254494479637802, 'F_G__B_C': 4.254494479656205, 'F_G__last': 4.2544944796383355, 'H_I__D_E': 4.254494479637802, 'last__B_C': 3.781916623078955, 'last__F_G': 4.2544944796383355}
2.0294688542190067	154	(-1, 1, -1, -1, 1, 1, -1, 1, -1)	4.254494479647003	{'B_C__F_G': 4.254494479656205, 'D_E__H_I': 4.254494479637802, 'F_G__B_C': 4.254494479656205, 'H_I__D_E': 4.254494479637802}
2.0294688542190067	155	(-1, 1, -1, -1, 1, 1, -1, 1, 1)	4.254494479647003	{'B_C__F_G': 4.254494479656205, 'D_E__H_I': 4.254494479637802, 'F_G__B_C': 4.254494479656205, 'H_I__D_E': 4.254494479637802}
2.0326104468725963	143	(-1, 1, -1, -1, -1, 1, 1, 1, 1)	1.6039967949821634	{'C__G': 1.603996794988908, 'C__K': 2.5621113582159567, 'F__J': 1.6039967949697338, 'G__C': 1.603996794988908, 'G__K': 1.6039967949821634, 'J__F': 1.6039967949697338, 'K__C': 2.5621113582159567, 'K__G': 1.6039967949821634, 'B_C__F_G': 1.5667034214676314, 'B_C__last': 3.1334053928386845, 'F_G__B_C': 1.5667034214676314, 'F_G__last': 1.5667034214119513, 'last__B_C': 3.1334053928386845, 'last__F_G': 1.5667034214119513}
2.0326104468725963	144	(-1, 1, -1, -1, 1, -1, -1, -1, -1)	1.6039967949626717	{'F__J': 1.6039967949731715, 'G__K': 1.6039967949626717, 'J__F': 1.6039967949731715, 'K__G': 1.6039967949626717, 'B_C__F_G': 1.5667034214676314, 'B_C__last': 2.665851857556041, 'F_G__B_C': 1.5667034214676314, 'F_G__last': 1.566703421425555, 'last__B_C': 2.665851857556041, 'last__F_G': 1.566703421425555}
2.0326104468725963	145	(-1, 1, -1, -1, 1, -1, -1, -1, 1)	1.5853501082204016	{'F__J': 1.6039967949731715, 'J__F': 1.6039967949731715, 'B_C__F_G': 1.5667034214676314, 'B_C__last': 2.665851857556041, 'F_G__B_C': 1.5667034214676314, 'F_G__last': 1.566703421425555, 'last__B_C': 2.665851857556041, 'last__F_G': 1.566703421425555}
2.0326104468725963	146	(-1, 1, -1, -1, 1, -1, -1, 1, -1)	1.5667034214676314	{'B_C__F_G': 1.5667034214676314, 'F_G__B_C': 1.5667034214676314}
2.0326104468725963	147	(-1, 1, -1, -1, 1, -1, -1, 1, 1)	1.5667034214676314	{'B_C__F_G': 1.5667034214676314, 'F_G__B_C': 1.5667034214676314}
2.0326104468725963	148	(-1, 1, -1, -1, 1, -1, 1, -1, -1)	1.5667034214676314	{'B_C__F_G': 1.5667034214676314, 'F_G__B_C': 1.5667034214676314}
2.0326104468725963	149	(-1, 1, -1, -1, 1, -1, 1, -1, 1)	1.5667034214676314	{'B_C__F_G': 1.5667034214676314, 'F_G__B_C': 1.5667034214676314}
2.0326104468725963	150	(-1, 1, -1, -1, 1, -1, 1, 1, -1)	1.5667034214676314	{'B_C__F_G': 1.5667034214676314, 'B_C__last': 2.0317877841776872, 'F_G__B_C': 1.5667034214676314, 'F_G__last': 1.5667034214408455, 'last__B_C': 2.0317877841776872, 'last__F_G': 1.5667034214408455}
2.0326104468725963	151	(-1, 1, -1, -1, 1, -1, 1, 1, 1)	1.5853501082291865	{'G__K': 1.6039967949907414, 'K__G': 1.6039967949907414, 'B_C__F_G': 1.5667034214676314, 'B_C__last': 2.0317877841776872, 'F_G__B_C': 1.5667034214676314, 'F_G__last': 1.5667034214408455, 'last__B_C': 2.0317877841776872, 'last__F_G': 1.5667034214408455}
2.0326104468725963	152	(-1, 1, -1, -1, 1, 1, -1, -1, -1)	1.5667034214582563	{'G__K': 1.6039967949744993, 'K__G': 1.6039967949744993, 'B_C__F_G': 1.5667034214676314, 'B_C__last': 1.398125448210294, 'D_E__H_I': 1.5667034214582563, 'F_G__B_C': 1.5667034214676314, 'F_G__last': 1.5667034214230056, 'H_I__D_E': 1.5667034214582563, 'last__B_C': 1.398125448210294, 'last__F_G': 1.5667034214230056}
2.0326104468725963	153	(-1, 1, -1, -1, 1, 1, -1, -1, 1)	1.5667034214406308	{'B_C__F_G': 1.5667034214676314, 'B_C__last': 1.398125448210294, 'D_E__H_I': 1.5667034214582563, 'F_G__B_C': 1.5667034214676314, 'F_G__last': 1.5667034214230056, 'H_I__D_E': 1.5667034214582563, 'last__B_C': 1.398125448210294, 'last__F_G': 1.5667034214230056}
2.0326104468725963	154	(-1, 1, -1, -1, 1, 1, -1, 1, -1)	1.5667034214629438	{'B_C__F_G': 1.5667034214676314, 'D_E__H_I': 1.5667034214582563, 'F_G__B_C': 1.5667034214676314, 'H_I__D_E': 1.5667034214582563}
2.0326104468725963	155	(-1, 1, -1, -1, 1, 1, -1, 1, 1)	1.5667034214629438	{'B_C__F_G': 1.5667034214676314, 'D_E__H_I': 1.5667034214582563, 'F_G__B_C': 1.5667034214676314, 'H_I__D_E': 1.5667034214582563}
2.035752039526186	143	(-1, 1, -1, -1, -1, 1, 1, 1, 1)	1.1425766477024144	{'C__G': 1.1425766477525376, 'C__K': 1.8258839026364884, 'F__J': 1.1425766477024144, 'G__C': 1.1425766477525376, 'G__K': 1.142576647692544, 'J__F': 1.1425766477024144, 'K__C': 1.8258839026364884, 'K__G': 1.142576647692544, 'B_C__F_G': 1.1168882786513594, 'B_C__last': 2.23377602757098, 'F_G__B_C': 1.1168882786513594, 'F_G__last': 1.1168882786107701, 'last__B_C': 2.23377602757098, 'last__F_G': 1.1168882786107701}
2.035752039526186	144	(-1, 1, -1, -1, 1, -1, -1, -1, -1)	1.142576647686583	{'F__J': 1.142576647686583, 'G__K': 1.1425766476966557, 'J__F': 1.142576647686583, 'K__G': 1.1425766476966557, 'B_C__F_G': 1.1168882786513594, 'B_C__last': 1.8999513181906018, 'F_G__B_C': 1.1168882786513594, 'F_G__last': 1.1168882785799348, 'last__B_C': 1.8999513181906018, 'last__F_G': 1.1168882785799348}
2.035752039526186	145	(-1, 1, -1, -1, 1, -1, -1, -1, 1)	1.1297324631689714	{'F__J': 1.142576647686583, 'J__F': 1.142576647686583, 'B_C__F_G': 1.1168882786513594, 'B_C__last': 1.8999513181906018, 'F_G__B_C': 1.1168882786513594, 'F_G__last': 1.1168882785799348, 'last__B_C': 1.8999513181906018, 'last__F_G': 1.1168882785799348}
2.035752039526186	146	(-1, 1, -1, -1, 1, -1, -1, 1, -1)	1.1168882786513594	{'B_C__F_G': 1.1168882786513594, 'F_G__B_C': 1.1168882786513594}
2.035752039526186	147	(-1, 1, -1, -1, 1, -1, -1, 1, 1)	1.1168882786513594	{'B_C__F_G': 1.1168882786513594, 'F_G__B_C': 1.1168882786513594}
2.035752039526186	148	(-1, 1, -1, -1, 1, -1, 1, -1, -1)	1.1168882786513594	{'B_C__F_G': 1.1168882786513594, 'F_G__B_C': 1.1168882786513594}
2.035752039526186	149	(-1, 1, -1, -1, 1, -1, 1, -1, 1)	1.1168882786513594	{'B_C__F_G': 1.1168882786513594, 'F_G__B_C': 1.1168882786513594}
2.035752039526186	150	(-1, 1, -1, -1, 1, -1, 1, 1, -1)	1.1168882786513594	{'B_C__F_G': 1.1168882786513594, 'B_C__last': 1.450377382362465, 'F_G__B_C': 1.1168882786513594, 'F_G__last': 1.1168882786292251, 'last__B_C': 1.450377382362465, 'last__F_G': 1.1168882786292251}
2.035752039526186	151	(-1, 1, -1, -1, 1, -1, 1, 1, 1)	1.1297324631780408	{'G__K': 1.1425766477047221, 'K__G': 1.1425766477047221, 'B_C__F_G': 1.1168882786513594, 'B_C__last': 1.450377382362465, 'F_G__B_C': 1.1168882786513594, 'F_G__last': 1.1168882786292251, 'last__B_C': 1.450377382362465, 'last__F_G': 1.1168882786292251}
2.035752039526186	152	(-1, 1, -1, -1, 1, 1, -1, -1, -1)	1.1168882786475753	{'G__K': 1.1425766476872674, 'K__G': 1.1425766476872674, 'B_C__F_G': 1.1168882786513594, 'B_C__last': 1.0005901668825397, 'D_E__H_I': 1.1168882786475753, 'F_G__B_C': 1.1168882786513594, 'F_G__last': 1.1168882785805605, 'H_I__D_E': 1.1168882786475753, 'last__B_C': 1.0005901668825397, 'last__F_G': 1.1168882785805605}
2.035752039526186	153	(-1, 1, -1, -1, 1, 1, -1, -1, 1)	1.116888278614068	{'B_C__F_G': 1.1168882786513594, 'B_C__last': 1.0005901668825397, 'D_E__H_I': 1.1168882786475753, 'F_G__B_C': 1.1168882786513594, 'F_G__last': 1.1168882785805605, 'H_I__D_E': 1.1168882786475753, 'last__B_C': 1.0005901668825397, 'last__F_G': 1.1168882785805605}
2.035752039526186	154	(-1, 1, -1, -1, 1, 1, -1, 1, -1)	1.1168882786494674	{'B_C__F_G': 1.1168882786513594, 'D_E__H_I': 1.1168882786475753, 'F_G__B_C': 1.1168882786513594, 'H_I__D_E': 1.1168882786475753}
2.035752039526186	155	(-1, 1, -1, -1, 1, 1, -1, 1, 1)	1.1168882786494674	{'B_C__F_G': 1.1168882786513594, 'D_E__H_I': 1.1168882786475753, 'F_G__B_C': 1.1168882786513594, 'H_I__D_E': 1.1168882786475753}
2.038893632179776	143	(-1, 1, -1, -1, -1, 1, 1, 1, 1)	3.880518839340509	{'C__G': 3.8805188392970704, 'C__K': 6.203997457975611, 'F__J': 3.880518839340509, 'G__C': 3.8805188392970704, 'G__K': 3.8805188393495467, 'J__F': 3.880518839340509, 'K__C': 6.203997457975611, 'K__G': 3.8805188393495467, 'B_C__F_G': 3.7962541347351264, 'B_C__last': 7.592487298794041, 'F_G__B_C': 3.7962541347351264, 'F_G__last': 3.7962541347795047, 'last__B_C': 7.592487298794041, 'last__F_G': 3.7962541347795047}
2.038893632179776	144	(-1, 1, -1, -1, 1, -1, -1, -1, -1)	3.880518839311504	{'F__J': 3.8805188393266117, 'G__K': 3.880518839311504, 'J__F': 3.8805188393266117, 'K__G': 3.880518839311504, 'B_C__F_G': 3.7962541347351264, 'B_C__last': 6.4561101693186, 'F_G__B_C': 3.7962541347351264, 'F_G__last': 3.7962541347539505, 'last__B_C': 6.4561101693186, 'last__F_G': 3.7962541347539505}
2.038893632179776	145	(-1, 1, -1, -1, 1, -1, -1, -1, 1)	3.838386487040281	{'F__J': 3.8805188393266117, 'J__F': 3.8805188393266117, 'B_C__F_G': 3.7962541347351264, 'B_C__last': 6.4561101693186, 'F_G__B_C': 3.7962541347351264, 'F_G__last': 3.7962541347539505, 'last__B_C': 6.4561101693186, 'last__F_G': 3.7962541347539505}
2.038893632179776	146	(-1, 1, -1, -1, 1, -1, -1, 1, -1)	3.7962541347351264	{'B_C__F_G': 3.7962541347351264, 'F_G__B_C': 3.7962541347351264}
2.038893632179776	147	(-1, 1, -1, -1, 1, -1, -1, 1, 1)	3.7962541347351264	{'B_C__F_G': 3.7962541347351264, 'F_G__B_C': 3.7962541347351264}
2.038893632179776	148	(-1, 1, -1, -1, 1, -1, 1, -1, -1)	3.7962541347351264	{'B_C__F_G': 3.7962541347351264, 'F_G__B_C': 3.7962541347351264}
2.038893632179776	149	(-1, 1, -1, -1, 1, -1, 1, -1, 1)	3.7962541347351264	{'B_C__F_G': 3.7962541347351264, 'F_G__B_C': 3.7962541347351264}
2.038893632179776	150	(-1, 1, -1, -1, 1, -1, 1, 1, -1)	3.7962541347701317	{'B_C__F_G': 3.7962541347351264, 'B_C__last': 4.936332452469305, 'F_G__B_C': 3.7962541347351264, 'F_G__last': 3.7962541347701317, 'last__B_C': 4.936332452469305, 'last__F_G': 3.7962541347701317}
2.038893632179776	151	(-1, 1, -1, -1, 1, -1, 1, 1, 1)	3.8383864870506152	{'G__K': 3.8805188393310988, 'K__G': 3.8805188393310988, 'B_C__F_G': 3.7962541347351264, 'B_C__last': 4.936332452469305, 'F_G__B_C': 3.7962541347351264, 'F_G__last': 3.7962541347701317, 'last__B_C': 4.936332452469305, 'last__F_G': 3.7962541347701317}
2.038893632179776	152	(-1, 1, -1, -1, 1, 1, -1, -1, -1)	3.796254134753602	{'G__K': 3.880518839318717, 'K__G': 3.880518839318717, 'B_C__F_G': 3.7962541347351264, 'B_C__last': 3.4141355360394203, 'D_E__H_I': 3.796254134758224, 'F_G__B_C': 3.7962541347351264, 'F_G__last': 3.796254134753602, 'H_I__D_E': 3.796254134758224, 'last__B_C': 3.4141355360394203, 'last__F_G': 3.796254134753602}
2.038893632179776	153	(-1, 1, -1, -1, 1, 1, -1, -1, 1)	3.7962541347443644	{'B_C__F_G': 3.7962541347351264, 'B_C__last': 3.4141355360394203, 'D_E__H_I': 3.796254134758224, 'F_G__B_C': 3.7962541347351264, 'F_G__last': 3.796254134753602, 'H_I__D_E': 3.796254134758224, 'last__B_C': 3.4141355360394203, 'last__F_G': 3.796254134753602}
2.038893632179776	154	(-1, 1, -1, -1, 1, 1, -1, 1, -1)	3.7962541347466754	{'B_C__F_G': 3.7962541347351264, 'D_E__H_I': 3.796254134758224, 'F_G__B_C': 3.7962541347351264, 'H_I__D_E': 3.796254134758224}
2.038893632179776	155	(-1, 1, -1, -1, 1, 1, -1, 1, 1)	3.7962541347466754	{'B_C__F_G': 3.7962541347351264, 'D_E__H_I': 3.796254134758224, 'F_G__B_C': 3.7962541347351264, 'H_I__D_E': 3.796254134758224}
2.0420352248333655	143	(-1, 1, -1, -1, -1, 1, 1, 1, 1)	6.609818118112945	{'C__G': 6.609818118112945, 'F__J': 6.609818118118548, 'G__C': 6.609818118112945, 'G__K': 6.609818118118259, 'J__F': 6.609818118118548, 'K__G': 6.609818118118259, 'B_C__F_G': 6.471367702535903, 'F_G__B_C': 6.471367702535903, 'F_G__last': 6.471367702568517, 'last__F_G': 6.471367702568517}
2.0420352248333655	144	(-1, 1, -1, -1, 1, -1, -1, -1, -1)	6.540592910318191	{'F__J': 6.609818118100479, 'G__K': 6.609818118110943, 'J__F': 6.609818118100479, 'K__G': 6.609818118110943, 'B_C__F_G': 6.471367702535903, 'F_G__B_C': 6.471367702535903, 'F_G__last': 6.471367702531175, 'last__F_G': 6.471367702531175}
2.0420352248333655	145	(-1, 1, -1, -1, 1, -1, -1, -1, 1)	6.471367702535903	{'F__J': 6.609818118100479, 'J__F': 6.609818118100479, 'B_C__F_G': 6.471367702535903, 'F_G__B_C': 6.471367702535903, 'F_G__last': 6.471367702531175, 'last__F_G': 6.471367702531175}
2.0420352248333655	146	(-1, 1, -1, -1, 1, -1, -1, 1, -1)	6.471367702535903	{'B_C__F_G': 6.471367702535903, 'F_G__B_C': 6.471367702535903}
2.0420352248333655	147	(-1, 1, -1, -1, 1, -1, -1, 1, 1)	6.471367702535903	{'B_C__F_G': 6.471367702535903, 'F_G__B_C': 6.471367702535903}
2.0420352248333655	148	(-1, 1, -1, -1, 1, -1, 1, -1, -1)	6.471367702535903	{'B_C__F_G': 6.471367702535903, 'F_G__B_C': 6.471367702535903}
2.0420352248333655	149	(-1, 1, -1, -1, 1, -1, 1, -1, 1)	6.471367702535903	{'B_C__F_G': 6.471367702535903, 'F_G__B_C': 6.471367702535903}
2.0420352248333655	150	(-1, 1, -1, -1, 1, -1, 1, 1, -1)	6.471367702558489	{'B_C__F_G': 6.471367702535903, 'B_C__last': 8.425993933986303, 'F_G__B_C': 6.471367702535903, 'F_G__last': 6.471367702558489, 'last__B_C': 8.425993933986303, 'last__F_G': 6.471367702558489}
2.0420352248333655	151	(-1, 1, -1, -1, 1, -1, 1, 1, 1)	6.540592910338752	{'G__K': 6.609818118119015, 'K__G': 6.609818118119015, 'B_C__F_G': 6.471367702535903, 'B_C__last': 8.425993933986303, 'F_G__B_C': 6.471367702535903, 'F_G__last': 6.471367702558489, 'last__B_C': 8.425993933986303, 'last__F_G': 6.471367702558489}
2.0420352248333655	152	(-1, 1, -1, -1, 1, 1, -1, -1, -1)	6.471367702535903	{'G__K': 6.609818118108322, 'K__G': 6.609818118108322, 'B_C__F_G': 6.471367702535903, 'B_C__last': 5.842415255811986, 'D_E__H_I': 6.471367702523656, 'F_G__B_C': 6.471367702535903, 'F_G__last': 6.471367702536333, 'H_I__D_E': 6.471367702523656, 'last__B_C': 5.842415255811986, 'last__F_G': 6.471367702536333}
2.0420352248333655	153	(-1, 1, -1, -1, 1, 1, -1, -1, 1)	6.471367702529779	{'B_C__F_G': 6.471367702535903, 'B_C__last': 5.842415255811986, 'D_E__H_I': 6.471367702523656, 'F_G__B_C': 6.471367702535903, 'F_G__last': 6.471367702536333, 'H_I__D_E': 6.471367702523656, 'last__B_C': 5.842415255811986, 'last__F_G': 6.471367702536333}
2.0420352248333655	154	(-1, 1, -1, -1, 1, 1, -1, 1, -1)	6.471367702529779	{'B_C__F_G': 6.471367702535903, 'D_E__H_I': 6.471367702523656, 'F_G__B_C': 6.471367702535903, 'H_I__D_E': 6.471367702523656}
2.0420352248333655	155	(-1, 1, -1, -1, 1, 1, -1, 1, 1)	6.471367702529779	{'B_C__F_G': 6.471367702535903, 'D_E__H_I': 6.471367702523656, 'F_G__B_C': 6.471367702535903, 'H_I__D_E': 6.471367702523656}
2.0451768174869556	143	(-1, 1, -1, -1, -1, 1, 1, 1, 1)	9.330463035099353	{'C__G': 9.330463035099353, 'F__J': 9.330463035131729, 'G__C': 9.330463035099353, 'G__K': 9.330463035139353, 'J__F': 9.330463035131729, 'K__G': 9.330463035139353, 'B_C__F_G': 9.142202579748538, 'F_G__B_C': 9.142202579748538, 'F_G__last': 9.142202579801628, 'last__F_G': 9.142202579801628}
2.0451768174869556	144	(-1, 1, -1, -1, 1, -1, -1, -1, -1)	9.236332807451783	{'F__J': 9.330463035120594, 'G__K': 9.330463035119449, 'J__F': 9.330463035120594, 'K__G': 9.330463035119449, 'B_C__F_G': 9.142202579748538, 'F_G__B_C': 9.142202579748538, 'F_G__last': 9.142202579784117, 'last__F_G': 9.142202579784117}
2.0451768174869556	145	(-1, 1, -1, -1, 1, -1, -1, -1, 1)	9.142202579784117	{'F__J': 9.330463035120594, 'J__F': 9.330463035120594, 'B_C__F_G': 9.142202579748538, 'F_G__B_C': 9.142202579748538, 'F_G__last': 9.142202579784117, 'last__F_G': 9.142202579784117}
2.0451768174869556	146	(-1, 1, -1, -1, 1, -1, -1, 1, -1)	9.142202579748538	{'B_C__F_G': 9.142202579748538, 'F_G__B_C': 9.142202579748538}
2.0451768174869556	147	(-1, 1, -1, -1, 1, -1, -1, 1, 1)	9.142202579748538	{'B_C__F_G': 9.142202579748538, 'F_G__B_C': 9.142202579748538}
2.0451768174869556	148	(-1, 1, -1, -1, 1, -1, 1, -1, -1)	9.142202579748538	{'B_C__F_G': 9.142202579748538, 'F_G__B_C': 9.142202579748538}
2.0451768174869556	149	(-1, 1, -1, -1, 1, -1, 1, -1, 1)	9.142202579748538	{'B_C__F_G': 9.142202579748538, 'F_G__B_C': 9.142202579748538}
2.0451768174869556	150	(-1, 1, -1, -1, 1, -1, 1, 1, -1)	9.142202579764096	{'B_C__F_G': 9.142202579748538, 'F_G__B_C': 9.142202579748538, 'F_G__last': 9.142202579779655, 'last__F_G': 9.142202579779655}
2.0451768174869556	151	(-1, 1, -1, -1, 1, -1, 1, 1, 1)	9.142202579779655	{'G__K': 9.33046303512142, 'K__G': 9.33046303512142, 'B_C__F_G': 9.142202579748538, 'F_G__B_C': 9.142202579748538, 'F_G__last': 9.142202579779655, 'last__F_G': 9.142202579779655}
2.0451768174869556	152	(-1, 1, -1, -1, 1, 1, -1, -1, -1)	9.142202579767769	{'G__K': 9.330463035108057, 'K__G': 9.330463035108057, 'B_C__F_G': 9.142202579748538, 'B_C__last': 8.285333208955429, 'D_E__H_I': 9.142202579767769, 'F_G__B_C': 9.142202579748538, 'F_G__last': 9.142202579778818, 'H_I__D_E': 9.142202579767769, 'last__B_C': 8.285333208955429, 'last__F_G': 9.142202579778818}
2.0451768174869556	153	(-1, 1, -1, -1, 1, 1, -1, -1, 1)	9.142202579758154	{'B_C__F_G': 9.142202579748538, 'B_C__last': 8.285333208955429, 'D_E__H_I': 9.142202579767769, 'F_G__B_C': 9.142202579748538, 'F_G__last': 9.142202579778818, 'H_I__D_E': 9.142202579767769, 'last__B_C': 8.285333208955429, 'last__F_G': 9.142202579778818}
2.0451768174869556	154	(-1, 1, -1, -1, 1, 1, -1, 1, -1)	9.142202579758154	{'B_C__F_G': 9.142202579748538, 'D_E__H_I': 9.142202579767769, 'F_G__B_C': 9.142202579748538, 'H_I__D_E': 9.142202579767769}
2.0451768174869556	155	(-1, 1, -1, -1, 1, 1, -1, 1, 1)	9.142202579758154	{'B_C__F_G': 9.142202579748538, 'D_E__H_I': 9.142202579767769, 'F_G__B_C': 9.142202579748538, 'H_I__D_E': 9.142202579767769}
2.0797343366764434	144	(-1, 1, -1, -1, 1, -1, -1, -1, -1)	6.867101122726224	{'B__G': 6.867101122726224, 'G__B': 6.867101122726224}
2.0797343366764434	145	(-1, 1, -1, -1, 1, -1, -1, -1, 1)	6.867101122726224	{'B__G': 6.867101122726224, 'G__B': 6.867101122726224}
2.0797343366764434	146	(-1, 1, -1, -1, 1, -1, -1, 1, -1)	6.867101122726224	{'B__G': 6.867101122726224, 'G__B': 6.867101122726224}
2.0797343366764434	147	(-1, 1, -1, -1, 1, -1, -1, 1, 1)	6.867101122726224	{'B__G': 6.867101122726224, 'G__B': 6.867101122726224}
2.0797343366764434	148	(-1, 1, -1, -1, 1, -1, 1, -1, -1)	6.867101122726224	{'B__G': 6.867101122726224, 'G__B': 6.867101122726224}
2.0797343366764434	149	(-1, 1, -1, -1, 1, -1, 1, -1, 1)	6.867101122726224	{'B__G': 6.867101122726224, 'G__B': 6.867101122726224}
2.0797343366764434	150	(-1, 1, -1, -1, 1, -1, 1, 1, -1)	6.86710112269457	{'B__G': 6.867101122726224, 'F__K': 6.867101122662916, 'G__B': 6.867101122726224, 'K__F': 6.867101122662916}
2.0797343366764434	151	(-1, 1, -1, -1, 1, -1, 1, 1, 1)	6.867101122726224	{'B__G': 6.867101122726224, 'G__B': 6.867101122726224}
2.0797343366764434	152	(-1, 1, -1, -1, 1, 1, -1, -1, -1)	6.867101122743785	{'B__G': 6.867101122726224, 'D__I': 6.867101122761346, 'G__B': 6.867101122726224, 'I__D': 6.867101122761346}
2.0797343366764434	153	(-1, 1, -1, -1, 1, 1, -1, -1, 1)	6.867101122732641	{'B__G': 6.867101122726224, 'D__I': 6.867101122761346, 'F__K': 6.867101122732641, 'G__B': 6.867101122726224, 'I__D': 6.867101122761346, 'K__F': 6.867101122732641}
2.0797343366764434	154	(-1, 1, -1, -1, 1, 1, -1, 1, -1)	6.867101122743785	{'B__G': 6.867101122726224, 'D__I': 6.867101122761346, 'G__B': 6.867101122726224, 'I__D': 6.867101122761346}
2.0797343366764434	155	(-1, 1, -1, -1, 1, 1, -1, 1, 1)	6.867101122743785	{'B__G': 6.867101122726224, 'D__I': 6.867101122761346, 'G__B': 6.867101122726224, 'I__D': 6.867101122761346}
2.082875929330033	144	(-1, 1, -1, -1, 1, -1, -1, -1, -1)	2.8606276811648828	{'B__G': 2.8606276811648828, 'G__B': 2.8606276811648828}
2.082875929330033	145	(-1, 1, -1, -1, 1, -1, -1, -1, 1)	2.8606276811648828	{'B__G': 2.8606276811648828, 'G__B': 2.8606276811648828}
2.082875929330033	146	(-1, 1, -1, -1, 1, -1, -1, 1, -1)	2.8606276811648828	{'B__G': 2.8606276811648828, 'G__B': 2.8606276811648828}
2.082875929330033	147	(-1, 1, -1, -1, 1, -1, -1, 1, 1)	2.8606276811648828	{'B__G': 2.8606276811648828, 'G__B': 2.8606276811648828}
2.082875929330033	148	(-1, 1, -1, -1, 1, -1, 1, -1, -1)	2.8606276811648828	{'B__G': 2.8606276811648828, 'G__B': 2.8606276811648828}
2.082875929330033	149	(-1, 1, -1, -1, 1, -1, 1, -1, 1)	2.8606276811648828	{'B__G': 2.8606276811648828, 'G__B': 2.8606276811648828}
2.082875929330033	150	(-1, 1, -1, -1, 1, -1, 1, 1, -1)	2.8606276811602056	{'B__G': 2.8606276811648828, 'F__K': 2.8606276811555285, 'G__B': 2.8606276811648828, 'K__F': 2.8606276811555285}
2.082875929330033	151	(-1, 1, -1, -1, 1, -1, 1, 1, 1)	2.8606276811648828	{'B__G': 2.8606276811648828, 'G__B': 2.8606276811648828}
2.082875929330033	152	(-1, 1, -1, -1, 1, 1, -1, -1, -1)	2.8606276811639373	{'B__G': 2.8606276811648828, 'D__I': 2.860627681162992, 'G__B': 2.8606276811648828, 'I__D': 2.860627681162992}
2.082875929330033	153	(-1, 1, -1, -1, 1, 1, -1, -1, 1)	2.8606276811648828	{'B__G': 2.8606276811648828, 'D__I': 2.860627681162992, 'F__K': 2.860627681203192, 'G__B': 2.8606276811648828, 'I__D': 2.860627681162992, 'K__F': 2.860627681203192}
2.082875929330033	154	(-1, 1, -1, -1, 1, 1, -1, 1, -1)	2.8606276811639373	{'B__G': 2.8606276811648828, 'D__I': 2.860627681162992, 'G__B': 2.8606276811648828, 'I__D': 2.860627681162992}
2.082875929330033	155	(-1, 1, -1, -1, 1, 1, -1, 1, 1)	2.8606276811639373	{'B__G': 2.8606276811648828, 'D__I': 2.860627681162992, 'G__B': 2.8606276811648828, 'I__D': 2.860627681162992}
2.0860175219836226	144	(-1, 1, -1, -1, 1, -1, -1, -1, -1)	1.139999413643474	{'B__G': 1.139999413643474, 'G__B': 1.139999413643474}
2.0860175219836226	145	(-1, 1, -1, -1, 1, -1, -1, -1, 1)	1.139999413643474	{'B__G': 1.139999413643474, 'G__B': 1.139999413643474}
2.0860175219836226	146	(-1, 1, -1, -1, 1, -1, -1, 1, -1)	1.139999413643474	{'B__G': 1.139999413643474, 'G__B': 1.139999413643474}
2.0860175219836226	147	(-1, 1, -1, -1, 1, -1, -1, 1, 1)	1.139999413643474	{'B__G': 1.139999413643474, 'G__B': 1.139999413643474}
2.0860175219836226	148	(-1, 1, -1, -1, 1, -1, 1, -1, -1)	1.139999413643474	{'B__G': 1.139999413643474, 'G__B': 1.139999413643474}
2.0860175219836226	149	(-1, 1, -1, -1, 1, -1, 1, -1, 1)	1.139999413643474	{'B__G': 1.139999413643474, 'G__B': 1.139999413643474}
2.0860175219836226	150	(-1, 1, -1, -1, 1, -1, 1, 1, -1)	1.139999413658801	{'B__G': 1.139999413643474, 'F__K': 1.139999413674128, 'G__B': 1.139999413643474, 'K__F': 1.139999413674128}
2.0860175219836226	151	(-1, 1, -1, -1, 1, -1, 1, 1, 1)	1.139999413643474	{'B__G': 1.139999413643474, 'G__B': 1.139999413643474}
2.0860175219836226	152	(-1, 1, -1, -1, 1, 1, -1, -1, -1)	1.1399994136328027	{'B__G': 1.139999413643474, 'D__I': 1.1399994136221316, 'G__B': 1.139999413643474, 'I__D': 1.1399994136221316}
2.0860175219836226	153	(-1, 1, -1, -1, 1, 1, -1, -1, 1)	1.1399994136221316	{'B__G': 1.139999413643474, 'D__I': 1.1399994136221316, 'F__K': 1.1399994136111062, 'G__B': 1.139999413643474, 'I__D': 1.1399994136221316, 'K__F': 1.1399994136111062}
2.0860175219836226	154	(-1, 1, -1, -1, 1, 1, -1, 1, -1)	1.1399994136328027	{'B__G': 1.139999413643474, 'D__I': 1.1399994136221316, 'G__B': 1.139999413643474, 'I__D': 1.1399994136221316}
2.0860175219836226	155	(-1, 1, -1, -1, 1, 1, -1, 1, 1)	1.1399994136328027	{'B__G': 1.139999413643474, 'D__I': 1.1399994136221316, 'G__B': 1.139999413643474, 'I__D': 1.1399994136221316}
2.0891591146372126	144	(-1, 1, -1, -1, 1, -1, -1, -1, -1)	5.134734183735074	{'B__G': 5.134734183735074, 'G__B': 5.134734183735074}
2.0891591146372126	145	(-1, 1, -1, -1, 1, -1, -1, -1, 1)	5.134734183735074	{'B__G': 5.134734183735074, 'G__B': 5.134734183735074}
2.0891591146372126	146	(-1, 1, -1, -1, 1, -1, -1, 1, -1)	5.134734183735074	{'B__G': 5.134734183735074, 'G__B': 5.134734183735074}
2.0891591146372126	147	(-1, 1, -1, -1, 1, -1, -1, 1, 1)	5.134734183735074	{'B__G': 5.134734183735074, 'G__B': 5.134734183735074}
2.0891591146372126	148	(-1, 1, -1, -1, 1, -1, 1, -1, -1)	5.134734183735074	{'B__G': 5.134734183735074, 'G__B': 5.134734183735074}
2.0891591146372126	149	(-1, 1, -1, -1, 1, -1, 1, -1, 1)	5.134734183735074	{'B__G': 5.134734183735074, 'G__B': 5.134734183735074}
2.0891591146372126	150	(-1, 1, -1, -1, 1, -1, 1, 1, -1)	5.134734183750783	{'B__G': 5.134734183735074, 'F__K': 5.134734183766493, 'G__B': 5.134734183735074, 'K__F': 5.134734183766493}
2.0891591146372126	151	(-1, 1, -1, -1, 1, -1, 1, 1, 1)	5.134734183735074	{'B__G': 5.134734183735074, 'G__B': 5.134734183735074}
2.0891591146372126	152	(-1, 1, -1, -1, 1, 1, -1, -1, -1)	5.134734183729085	{'B__G': 5.134734183735074, 'D__I': 5.134734183723097, 'G__B': 5.134734183735074, 'I__D': 5.134734183723097}
2.0891591146372126	153	(-1, 1, -1, -1, 1, 1, -1, -1, 1)	5.134734183735074	{'B__G': 5.134734183735074, 'D__I': 5.134734183723097, 'F__K': 5.134734183807478, 'G__B': 5.134734183735074, 'I__D': 5.134734183723097, 'K__F': 5.134734183807478}
2.0891591146372126	154	(-1, 1, -1, -1, 1, 1, -1, 1, -1)	5.134734183729085	{'B__G': 5.134734183735074, 'D__I': 5.134734183723097, 'G__B': 5.134734183735074, 'I__D': 5.134734183723097}
2.0891591146372126	155	(-1, 1, -1, -1, 1, 1, -1, 1, 1)	5.134734183729085	{'B__G': 5.134734183735074, 'D__I': 5.134734183723097, 'G__B': 5.134734183735074, 'I__D': 5.134734183723097}
2.092300707290802	144	(-1, 1, -1, -1, 1, -1, -1, -1, -1)	9.123530684852128	{'B__G': 9.123530684852128, 'G__B': 9.123530684852128}
2.092300707290802	145	(-1, 1, -1, -1, 1, -1, -1, -1, 1)	9.123530684852128	{'B__G': 9.123530684852128, 'G__B': 9.123530684852128}
2.092300707290802	146	(-1, 1, -1, -1, 1, -1, -1, 1, -1)	9.123530684852128	{'B__G': 9.123530684852128, 'G__B': 9.123530684852128}
2.092300707290802	147	(-1, 1, -1, -1, 1, -1, -1, 1, 1)	9.123530684852128	{'B__G': 9.123530684852128, 'G__B': 9.123530684852128}
2.092300707290802	148	(-1, 1, -1, -1, 1, -1, 1, -1, -1)	9.123530684852128	{'B__G': 9.123530684852128, 'G__B': 9.123530684852128}
2.092300707290802	149	(-1, 1, -1, -1, 1, -1, 1, -1, 1)	9.123530684852128	{'B__G': 9.123530684852128, 'G__B': 9.123530684852128}
2.092300707290802	150	(-1, 1, -1, -1, 1, -1, 1, 1, -1)	9.123530684846616	{'B__G': 9.123530684852128, 'F__K': 9.123530684841104, 'G__B': 9.123530684852128, 'K__F': 9.123530684841104}
2.092300707290802	151	(-1, 1, -1, -1, 1, -1, 1, 1, 1)	9.123530684852128	{'B__G': 9.123530684852128, 'G__B': 9.123530684852128}
2.092300707290802	152	(-1, 1, -1, -1, 1, 1, -1, -1, -1)	9.123530684849754	{'B__G': 9.123530684852128, 'D__I': 9.12353068484738, 'G__B': 9.123530684852128, 'I__D': 9.12353068484738}
2.092300707290802	153	(-1, 1, -1, -1, 1, 1, -1, -1, 1)	9.123530684852128	{'B__G': 9.123530684852128, 'D__I': 9.12353068484738, 'F__K': 9.123530684912861, 'G__B': 9.123530684852128, 'I__D': 9.12353068484738, 'K__F': 9.123530684912861}
2.092300707290802	154	(-1, 1, -1, -1, 1, 1, -1, 1, -1)	9.123530684849754	{'B__G': 9.123530684852128, 'D__I': 9.12353068484738, 'G__B': 9.123530684852128, 'I__D': 9.12353068484738}
2.092300707290802	155	(-1, 1, -1, -1, 1, 1, -1, 1, 1)	9.123530684849754	{'B__G': 9.123530684852128, 'D__I': 9.12353068484738, 'G__B': 9.123530684852128, 'I__D': 9.12353068484738}
2.494424566950296	153	(-1, 1, -1, -1, 1, 1, -1, -1, 1)	6.731606749133873	{'B__K': 6.731606749133873, 'K__B': 6.731606749133873}
2.4975661596038856	153	(-1, 1, -1, -1, 1, 1, -1, -1, 1)	1.7401661559792208	{'B__K': 1.7401661559792208, 'K__B': 1.7401661559792208}
2.5007077522574757	153	(-1, 1, -1, -1, 1, 1, -1, -1, 1)	3.24591585967301	{'B__K': 3.24591585967301, 'K__B': 3.24591585967301}
2.5038493449110653	153	(-1, 1, -1, -1, 1, 1, -1, -1, 1)	8.226407754253584	{'B__K': 8.226407754253584, 'K__B': 8.226407754253584}
2.5132741228718345	146	(-1, 1, -1, -1, 1, -1, -1, 1, -1)	5.635621484343566	{'E__J': 5.635621484343566, 'J__E': 5.635621484343566}
2.5132741228718345	147	(-1, 1, -1, -1, 1, -1, -1, 1, 1)	5.635621484343566	{'E__J': 5.635621484343566, 'J__E': 5.635621484343566}
2.5164157155254245	146	(-1, 1, -1, -1, 1, -1, -1, 1, -1)	1.2790465827911863	{'E__J': 1.2790465827911863, 'J__E': 1.2790465827911863}
2.5164157155254245	147	(-1, 1, -1, -1, 1, -1, -1, 1, 1)	1.2790465827911863	{'E__J': 1.2790465827911863, 'J__E': 1.2790465827911863}
2.519557308179014	146	(-1, 1, -1, -1, 1, -1, -1, 1, -1)	8.173555410188081	{'E__J': 8.173555410188081, 'J__E': 8.173555410188081}
2.519557308179014	147	(-1, 1, -1, -1, 1, -1, -1, 1, 1)	8.173555410188081	{'E__J': 8.173555410188081, 'J__E': 8.173555410188081}
2.6640705702441445	146	(-1, 1, -1, -1, 1, -1, -1, 1, -1)	6.144718401045522	{'D_E__last': 6.144718401045522, 'last__D_E': 6.144718401045522}
2.6640705702441445	147	(-1, 1, -1, -1, 1, -1, -1, 1, 1)	6.144718401045522	{'D_E__last': 6.144718401045522, 'last__D_E': 6.144718401045522}
2.6672121628977346	146	(-1, 1, -1, -1, 1, -1, -1, 1, -1)	0.40527255832164943	{'D_E__last': 0.40527255832164943, 'last__D_E': 0.40527255832164943}
2.6672121628977346	147	(-1, 1, -1, -1, 1, -1, -1, 1, 1)	0.40527255832164943	{'D_E__last': 0.40527255832164943, 'last__D_E': 0.40527255832164943}
2.670353755551324	146	(-1, 1, -1, -1, 1, -1, -1, 1, -1)	6.923616696052206	{'D_E__last': 6.923616696052206, 'last__D_E': 6.923616696052206}
2.670353755551324	147	(-1, 1, -1, -1, 1, -1, -1, 1, 1)	6.923616696052206	{'D_E__last': 6.923616696052206, 'last__D_E': 6.923616696052206}
3.0190705400997913	144	(-1, 1, -1, -1, 1, -1, -1, -1, -1)	9.613843256839695	{'A__K': 9.613843256839695, 'K__A': 9.613843256839695}
3.0222121327533813	144	(-1, 1, -1, -1, 1, -1, -1, -1, -1)	9.129932015444858	{'A__K': 9.129932015444858, 'K__A': 9.129932015444858}
3.025353725406971	144	(-1, 1, -1, -1, 1, -1, -1, -1, -1)	8.658306888498856	{'A__K': 8.658306888498856, 'K__A': 8.658306888498856}
3.028495318060561	144	(-1, 1, -1, -1, 1, -1, -1, -1, -1)	8.19898981291729	{'A__K': 8.19898981291729, 'K__A': 8.19898981291729}
3.0316369107141505	144	(-1, 1, -1, -1, 1, -1, -1, -1, -1)	8.774238218357985	{'A__K': 7.752002195133655, 'K__A': 7.752002195133655, 'first__last': 9.796474241582315, 'last__first': 9.796474241582315}
3.0316369107141505	145	(-1, 1, -1, -1, 1, -1, -1, -1, 1)	9.796474241582315	{'first__last': 9.796474241582315, 'last__first': 9.796474241582315}
3.03477850336774	144	(-1, 1, -1, -1, 1, -1, -1, -1, -1)	8.281660989716885	{'A__K': 7.317364906290357, 'K__A': 7.317364906290357, 'first__last': 9.245957073143412, 'last__first': 9.245957073143412}
3.03477850336774	145	(-1, 1, -1, -1, 1, -1, -1, -1, 1)	9.245957073143412	{'first__last': 9.245957073143412, 'last__first': 9.245957073143412}
3.03792009602133	144	(-1, 1, -1, -1, 1, -1, -1, -1, -1)	7.8031750364447845	{'A__K': 6.895098278139058, 'K__A': 6.895098278139058, 'first__last': 8.711251794750511, 'last__first': 8.711251794750511}
3.03792009602133	145	(-1, 1, -1, -1, 1, -1, -1, -1, 1)	8.711251794750511	{'first__last': 8.711251794750511, 'last__first': 8.711251794750511}
3.0410616886749198	144	(-1, 1, -1, -1, 1, -1, -1, -1, -1)	7.338796519526989	{'A__K': 6.4852220989782925, 'K__A': 6.4852220989782925, 'first__last': 8.192370940075685, 'last__first': 8.192370940075685}
3.0410616886749198	145	(-1, 1, -1, -1, 1, -1, -1, -1, 1)	8.192370940075685	{'first__last': 8.192370940075685, 'last__first': 8.192370940075685}
3.04420328132851	144	(-1, 1, -1, -1, 1, -1, -1, -1, -1)	6.888541158811563	{'A__K': 6.0877556091526435, 'K__A': 6.0877556091526435, 'first__last': 7.689326708470482, 'last__first': 7.689326708470482}
3.04420328132851	145	(-1, 1, -1, -1, 1, -1, -1, -1, 1)	7.689326708470482	{'first__last': 7.689326708470482, 'last__first': 7.689326708470482}
3.0473448739820994	144	(-1, 1, -1, -1, 1, -1, -1, -1, -1)	6.452424229833257	{'A__K': 5.702717497748729, 'K__A': 5.702717497748729, 'first__last': 7.202130961917785, 'last__first': 7.202130961917785}
3.0473448739820994	145	(-1, 1, -1, -1, 1, -1, -1, -1, 1)	7.202130961917785	{'first__last': 7.202130961917785, 'last__first': 7.202130961917785}
3.0504864666356895	144	(-1, 1, -1, -1, 1, -1, -1, -1, -1)	6.030460559617474	{'A__K': 5.330125898071521, 'K__A': 5.330125898071521, 'first__last': 6.730795221163428, 'last__first': 6.730795221163428}
3.0504864666356895	145	(-1, 1, -1, -1, 1, -1, -1, -1, 1)	6.730795221163428	{'first__last': 6.730795221163428, 'last__first': 6.730795221163428}
3.053628059289279	144	(-1, 1, -1, -1, 1, -1, -1, -1, -1)	5.622664523515494	{'A__K': 4.969998384446127, 'K__A': 4.969998384446127, 'first__last': 6.275330662584861, 'last__first': 6.275330662584861}
3.053628059289279	145	(-1, 1, -1, -1, 1, -1, -1, -1, 1)	6.275330662584861	{'first__last': 6.275330662584861, 'last__first': 6.275330662584861}
3.056769651942869	144	(-1, 1, -1, -1, 1, -1, -1, -1, -1)	5.229050041763697	{'A__K': 4.62235196856423, 'K__A': 4.62235196856423, 'first__last': 5.835748114963166, 'last__first': 5.835748114963166}
3.056769651942869	145	(-1, 1, -1, -1, 1, -1, -1, -1, 1)	5.835748114963166	{'first__last': 5.835748114963166, 'last__first': 5.835748114963166}
3.056769651942869	152	(-1, 1, -1, -1, 1, 1, -1, -1, -1)	9.774339479957593	{'first__last': 9.774339479957593, 'last__first': 9.774339479957593}
3.056769651942869	153	(-1, 1, -1, -1, 1, 1, -1, -1, 1)	9.774339479957593	{'first__last': 9.774339479957593, 'last__first': 9.774339479957593}
3.0599112445964587	144	(-1, 1, -1, -1, 1, -1, -1, -1, -1)	4.849630576110695	{'A__K': 4.287203095875314, 'K__A': 4.287203095875314, 'first__last': 5.412058056346076, 'last__first': 5.412058056346076}
3.0599112445964587	145	(-1, 1, -1, -1, 1, -1, -1, -1, 1)	5.412058056346076	{'first__last': 5.412058056346076, 'last__first': 5.412058056346076}
3.0599112445964587	152	(-1, 1, -1, -1, 1, 1, -1, -1, -1)	9.066384192409659	{'first__last': 9.066384192409659, 'last__first': 9.066384192409659}
3.0599112445964587	153	(-1, 1, -1, -1, 1, 1, -1, -1, 1)	9.066384192409659	{'first__last': 9.066384192409659, 'last__first': 9.066384192409659}
3.0630528372500483	144	(-1, 1, -1, -1, 1, -1, -1, -1, -1)	4.484419126762722	{'A__K': 3.9645676426777956, 'K__A': 3.9645676426777956, 'first__last': 5.004270610847649, 'last__first': 5.004270610847649}
3.0630528372500483	145	(-1, 1, -1, -1, 1, -1, -1, -1, 1)	5.004270610847649	{'first__last': 5.004270610847649, 'last__first': 5.004270610847649}
3.0630528372500483	152	(-1, 1, -1, -1, 1, 1, -1, -1, -1)	8.384750822825685	{'first__last': 8.384750822825685, 'last__first': 8.384750822825685}
3.0630528372500483	153	(-1, 1, -1, -1, 1, 1, -1, -1, 1)	8.384750822825685	{'first__last': 8.384750822825685, 'last__first': 8.384750822825685}
3.0661944299036383	144	(-1, 1, -1, -1, 1, -1, -1, -1, -1)	4.1334282289396	{'A__K': 3.6544609121403364, 'K__A': 3.6544609121403364, 'first__last': 4.612395545738863, 'last__first': 4.612395545738863}
3.0661944299036383	145	(-1, 1, -1, -1, 1, -1, -1, -1, 1)	4.612395545738863	{'first__last': 4.612395545738863, 'last__first': 4.612395545738863}
3.0661944299036383	152	(-1, 1, -1, -1, 1, 1, -1, -1, -1)	7.729484601058012	{'first__last': 7.729484601058012, 'last__first': 7.729484601058012}
3.0661944299036383	153	(-1, 1, -1, -1, 1, 1, -1, -1, 1)	7.729484601058012	{'first__last': 7.729484601058012, 'last__first': 7.729484601058012}
3.069336022557228	144	(-1, 1, -1, -1, 1, -1, -1, -1, -1)	3.7966699505221553	{'A__K': 3.356897632225321, 'K__A': 3.356897632225321, 'first__last': 4.2364422688189896, 'last__first': 4.2364422688189896}
3.069336022557228	145	(-1, 1, -1, -1, 1, -1, -1, -1, 1)	4.2364422688189896	{'first__last': 4.2364422688189896, 'last__first': 4.2364422688189896}
3.069336022557228	152	(-1, 1, -1, -1, 1, 1, -1, -1, -1)	7.100629014782942	{'first__last': 7.100629014782942, 'last__first': 7.100629014782942}
3.069336022557228	153	(-1, 1, -1, -1, 1, 1, -1, -1, 1)	8.391160189666426	{'A__K': 9.681691364549911, 'K__A': 9.681691364549911, 'first__last': 7.100629014782942, 'last__first': 7.100629014782942}
3.072477615210818	144	(-1, 1, -1, -1, 1, -1, -1, -1, -1)	3.4741558886690367	{'A__K': 3.071891951997455, 'K__A': 3.071891951997455, 'first__last': 3.876419825340618, 'last__first': 3.876419825340618}
3.072477615210818	145	(-1, 1, -1, -1, 1, -1, -1, -1, 1)	3.876419825340618	{'first__last': 3.876419825340618, 'last__first': 3.876419825340618}
3.072477615210818	152	(-1, 1, -1, -1, 1, 1, -1, -1, -1)	6.498225805214704	{'first__last': 6.498225805214704, 'last__first': 6.498225805214704}
3.072477615210818	153	(-1, 1, -1, -1, 1, 1, -1, -1, 1)	7.679206983859947	{'A__K': 8.86018816250519, 'K__A': 8.86018816250519, 'first__last': 6.498225805214704, 'last__first': 6.498225805214704}
3.0756192078644076	144	(-1, 1, -1, -1, 1, -1, -1, -1, -1)	3.165897167099491	{'A__K': 2.799457438935316, 'K__A': 2.799457438935316, 'first__last': 3.532336895263666, 'last__first': 3.532336895263666}
3.0756192078644076	145	(-1, 1, -1, -1, 1, -1, -1, -1, 1)	3.532336895263666	{'first__last': 3.532336895263666, 'last__first': 3.532336895263666}
3.0756192078644076	152	(-1, 1, -1, -1, 1, 1, -1, -1, -1)	5.922314963678526	{'first__last': 5.922314963678526, 'last__first': 5.922314963678526}
3.0756192078644076	153	(-1, 1, -1, -1, 1, 1, -1, -1, 1)	6.998575016287047	{'A__K': 8.074835068895569, 'K__A': 8.074835068895569, 'first__last': 5.922314963678526, 'last__first': 5.922314963678526}
3.0787608005179976	144	(-1, 1, -1, -1, 1, -1, -1, -1, -1)	2.8719044340934454	{'A__K': 2.5396070767389016, 'K__A': 2.5396070767389016, 'first__last': 3.2042017914479897, 'last__first': 3.2042017914479897}
3.0787608005179976	145	(-1, 1, -1, -1, 1, -1, -1, -1, 1)	3.2042017914479897	{'first__last': 3.2042017914479897, 'last__first': 3.2042017914479897}
3.0787608005179976	152	(-1, 1, -1, -1, 1, 1, -1, -1, -1)	5.372934728599254	{'first__last': 5.372934728599254, 'last__first': 5.372934728599254}
3.0787608005179976	153	(-1, 1, -1, -1, 1, 1, -1, -1, 1)	6.349307973275545	{'A__K': 7.325681217951837, 'K__A': 7.325681217951837, 'first__last': 5.372934728599254, 'last__first': 5.372934728599254}
3.081902393171587	144	(-1, 1, -1, -1, 1, -1, -1, -1, -1)	2.5921878591013696	{'A__K': 2.292353262000549, 'K__A': 2.292353262000549, 'first__last': 2.8920224562021906, 'last__first': 2.8920224562021906}
3.081902393171587	145	(-1, 1, -1, -1, 1, -1, -1, -1, 1)	2.8920224562021906	{'first__last': 2.8920224562021906, 'last__first': 2.8920224562021906}
3.081902393171587	152	(-1, 1, -1, -1, 1, 1, -1, -1, -1)	4.850121581543373	{'first__last': 4.850121581543373, 'last__first': 4.850121581543373}
3.081902393171587	153	(-1, 1, -1, -1, 1, 1, -1, -1, 1)	5.7314475329575245	{'A__K': 6.612773484371677, 'K__A': 6.612773484371677, 'first__last': 4.850121581543373, 'last__first': 4.850121581543373}
3.0850439858251772	144	(-1, 1, -1, -1, 1, -1, -1, -1, -1)	2.326757130967702	{'A__K': 2.057707802239899, 'K__A': 2.057707802239899, 'first__last': 2.595806459695505, 'last__first': 2.595806459695505}
3.0850439858251772	145	(-1, 1, -1, -1, 1, -1, -1, -1, 1)	2.595806459695505	{'first__last': 2.595806459695505, 'last__first': 2.595806459695505}
3.0850439858251772	151	(-1, 1, -1, -1, 1, -1, 1, 1, 1)	9.993549875015812	{'A__K': 9.993549875015812, 'K__A': 9.993549875015812}
3.0850439858251772	152	(-1, 1, -1, -1, 1, 1, -1, -1, -1)	4.3539102445207964	{'first__last': 4.3539102445207964, 'last__first': 4.3539102445207964}
3.0850439858251772	153	(-1, 1, -1, -1, 1, 1, -1, -1, 1)	5.1450333623862115	{'A__K': 5.936156480251627, 'K__A': 5.936156480251627, 'first__last': 4.3539102445207964, 'last__first': 4.3539102445207964}
3.088185578478767	144	(-1, 1, -1, -1, 1, -1, -1, -1, -1)	2.0756214554765138	{'A__K': 1.8356819135465814, 'K__A': 1.8356819135465814, 'first__last': 2.315560997406446, 'last__first': 2.315560997406446}
3.088185578478767	145	(-1, 1, -1, -1, 1, -1, -1, -1, 1)	2.315560997406446	{'first__last': 2.315560997406446, 'last__first': 2.315560997406446}
3.088185578478767	151	(-1, 1, -1, -1, 1, -1, 1, 1, 1)	9.40872777636775	{'A__K': 9.40872777636775, 'K__A': 9.40872777636775}
3.088185578478767	152	(-1, 1, -1, -1, 1, 1, -1, -1, -1)	3.88433367702669	{'first__last': 3.88433367702669, 'last__first': 3.88433367702669}
3.088185578478767	153	(-1, 1, -1, -1, 1, 1, -1, -1, 1)	4.59010311429106	{'A__K': 5.29587255155543, 'K__A': 5.29587255155543, 'first__last': 3.88433367702669, 'last__first': 3.88433367702669}
3.0913271711323564	144	(-1, 1, -1, -1, 1, -1, -1, -1, -1)	1.8387895530646121	{'A__K': 1.626286218145985, 'K__A': 1.626286218145985, 'first__last': 2.0512928879832395, 'last__first': 2.0512928879832395}
3.0913271711323564	145	(-1, 1, -1, -1, 1, -1, -1, -1, 1)	2.0512928879832395	{'first__last': 2.0512928879832395, 'last__first': 2.0512928879832395}
3.0913271711323564	151	(-1, 1, -1, -1, 1, -1, 1, 1, 1)	8.828894341585237	{'A__K': 8.828894341585237, 'K__A': 8.828894341585237}
3.0913271711323564	152	(-1, 1, -1, -1, 1, 1, -1, -1, -1)	3.4414230728657245	{'first__last': 3.4414230728657245, 'last__first': 3.4414230728657245}
3.0913271711323564	153	(-1, 1, -1, -1, 1, 1, -1, -1, 1)	4.066692423563644	{'A__K': 4.691961774261565, 'K__A': 4.691961774261565, 'first__last': 3.4414230728657245, 'last__first': 3.4414230728657245}
3.0944687637859465	144	(-1, 1, -1, -1, 1, -1, -1, -1, -1)	1.6162696569132469	{'A__K': 1.4295307423305934, 'K__A': 1.4295307423305934, 'first__last': 1.8030085714959003, 'last__first': 1.8030085714959003}
3.0944687637859465	145	(-1, 1, -1, -1, 1, -1, -1, -1, 1)	1.8030085714959003	{'first__last': 1.8030085714959003, 'last__first': 1.8030085714959003}
3.0944687637859465	151	(-1, 1, -1, -1, 1, -1, 1, 1, 1)	8.253781886292527	{'A__K': 8.253781886292527, 'K__A': 8.253781886292527}
3.0944687637859465	152	(-1, 1, -1, -1, 1, 1, -1, -1, -1)	3.025207857809936	{'first__last': 3.025207857809936, 'last__first': 3.025207857809936}
3.0944687637859465	153	(-1, 1, -1, -1, 1, 1, -1, -1, 1)	3.5748349046460866	{'A__K': 4.124461951482237, 'K__A': 4.124461951482237, 'first__last': 3.025207857809936, 'last__first': 3.025207857809936}
3.097610356439536	144	(-1, 1, -1, -1, 1, -1, -1, -1, -1)	1.4080695109308734	{'A__K': 1.245424914826228, 'K__A': 1.245424914826228, 'first__last': 1.5707141070355186, 'last__first': 1.5707141070355186}
3.097610356439536	145	(-1, 1, -1, -1, 1, -1, -1, -1, 1)	1.5707141070355186	{'first__last': 1.5707141070355186, 'last__first': 1.5707141070355186}
3.097610356439536	151	(-1, 1, -1, -1, 1, -1, 1, 1, 1)	7.683118318351779	{'A__K': 7.683118318351779, 'K__A': 7.683118318351779}
3.097610356439536	152	(-1, 1, -1, -1, 1, 1, -1, -1, -1)	2.6357156868832234	{'first__last': 2.6357156868832234, 'last__first': 2.6357156868832234}
3.097610356439536	153	(-1, 1, -1, -1, 1, 1, -1, -1, 1)	3.114562148703466	{'A__K': 3.5934086105237077, 'K__A': 3.5934086105237077, 'first__last': 2.6357156868832234, 'last__first': 2.6357156868832234}
3.100751949093126	144	(-1, 1, -1, -1, 1, -1, -1, -1, -1)	1.21419636802946	{'A__K': 1.0739775645330916, 'K__A': 1.0739775645330916, 'first__last': 1.3544151715258288, 'last__first': 1.3544151715258288}
3.100751949093126	145	(-1, 1, -1, -1, 1, -1, -1, -1, 1)	1.3544151715258288	{'first__last': 1.3544151715258288, 'last__first': 1.3544151715258288}
3.100751949093126	151	(-1, 1, -1, -1, 1, -1, 1, 1, 1)	7.116627330904647	{'A__K': 7.116627330904647, 'K__A': 7.116627330904647}
3.100751949093126	152	(-1, 1, -1, -1, 1, 1, -1, -1, -1)	2.2729724421236837	{'first__last': 2.2729724421236837, 'last__first': 2.2729724421236837}
3.100751949093126	153	(-1, 1, -1, -1, 1, 1, -1, -1, 1)	2.6859037209481844	{'A__K': 3.0988349997726847, 'K__A': 3.0988349997726847, 'first__last': 2.2729724421236837, 'last__first': 2.2729724421236837}
3.1038935417467157	144	(-1, 1, -1, -1, 1, -1, -1, -1, -1)	1.0346569883016326	{'A__K': 0.9151969189980071, 'K__A': 0.9151969189980071, 'first__last': 1.1541170576052582, 'last__first': 1.1541170576052582}
3.1038935417467157	145	(-1, 1, -1, -1, 1, -1, -1, -1, 1)	1.1541170576052582	{'first__last': 1.1541170576052582, 'last__first': 1.1541170576052582}
3.1038935417467157	151	(-1, 1, -1, -1, 1, -1, 1, 1, 1)	6.554028609684177	{'A__K': 6.554028609684177, 'K__A': 6.554028609684177}
3.1038935417467157	152	(-1, 1, -1, -1, 1, 1, -1, -1, -1)	1.9370022302313523	{'first__last': 1.9370022302313523, 'last__first': 1.9370022302313523}
3.1038935417467157	153	(-1, 1, -1, -1, 1, 1, -1, -1, 1)	2.2888871582773653	{'A__K': 2.640772086323379, 'K__A': 2.640772086323379, 'first__last': 1.9370022302313523, 'last__first': 1.9370022302313523}
3.1070351344003058	144	(-1, 1, -1, -1, 1, -1, -1, -1, -1)	0.8694576374576592	{'A__K': 0.7690906027305535, 'K__A': 0.7690906027305535, 'first__last': 0.969824672184765, 'last__first': 0.969824672184765}
3.1070351344003058	145	(-1, 1, -1, -1, 1, -1, -1, -1, 1)	0.969824672184765	{'first__last': 0.969824672184765, 'last__first': 0.969824672184765}
3.1070351344003058	148	(-1, 1, -1, -1, 1, -1, 1, -1, -1)	9.653583232937516	{'A__K': 9.653583232937516, 'K__A': 9.653583232937516}
3.1070351344003058	151	(-1, 1, -1, -1, 1, -1, 1, 1, 1)	5.995038054006074	{'A__K': 5.995038054006074, 'K__A': 5.995038054006074}
3.1070351344003058	152	(-1, 1, -1, -1, 1, 1, -1, -1, -1)	1.6278273805357444	{'first__last': 1.6278273805357444, 'last__first': 1.6278273805357444}
3.1070351344003058	153	(-1, 1, -1, -1, 1, 1, -1, -1, 1)	1.9235379668678712	{'A__K': 2.2192485531999977, 'K__A': 2.2192485531999977, 'first__last': 1.6278273805357444, 'last__first': 1.6278273805357444}
3.1101767270538954	144	(-1, 1, -1, -1, 1, -1, -1, -1, -1)	0.7186040854417661	{'A__K': 0.6356656358414797, 'K__A': 0.6356656358414797, 'first__last': 0.8015425350420524, 'last__first': 0.8015425350420524}
3.1101767270538954	145	(-1, 1, -1, -1, 1, -1, -1, -1, 1)	0.8015425350420524	{'first__last': 0.8015425350420524, 'last__first': 0.8015425350420524}
3.1101767270538954	148	(-1, 1, -1, -1, 1, -1, 1, -1, -1)	8.766013628000694	{'A__K': 8.766013628000694, 'K__A': 8.766013628000694}
3.1101767270538954	151	(-1, 1, -1, -1, 1, -1, 1, 1, 1)	5.4393680110146985	{'A__K': 5.4393680110146985, 'K__A': 5.4393680110146985}
3.1101767270538954	152	(-1, 1, -1, -1, 1, 1, -1, -1, -1)	1.345468443152792	{'first__last': 1.345468443152792, 'last__first': 1.345468443152792}
3.1101767270538954	153	(-1, 1, -1, -1, 1, 1, -1, -1, 1)	1.5898796202941434	{'A__K': 1.8342907974354947, 'K__A': 1.8342907974354947, 'first__last': 1.345468443152792, 'last__first': 1.345468443152792}
3.113318319707485	144	(-1, 1, -1, -1, 1, -1, -1, -1, -1)	0.5821016049212023	{'A__K': 0.5149284324571368, 'K__A': 0.5149284324571368, 'first__last': 0.6492747773852678, 'last__first': 0.6492747773852678}
3.113318319707485	145	(-1, 1, -1, -1, 1, -1, -1, -1, 1)	0.6492747773852678	{'first__last': 0.6492747773852678, 'last__first': 0.6492747773852678}
3.113318319707485	148	(-1, 1, -1, -1, 1, -1, 1, -1, -1)	7.881284176762001	{'A__K': 7.881284176762001, 'K__A': 7.881284176762001}
3.113318319707485	151	(-1, 1, -1, -1, 1, -1, 1, 1, 1)	4.886727522614668	{'A__K': 4.886727522614668, 'K__A': 4.886727522614668}
3.113318319707485	152	(-1, 1, -1, -1, 1, 1, -1, -1, -1)	1.0899441870010596	{'first__last': 1.0899441870010596, 'last__first': 1.0899441870010596}
3.113318319707485	153	(-1, 1, -1, -1, 1, 1, -1, -1, 1)	1.2879335571978867	{'A__K': 1.4859229273947137, 'K__A': 1.4859229273947137, 'first__last': 1.0899441870010596, 'last__first': 1.0899441870010596}
3.116459912361075	144	(-1, 1, -1, -1, 1, -1, -1, -1, -1)	0.459954970308767	{'A__K': 0.40688479978319164, 'K__A': 0.40688479978319164, 'first__last': 0.5130251408343423, 'last__first': 0.5130251408343423}
3.116459912361075	145	(-1, 1, -1, -1, 1, -1, -1, -1, 1)	0.5130251408343423	{'first__last': 0.5130251408343423, 'last__first': 0.5130251408343423}
3.116459912361075	148	(-1, 1, -1, -1, 1, -1, 1, -1, -1)	6.999115214689333	{'A__K': 6.999115214689333, 'K__A': 6.999115214689333}
3.116459912361075	151	(-1, 1, -1, -1, 1, -1, 1, 1, 1)	4.336822584471833	{'A__K': 4.336822584471833, 'K__A': 4.336822584471833}
3.116459912361075	152	(-1, 1, -1, -1, 1, 1, -1, -1, -1)	0.8612715986011273	{'first__last': 0.8612715986011273, 'last__first': 0.8612715986011273}
3.116459912361075	153	(-1, 1, -1, -1, 1, 1, -1, -1, 1)	1.0177191801761374	{'A__K': 1.1741667617511473, 'K__A': 1.1741667617511473, 'first__last': 0.8612715986011273, 'last__first': 0.8612715986011273}
3.1196015050146646	144	(-1, 1, -1, -1, 1, -1, -1, -1, -1)	0.3521684562184304	{'A__K': 0.311539936533189, 'K__A': 0.311539936533189, 'first__last': 0.3927969759036718, 'last__first': 0.3927969759036718}
3.1196015050146646	145	(-1, 1, -1, -1, 1, -1, -1, -1, 1)	0.3927969759036718	{'first__last': 0.3927969759036718, 'last__first': 0.3927969759036718}
3.1196015050146646	147	(-1, 1, -1, -1, 1, -1, -1, 1, 1)	9.893181392690018	{'A__K': 9.893181392690018, 'K__A': 9.893181392690018}
3.1196015050146646	148	(-1, 1, -1, -1, 1, -1, 1, -1, -1)	6.119225717485058	{'A__K': 6.119225717485058, 'K__A': 6.119225717485058}
3.1196015050146646	151	(-1, 1, -1, -1, 1, -1, 1, 1, 1)	3.789356416207461	{'A__K': 3.789356416207461, 'K__A': 3.789356416207461}
3.1196015050146646	152	(-1, 1, -1, -1, 1, 1, -1, -1, -1)	0.6594658800625547	{'first__last': 0.6594658800625547, 'last__first': 0.6594658800625547}
3.1196015050146646	153	(-1, 1, -1, -1, 1, 1, -1, -1, 1)	0.7792538533421353	{'A__K': 0.8990418266217158, 'K__A': 0.8990418266217158, 'first__last': 0.6594658800625547, 'last__first': 0.6594658800625547}
3.1227430976682546	144	(-1, 1, -1, -1, 1, -1, -1, -1, -1)	0.25874583698427434	{'A__K': 0.22889843242084695, 'K__A': 0.22889843242084695, 'first__last': 0.2885932415477018, 'last__first': 0.2885932415477018}
3.1227430976682546	145	(-1, 1, -1, -1, 1, -1, -1, -1, 1)	0.2885932415477018	{'first__last': 0.2885932415477018, 'last__first': 0.2885932415477018}
3.1227430976682546	147	(-1, 1, -1, -1, 1, -1, -1, 1, 1)	8.475655929026932	{'A__K': 8.475655929026932, 'K__A': 8.475655929026932}
3.1227430976682546	148	(-1, 1, -1, -1, 1, -1, 1, -1, -1)	5.241333444376746	{'A__K': 5.241333444376746, 'K__A': 5.241333444376746}
3.1227430976682546	151	(-1, 1, -1, -1, 1, -1, 1, 1, 1)	3.244029742120804	{'A__K': 3.244029742120804, 'K__A': 3.244029742120804}
3.1227430976682546	152	(-1, 1, -1, -1, 1, 1, -1, -1, -1)	0.48454044830729665	{'first__last': 0.48454044830729665, 'last__first': 0.48454044830729665}
3.1227430976682546	153	(-1, 1, -1, -1, 1, 1, -1, -1, 1)	0.5725529016421015	{'A__K': 0.6605653549769064, 'K__A': 0.6605653549769064, 'first__last': 0.48454044830729665, 'last__first': 0.48454044830729665}
3.1258846903218442	144	(-1, 1, -1, -1, 1, -1, -1, -1, -1)	0.1796903852500763	{'A__K': 0.15896426675027422, 'K__A': 0.15896426675027422, 'first__last': 0.20041650374987838, 'last__first': 0.20041650374987838}
3.1258846903218442	145	(-1, 1, -1, -1, 1, -1, -1, -1, 1)	0.20041650374987838	{'first__last': 0.20041650374987838, 'last__first': 0.20041650374987838}
3.1258846903218442	147	(-1, 1, -1, -1, 1, -1, -1, 1, 1)	7.0600742051361935	{'A__K': 7.0600742051361935, 'K__A': 7.0600742051361935}
3.1258846903218442	148	(-1, 1, -1, -1, 1, -1, 1, -1, -1)	4.365155084054902	{'A__K': 4.365155084054902, 'K__A': 4.365155084054902}
3.1258846903218442	150	(-1, 1, -1, -1, 1, -1, 1, 1, -1)	9.750073126329386	{'first__last': 9.750073126329386, 'last__first': 9.750073126329386}
3.1258846903218442	151	(-1, 1, -1, -1, 1, -1, 1, 1, 1)	6.225307103826546	{'A__K': 2.700541081323707, 'K__A': 2.700541081323707, 'first__last': 9.750073126329386, 'last__first': 9.750073126329386}
3.1258846903218442	152	(-1, 1, -1, -1, 1, 1, -1, -1, -1)	0.33651330416569025	{'first__last': 0.33651330416569025, 'last__first': 0.33651330416569025}
3.1258846903218442	153	(-1, 1, -1, -1, 1, 1, -1, -1, 1)	0.39767399704001255	{'A__K': 0.45883468991433485, 'K__A': 0.45883468991433485, 'first__last': 0.33651330416569025, 'last__first': 0.33651330416569025}
3.1290262829754343	144	(-1, 1, -1, -1, 1, -1, -1, -1, -1)	0.11500487171718257	{'A__K': 0.10174080822240682, 'K__A': 0.10174080822240682, 'first__last': 0.12826893521195834, 'last__first': 0.12826893521195834}
3.1290262829754343	145	(-1, 1, -1, -1, 1, -1, -1, -1, 1)	4.629230231835982	{'A__K': 9.130191528460006, 'K__A': 9.130191528460006, 'first__last': 0.12826893521195834, 'last__first': 0.12826893521195834}
3.1290262829754343	147	(-1, 1, -1, -1, 1, -1, -1, 1, 1)	5.646113186744439	{'A__K': 5.646113186744439, 'K__A': 5.646113186744439}
3.1290262829754343	148	(-1, 1, -1, -1, 1, -1, 1, -1, -1)	3.490406403061624	{'A__K': 3.490406403061624, 'K__A': 3.490406403061624}
3.1290262829754343	150	(-1, 1, -1, -1, 1, -1, 1, 1, -1)	7.799300796307908	{'first__last': 7.799300796307908, 'last__first': 7.799300796307908}
3.1290262829754343	151	(-1, 1, -1, -1, 1, -1, 1, 1, 1)	4.978943921389052	{'A__K': 2.158587046470197, 'K__A': 2.158587046470197, 'first__last': 7.799300796307908, 'last__first': 7.799300796307908}
3.1290262829754343	152	(-1, 1, -1, -1, 1, 1, -1, -1, -1)	4.672084590095787	{'A__K': 9.12879139185985, 'K__A': 9.12879139185985, 'first__last': 0.21537778833172472, 'last__first': 0.21537778833172472}
3.1290262829754343	153	(-1, 1, -1, -1, 1, 1, -1, -1, 1)	0.254513403009899	{'A__K': 0.29364901768807333, 'K__A': 0.29364901768807333, 'first__last': 0.21537778833172472, 'last__first': 0.21537778833172472}
3.132167875629024	144	(-1, 1, -1, -1, 1, -1, -1, -1, -1)	0.0646915640083855	{'A__K': 0.05723081369620356, 'K__A': 0.05723081369620356, 'first__last': 0.07215231432056743, 'last__first': 0.07215231432056743}
3.132167875629024	145	(-1, 1, -1, -1, 1, -1, -1, -1, 1)	3.459867008313007	{'A__K': 6.847581702305447, 'K__A': 6.847581702305447, 'first__last': 0.07215231432056743, 'last__first': 0.07215231432056743}
3.132167875629024	147	(-1, 1, -1, -1, 1, -1, -1, 1, 1)	4.233449337367867	{'A__K': 4.233449337367867, 'K__A': 4.233449337367867}
3.132167875629024	148	(-1, 1, -1, -1, 1, -1, 1, -1, -1)	6.040251254129281	{'A__K': 2.6168023962496703, 'K__A': 2.6168023962496703, 'first__last': 9.463700112008892, 'last__first': 9.463700112008892}
3.132167875629024	149	(-1, 1, -1, -1, 1, -1, 1, -1, 1)	9.463814143131165	{'A__K': 9.463928174253438, 'K__A': 9.463928174253438, 'first__last': 9.463700112008892, 'last__first': 9.463700112008892}
3.132167875629024	150	(-1, 1, -1, -1, 1, -1, 1, 1, -1)	7.15680377235981	{'A__K': 8.46457405319513, 'K__A': 8.46457405319513, 'first__last': 5.84903349152449, 'last__first': 5.84903349152449}
3.132167875629024	151	(-1, 1, -1, -1, 1, -1, 1, 1, 1)	3.7334480706576967	{'A__K': 1.617862649790903, 'K__A': 1.617862649790903, 'first__last': 5.84903349152449, 'last__first': 5.84903349152449}
3.132167875629024	152	(-1, 1, -1, -1, 1, 1, -1, -1, -1)	3.484072408311508	{'A__K': 6.846990753469448, 'K__A': 6.846990753469448, 'first__last': 0.12115406315356825, 'last__first': 0.12115406315356825}
3.132167875629024	153	(-1, 1, -1, -1, 1, 1, -1, -1, 1)	0.1431646823889539	{'A__K': 0.16517530162433958, 'K__A': 0.16517530162433958, 'first__last': 0.12115406315356825, 'last__first': 0.12115406315356825}
3.135309468282614	144	(-1, 1, -1, -1, 1, -1, -1, -1, -1)	0.028752226457847207	{'A__K': 0.025436428030254282, 'K__A': 0.025436428030254282, 'first__last': 0.03206802488544013, 'last__first': 0.03206802488544013}
3.135309468282614	145	(-1, 1, -1, -1, 1, -1, -1, -1, 1)	2.298546490399464	{'A__K': 4.565024955913488, 'K__A': 4.565024955913488, 'first__last': 0.03206802488544013, 'last__first': 0.03206802488544013}
3.135309468282614	146	(-1, 1, -1, -1, 1, -1, -1, 1, -1)	7.386721421491365	{'A__K': 7.386721421491365, 'K__A': 7.386721421491365}
3.135309468282614	147	(-1, 1, -1, -1, 1, -1, -1, 1, 1)	2.8217587178791517	{'A__K': 2.8217587178791517, 'K__A': 2.8217587178791517}
3.135309468282614	148	(-1, 1, -1, -1, 1, -1, 1, -1, -1)	4.026468562350373	{'A__K': 1.7440574389853019, 'K__A': 1.7440574389853019, 'first__last': 6.308879685715444, 'last__first': 6.308879685715444}
3.135309468282614	149	(-1, 1, -1, -1, 1, -1, 1, -1, 1)	6.30891347497486	{'A__K': 6.308947264234275, 'K__A': 6.308947264234275, 'first__last': 6.308879685715444, 'last__first': 6.308879685715444}
3.135309468282614	150	(-1, 1, -1, -1, 1, -1, 1, 1, -1)	4.770986849148652	{'A__K': 5.642828603555523, 'K__A': 5.642828603555523, 'first__last': 3.89914509474178, 'last__first': 3.89914509474178}
3.135309468282614	151	(-1, 1, -1, -1, 1, -1, 1, 1, 1)	2.488603355137734	{'A__K': 1.078061615533688, 'K__A': 1.078061615533688, 'first__last': 3.89914509474178, 'last__first': 3.89914509474178}
3.135309468282614	152	(-1, 1, -1, -1, 1, 1, -1, -1, -1)	2.309348670950054	{'A__K': 4.56484980360932, 'K__A': 4.56484980360932, 'first__last': 0.053847538290788165, 'last__first': 0.053847538290788165}
3.135309468282614	153	(-1, 1, -1, -1, 1, 1, -1, -1, 1)	0.06362903095770757	{'A__K': 0.07341052362462697, 'K__A': 0.07341052362462697, 'first__last': 0.053847538290788165, 'last__first': 0.053847538290788165}
3.135309468282614	155	(-1, 1, -1, -1, 1, 1, -1, 1, 1)	7.3862364772152755	{'A__K': 7.3862364772152755, 'K__A': 7.3862364772152755}
3.1384510609362035	143	(-1, 1, -1, -1, -1, 1, 1, 1, 1)	6.245006623051901	{'A__K': 7.3862624127759835, 'K__A': 7.3862624127759835, 'first__last': 5.103750833327818, 'last__first': 5.103750833327818}
3.1384510609362035	144	(-1, 1, -1, -1, 1, -1, -1, -1, -1)	0.007188119685015986	{'A__K': 0.006359183680684499, 'K__A': 0.006359183680684499, 'first__last': 0.008017055689347474, 'last__first': 0.008017055689347474}
3.1384510609362035	145	(-1, 1, -1, -1, 1, -1, -1, -1, 1)	1.1452603384667708	{'A__K': 2.282503621244194, 'K__A': 2.282503621244194, 'first__last': 0.008017055689347474, 'last__first': 0.008017055689347474}
3.1384510609362035	146	(-1, 1, -1, -1, 1, -1, -1, 1, -1)	4.398535224435438	{'A__K': 3.693212925217586, 'K__A': 3.693212925217586, 'first__last': 5.103857523653291, 'last__first': 5.103857523653291}
3.1384510609362035	147	(-1, 1, -1, -1, 1, -1, -1, 1, 1)	3.257287305137206	{'A__K': 1.4107170866211214, 'K__A': 1.4107170866211214, 'first__last': 5.103857523653291, 'last__first': 5.103857523653291}
3.1384510609362035	148	(-1, 1, -1, -1, 1, -1, 1, -1, -1)	2.013124580340355	{'A__K': 0.8718854407870924, 'K__A': 0.8718854407870924, 'first__last': 3.1543637198936176, 'last__first': 3.1543637198936176}
3.1384510609362035	149	(-1, 1, -1, -1, 1, -1, 1, -1, 1)	3.1543679437206222	{'A__K': 3.1543721675476264, 'K__A': 3.1543721675476264, 'first__last': 3.1543637198936176, 'last__first': 3.1543637198936176}
3.1384510609362035	150	(-1, 1, -1, -1, 1, -1, 1, 1, -1)	2.3854287172968607	{'A__K': 2.8213480650563647, 'K__A': 2.8213480650563647, 'first__last': 1.9495093695373564, 'last__first': 1.9495093695373564}
3.1384510609362035	151	(-1, 1, -1, -1, 1, -1, 1, 1, 1)	1.244193033479479	{'A__K': 0.5388766974216017, 'K__A': 0.5388766974216017, 'first__last': 1.9495093695373564, 'last__first': 1.9495093695373564}
3.1384510609362035	152	(-1, 1, -1, -1, 1, 1, -1, -1, -1)	1.1479719003865847	{'A__K': 2.2824817229790466, 'K__A': 2.2824817229790466, 'first__last': 0.013462077794122784, 'last__first': 0.013462077794122784}
3.1384510609362035	153	(-1, 1, -1, -1, 1, 1, -1, -1, 1)	0.015907300215538864	{'A__K': 0.01835252263695494, 'K__A': 0.01835252263695494, 'first__last': 0.013462077794122784, 'last__first': 0.013462077794122784}
3.1384510609362035	154	(-1, 1, -1, -1, 1, 1, -1, 1, -1)	5.5397329885379305	{'A__K': 5.975649205164843, 'K__A': 5.975649205164843, 'first__last': 5.103816771911018, 'last__first': 5.103816771911018}
3.1384510609362035	155	(-1, 1, -1, -1, 1, 1, -1, 1, 1)	4.398484538512479	{'A__K': 3.693152305113939, 'K__A': 3.693152305113939, 'first__last': 5.103816771911018, 'last__first': 5.103816771911018}
