1.6179202165987436	195	(-1, 1, 1, -1, -1, -1, -1, 1, 1)	6.075885406658073	{'C__J': 6.075885406658073, 'J__C': 6.075885406658073}
1.6210618092523335	195	(-1, 1, 1, -1, -1, -1, -1, 1, 1)	0.9417740050729673	{'C__J': 0.9417740050729673, 'J__C': 0.9417740050729673}
1.624203401905923	195	(-1, 1, 1, -1, -1, -1, -1, 1, 1)	7.937456122599188	{'C__J': 7.937456122599188, 'J__C': 7.937456122599188}
2.023185668911827	195	(-1, 1, 1, -1, -1, -1, -1, 1, 1)	9.723194194087277	{'B__J': 9.723194194089109, 'C__K': 9.723194194085448, 'D__H': 9.895384822363953, 'E__I': 9.895384822344393, 'H__D': 9.895384822363953, 'I__E': 9.895384822344393, 'J__B': 9.723194194089109, 'K__C': 9.723194194085448, 'B_C__last': 8.937339911105424, 'D_E__H_I': 9.642568519361644, 'H_I__D_E': 9.642568519361644, 'last__B_C': 8.937339911105424}
2.023185668911827	196	(-1, 1, 1, -1, -1, -1, 1, -1, -1)	9.768976670862799	{'D__H': 9.895384822363953, 'H__D': 9.895384822363953, 'D_E__H_I': 9.642568519361644, 'H_I__D_E': 9.642568519361644}
2.023185668911827	197	(-1, 1, 1, -1, -1, -1, 1, -1, 1)	9.768976670862799	{'D__H': 9.895384822363953, 'H__D': 9.895384822363953, 'D_E__H_I': 9.642568519361644, 'H_I__D_E': 9.642568519361644}
2.023185668911827	198	(-1, 1, 1, -1, -1, -1, 1, 1, -1)	9.642568519361644	{'D__H': 9.895384822363953, 'H__D': 9.895384822363953, 'D_E__H_I': 9.642568519361644, 'F_G__last': 9.64256851932899, 'H_I__D_E': 9.642568519361644, 'last__F_G': 9.64256851932899}
2.023185668911827	199	(-1, 1, 1, -1, -1, -1, 1, 1, 1)	9.76897667084274	{'D__H': 9.895384822363953, 'G__K': 9.895384822323836, 'H__D': 9.895384822363953, 'K__G': 9.895384822323836, 'D_E__H_I': 9.642568519361644, 'F_G__last': 9.64256851932899, 'H_I__D_E': 9.642568519361644, 'last__F_G': 9.64256851932899}
2.023185668911827	200	(-1, 1, 1, -1, -1, 1, -1, -1, -1)	9.768976670799766	{'G__K': 9.895384822297617, 'K__G': 9.895384822297617, 'F_G__last': 9.642568519301914, 'last__F_G': 9.642568519301914}
2.023185668911827	201	(-1, 1, 1, -1, -1, 1, -1, -1, 1)	9.642568519301914	{'F_G__last': 9.642568519301914, 'last__F_G': 9.642568519301914}
2.023185668911827	206	(-1, 1, 1, -1, -1, 1, 1, 1, -1)	9.76897667081943	{'F__J': 9.895384822310088, 'J__F': 9.895384822310088, 'F_G__last': 9.642568519328774, 'last__F_G': 9.642568519328774}
2.023185668911827	207	(-1, 1, 1, -1, -1, 1, 1, 1, 1)	9.895384822310088	{'F__J': 9.895384822310088, 'G__K': 9.895384822317217, 'J__F': 9.895384822310088, 'K__G': 9.895384822317217, 'F_G__last': 9.642568519328774, 'last__F_G': 9.642568519328774}
2.0263272615654166	195	(-1, 1, 1, -1, -1, -1, -1, 1, 1)	6.985644944993554	{'B__J': 6.9856449449899145, 'C__K': 6.985644944997194, 'D__H': 7.122989723942983, 'E__I': 7.122989723939807, 'H__D': 7.122989723942983, 'I__E': 7.122989723939807, 'J__B': 6.9856449449899145, 'K__C': 6.985644944997194, 'B_C__last': 6.375754138446931, 'D_E__H_I': 6.9464583684732775, 'H_I__D_E': 6.9464583684732775, 'last__B_C': 6.375754138446931}
2.0263272615654166	196	(-1, 1, 1, -1, -1, -1, 1, -1, -1)	7.03472404620813	{'D__H': 7.122989723942983, 'H__D': 7.122989723942983, 'D_E__H_I': 6.9464583684732775, 'H_I__D_E': 6.9464583684732775}
2.0263272615654166	197	(-1, 1, 1, -1, -1, -1, 1, -1, 1)	7.03472404620813	{'D__H': 7.122989723942983, 'H__D': 7.122989723942983, 'D_E__H_I': 6.9464583684732775, 'H_I__D_E': 6.9464583684732775}
2.0263272615654166	198	(-1, 1, 1, -1, -1, -1, 1, 1, -1)	6.9464583684732775	{'D__H': 7.122989723942983, 'H__D': 7.122989723942983, 'D_E__H_I': 6.9464583684732775, 'F_G__last': 6.946458368462347, 'H_I__D_E': 6.9464583684732775, 'last__F_G': 6.946458368462347}
2.0263272615654166	199	(-1, 1, 1, -1, -1, -1, 1, 1, 1)	7.03472404620347	{'D__H': 7.122989723942983, 'G__K': 7.122989723933664, 'H__D': 7.122989723942983, 'K__G': 7.122989723933664, 'D_E__H_I': 6.9464583684732775, 'F_G__last': 6.946458368462347, 'H_I__D_E': 6.9464583684732775, 'last__F_G': 6.946458368462347}
2.0263272615654166	200	(-1, 1, 1, -1, -1, 1, -1, -1, -1)	7.03472404618679	{'G__K': 7.122989723924655, 'K__G': 7.122989723924655, 'F_G__last': 6.946458368448926, 'last__F_G': 6.946458368448926}
2.0263272615654166	201	(-1, 1, 1, -1, -1, 1, -1, -1, 1)	6.946458368448926	{'F_G__last': 6.946458368448926, 'last__F_G': 6.946458368448926}
2.0263272615654166	206	(-1, 1, 1, -1, -1, 1, 1, 1, -1)	7.034724046187012	{'F__J': 7.122989723916159, 'J__F': 7.122989723916159, 'F_G__last': 6.946458368457865, 'last__F_G': 6.946458368457865}
2.0263272615654166	207	(-1, 1, 1, -1, -1, 1, 1, 1, 1)	7.122989723916159	{'F__J': 7.122989723916159, 'G__K': 7.122989723937056, 'J__F': 7.122989723916159, 'K__G': 7.122989723937056, 'F_G__last': 6.946458368457865, 'last__F_G': 6.946458368457865}
2.0294688542190067	195	(-1, 1, 1, -1, -1, -1, -1, 1, 1)	4.267170718299422	{'B__J': 4.267170718295917, 'C__K': 4.2671707183029275, 'D__H': 4.359189614640938, 'E__I': 4.359189614638714, 'H__D': 4.359189614640938, 'I__E': 4.359189614638714, 'J__B': 4.267170718295917, 'K__C': 4.2671707183029275, 'B_C__last': 3.8664762746726824, 'D_E__H_I': 4.2544944796306075, 'H_I__D_E': 4.2544944796306075, 'last__B_C': 3.8664762746726824}
2.0294688542190067	196	(-1, 1, 1, -1, -1, -1, 1, -1, -1)	4.306842047135772	{'D__H': 4.359189614640938, 'H__D': 4.359189614640938, 'D_E__H_I': 4.2544944796306075, 'H_I__D_E': 4.2544944796306075}
2.0294688542190067	197	(-1, 1, 1, -1, -1, -1, 1, -1, 1)	4.306842047135772	{'D__H': 4.359189614640938, 'H__D': 4.359189614640938, 'D_E__H_I': 4.2544944796306075, 'H_I__D_E': 4.2544944796306075}
2.0294688542190067	198	(-1, 1, 1, -1, -1, -1, 1, 1, -1)	4.2544944796306075	{'D__H': 4.359189614640938, 'H__D': 4.359189614640938, 'D_E__H_I': 4.2544944796306075, 'F_G__last': 4.254494479599433, 'H_I__D_E': 4.2544944796306075, 'last__F_G': 4.254494479599433}
2.0294688542190067	199	(-1, 1, 1, -1, -1, -1, 1, 1, 1)	4.306842047120728	{'D__H': 4.359189614640938, 'G__K': 4.359189614610848, 'H__D': 4.359189614640938, 'K__G': 4.359189614610848, 'D_E__H_I': 4.2544944796306075, 'F_G__last': 4.254494479599433, 'H_I__D_E': 4.2544944796306075, 'last__F_G': 4.254494479599433}
2.0294688542190067	200	(-1, 1, 1, -1, -1, 1, -1, -1, -1)	4.306842047108238	{'G__K': 4.3591896146175175, 'K__G': 4.3591896146175175, 'F_G__last': 4.254494479598958, 'last__F_G': 4.254494479598958}
2.0294688542190067	201	(-1, 1, 1, -1, -1, 1, -1, -1, 1)	4.254494479598958	{'F_G__last': 4.254494479598958, 'last__F_G': 4.254494479598958}
2.0294688542190067	206	(-1, 1, 1, -1, -1, 1, 1, 1, -1)	4.3068420471050874	{'F__J': 4.359189614608567, 'J__F': 4.359189614608567, 'F_G__last': 4.254494479601608, 'last__F_G': 4.254494479601608}
2.0294688542190067	207	(-1, 1, 1, -1, -1, 1, 1, 1, 1)	4.359189614608567	{'F__J': 4.359189614608567, 'G__K': 4.359189614619095, 'J__F': 4.359189614608567, 'K__G': 4.359189614619095, 'F_G__last': 4.254494479601608, 'last__F_G': 4.254494479601608}
2.0326104468725963	195	(-1, 1, 1, -1, -1, -1, -1, 1, 1)	1.5672934241360332	{'B__J': 1.5672934241468681, 'C__K': 1.5672934241251983, 'D__H': 1.6039967949641372, 'E__I': 1.6039967949541647, 'H__D': 1.6039967949641372, 'I__E': 1.6039967949541647, 'J__B': 1.5672934241468681, 'K__C': 1.5672934241251983, 'B_C__last': 1.4096102988523131, 'D_E__H_I': 1.5667034214252713, 'H_I__D_E': 1.5667034214252713, 'last__B_C': 1.4096102988523131}
2.0326104468725963	196	(-1, 1, 1, -1, -1, -1, 1, -1, -1)	1.5853501081947043	{'D__H': 1.6039967949641372, 'H__D': 1.6039967949641372, 'D_E__H_I': 1.5667034214252713, 'H_I__D_E': 1.5667034214252713}
2.0326104468725963	197	(-1, 1, 1, -1, -1, -1, 1, -1, 1)	1.5853501081947043	{'D__H': 1.6039967949641372, 'H__D': 1.6039967949641372, 'D_E__H_I': 1.5667034214252713, 'H_I__D_E': 1.5667034214252713}
2.0326104468725963	198	(-1, 1, 1, -1, -1, -1, 1, 1, -1)	1.5667034214252713	{'D__H': 1.6039967949641372, 'H__D': 1.6039967949641372, 'D_E__H_I': 1.5667034214252713, 'F_G__last': 1.5667034213817514, 'H_I__D_E': 1.5667034214252713, 'last__F_G': 1.5667034213817514}
2.0326104468725963	199	(-1, 1, 1, -1, -1, -1, 1, 1, 1)	1.5853501081738006	{'D__H': 1.6039967949641372, 'G__K': 1.60399679492233, 'H__D': 1.6039967949641372, 'K__G': 1.60399679492233, 'D_E__H_I': 1.5667034214252713, 'F_G__last': 1.5667034213817514, 'H_I__D_E': 1.5667034214252713, 'last__F_G': 1.5667034213817514}
2.0326104468725963	200	(-1, 1, 1, -1, -1, 1, -1, -1, -1)	1.5853501081313373	{'G__K': 1.6039967949040255, 'K__G': 1.6039967949040255, 'F_G__last': 1.5667034213586493, 'last__F_G': 1.5667034213586493}
2.0326104468725963	201	(-1, 1, 1, -1, -1, 1, -1, -1, 1)	1.5667034213586493	{'F_G__last': 1.5667034213586493, 'last__F_G': 1.5667034213586493}
2.0326104468725963	206	(-1, 1, 1, -1, -1, 1, 1, 1, -1)	1.5853501081551347	{'F__J': 1.603996794927536, 'J__F': 1.603996794927536, 'F_G__last': 1.5667034213827336, 'last__F_G': 1.5667034213827336}
2.0326104468725963	207	(-1, 1, 1, -1, -1, 1, 1, 1, 1)	1.603996794927536	{'F__J': 1.603996794927536, 'G__K': 1.603996794930111, 'J__F': 1.603996794927536, 'K__G': 1.603996794930111, 'F_G__last': 1.5667034213827336, 'last__F_G': 1.5667034213827336}
2.035752039526186	195	(-1, 1, 1, -1, -1, -1, -1, 1, 1)	1.1156780579334435	{'B__J': 1.114467837211877, 'C__K': 1.1144678371723842, 'D__H': 1.1425766477542099, 'E__I': 1.1425766477511277, 'H__D': 1.1425766477542099, 'I__E': 1.1425766477511277, 'J__B': 1.114467837211877, 'K__C': 1.1144678371723842, 'B_C__last': 0.9947442370298916, 'D_E__H_I': 1.11688827865501, 'H_I__D_E': 1.11688827865501, 'last__B_C': 0.9947442370298916}
2.035752039526186	196	(-1, 1, 1, -1, -1, -1, 1, -1, -1)	1.12973246320461	{'D__H': 1.1425766477542099, 'H__D': 1.1425766477542099, 'D_E__H_I': 1.11688827865501, 'H_I__D_E': 1.11688827865501}
2.035752039526186	197	(-1, 1, 1, -1, -1, -1, 1, -1, 1)	1.12973246320461	{'D__H': 1.1425766477542099, 'H__D': 1.1425766477542099, 'D_E__H_I': 1.11688827865501, 'H_I__D_E': 1.11688827865501}
2.035752039526186	198	(-1, 1, 1, -1, -1, -1, 1, 1, -1)	1.11688827865501	{'D__H': 1.1425766477542099, 'H__D': 1.1425766477542099, 'D_E__H_I': 1.11688827865501, 'F_G__last': 1.116888278640655, 'H_I__D_E': 1.11688827865501, 'last__F_G': 1.116888278640655}
2.035752039526186	199	(-1, 1, 1, -1, -1, -1, 1, 1, 1)	1.1297324631882093	{'D__H': 1.1425766477542099, 'G__K': 1.1425766477214088, 'H__D': 1.1425766477542099, 'K__G': 1.1425766477214088, 'D_E__H_I': 1.11688827865501, 'F_G__last': 1.116888278640655, 'H_I__D_E': 1.11688827865501, 'last__F_G': 1.116888278640655}
2.035752039526186	200	(-1, 1, 1, -1, -1, 1, -1, -1, -1)	1.1297324631510839	{'G__K': 1.1425766477010486, 'K__G': 1.1425766477010486, 'F_G__last': 1.1168882786011194, 'last__F_G': 1.1168882786011194}
2.035752039526186	201	(-1, 1, 1, -1, -1, 1, -1, -1, 1)	1.1168882786011194	{'F_G__last': 1.1168882786011194, 'last__F_G': 1.1168882786011194}
2.035752039526186	206	(-1, 1, 1, -1, -1, 1, 1, 1, -1)	1.1297324631863075	{'F__J': 1.14257664773671, 'J__F': 1.14257664773671, 'F_G__last': 1.116888278635905, 'last__F_G': 1.116888278635905}
2.035752039526186	207	(-1, 1, 1, -1, -1, 1, 1, 1, 1)	1.1425766477144854	{'F__J': 1.14257664773671, 'G__K': 1.1425766477144854, 'J__F': 1.14257664773671, 'K__G': 1.1425766477144854, 'F_G__last': 1.116888278635905, 'last__F_G': 1.116888278635905}
2.038893632179776	195	(-1, 1, 1, -1, -1, -1, -1, 1, 1)	3.7874253333799706	{'B__J': 3.7785965319913375, 'C__K': 3.7785965319724992, 'D__H': 3.8805188393338153, 'E__I': 3.880518839337375, 'H__D': 3.8805188393338153, 'I__E': 3.880518839337375, 'J__B': 3.7785965319913375, 'K__C': 3.7785965319724992, 'B_C__last': 3.3464922159492247, 'D_E__H_I': 3.796254134768604, 'H_I__D_E': 3.796254134768604, 'last__B_C': 3.3464922159492247}
2.038893632179776	196	(-1, 1, 1, -1, -1, -1, 1, -1, -1)	3.83838648705121	{'D__H': 3.8805188393338153, 'H__D': 3.8805188393338153, 'D_E__H_I': 3.796254134768604, 'H_I__D_E': 3.796254134768604}
2.038893632179776	197	(-1, 1, 1, -1, -1, -1, 1, -1, 1)	3.83838648705121	{'D__H': 3.8805188393338153, 'H__D': 3.8805188393338153, 'D_E__H_I': 3.796254134768604, 'H_I__D_E': 3.796254134768604}
2.038893632179776	198	(-1, 1, 1, -1, -1, -1, 1, 1, -1)	3.7962541347709893	{'D__H': 3.8805188393338153, 'H__D': 3.8805188393338153, 'D_E__H_I': 3.796254134768604, 'F_G__last': 3.7962541347709893, 'H_I__D_E': 3.796254134768604, 'last__F_G': 3.7962541347709893}
2.038893632179776	199	(-1, 1, 1, -1, -1, -1, 1, 1, 1)	3.8383864870524023	{'D__H': 3.8805188393338153, 'G__K': 3.880518839333955, 'H__D': 3.8805188393338153, 'K__G': 3.880518839333955, 'D_E__H_I': 3.796254134768604, 'F_G__last': 3.7962541347709893, 'H_I__D_E': 3.796254134768604, 'last__F_G': 3.7962541347709893}
2.038893632179776	200	(-1, 1, 1, -1, -1, 1, -1, -1, -1)	3.8383864870465176	{'G__K': 3.8805188393332473, 'K__G': 3.8805188393332473, 'F_G__last': 3.796254134759788, 'last__F_G': 3.796254134759788}
2.038893632179776	201	(-1, 1, 1, -1, -1, 1, -1, -1, 1)	3.796254134759788	{'F_G__last': 3.796254134759788, 'last__F_G': 3.796254134759788}
2.038893632179776	206	(-1, 1, 1, -1, -1, 1, 1, 1, -1)	3.8383864870553888	{'F__J': 3.8805188393385532, 'J__F': 3.8805188393385532, 'F_G__last': 3.7962541347722247, 'last__F_G': 3.7962541347722247}
2.038893632179776	207	(-1, 1, 1, -1, -1, 1, 1, 1, 1)	3.8805188393365544	{'F__J': 3.8805188393385532, 'G__K': 3.8805188393365544, 'J__F': 3.8805188393385532, 'K__G': 3.8805188393365544, 'F_G__last': 3.7962541347722247, 'last__F_G': 3.7962541347722247}
2.0420352248333655	195	(-1, 1, 1, -1, -1, -1, -1, 1, 1)	6.448473073529159	{'B__J': 6.425578444507533, 'C__K': 6.42557844450675, 'D__H': 6.609818118131922, 'E__I': 6.609818118092637, 'H__D': 6.609818118131922, 'I__E': 6.609818118092637, 'J__B': 6.425578444507533, 'K__C': 6.42557844450675, 'B_C__last': 5.645542963356823, 'D_E__H_I': 6.4713677025507845, 'H_I__D_E': 6.4713677025507845, 'last__B_C': 5.645542963356823}
2.0420352248333655	196	(-1, 1, 1, -1, -1, -1, 1, -1, -1)	6.540592910341353	{'D__H': 6.609818118131922, 'H__D': 6.609818118131922, 'D_E__H_I': 6.4713677025507845, 'H_I__D_E': 6.4713677025507845}
2.0420352248333655	197	(-1, 1, 1, -1, -1, -1, 1, -1, 1)	6.540592910341353	{'D__H': 6.609818118131922, 'H__D': 6.609818118131922, 'D_E__H_I': 6.4713677025507845, 'H_I__D_E': 6.4713677025507845}
2.0420352248333655	198	(-1, 1, 1, -1, -1, -1, 1, 1, -1)	6.4713677025507845	{'D__H': 6.609818118131922, 'H__D': 6.609818118131922, 'D_E__H_I': 6.4713677025507845, 'F_G__last': 6.471367702515546, 'H_I__D_E': 6.4713677025507845, 'last__F_G': 6.471367702515546}
2.0420352248333655	199	(-1, 1, 1, -1, -1, -1, 1, 1, 1)	6.540592910313432	{'D__H': 6.609818118131922, 'G__K': 6.609818118076078, 'H__D': 6.609818118131922, 'K__G': 6.609818118076078, 'D_E__H_I': 6.4713677025507845, 'F_G__last': 6.471367702515546, 'H_I__D_E': 6.4713677025507845, 'last__F_G': 6.471367702515546}
2.0420352248333655	200	(-1, 1, 1, -1, -1, 1, -1, -1, -1)	6.540592910297709	{'G__K': 6.6098181180836795, 'K__G': 6.6098181180836795, 'F_G__last': 6.47136770251174, 'last__F_G': 6.47136770251174}
2.0420352248333655	201	(-1, 1, 1, -1, -1, 1, -1, -1, 1)	6.47136770251174	{'F_G__last': 6.47136770251174, 'last__F_G': 6.47136770251174}
2.0420352248333655	206	(-1, 1, 1, -1, -1, 1, 1, 1, -1)	6.540592910292727	{'F__J': 6.609818118073668, 'J__F': 6.609818118073668, 'F_G__last': 6.4713677025117855, 'last__F_G': 6.4713677025117855}
2.0420352248333655	207	(-1, 1, 1, -1, -1, 1, 1, 1, 1)	6.609818118073668	{'F__J': 6.609818118073668, 'G__K': 6.609818118086939, 'J__F': 6.609818118073668, 'K__G': 6.609818118086939, 'F_G__last': 6.4713677025117855, 'last__F_G': 6.4713677025117855}
2.0451768174869556	195	(-1, 1, 1, -1, -1, -1, -1, 1, 1)	9.099052002100617	{'B__J': 9.055901424412554, 'C__K': 9.055901424412696, 'D__H': 9.330463035131107, 'E__I': 9.3304630351227, 'H__D': 9.330463035131107, 'I__E': 9.3304630351227, 'J__B': 9.055901424412554, 'K__C': 9.055901424412696, 'B_C__last': 7.891810254340592, 'D_E__H_I': 9.142202579788538, 'H_I__D_E': 9.142202579788538, 'last__B_C': 7.891810254340592}
2.0451768174869556	196	(-1, 1, 1, -1, -1, -1, 1, -1, -1)	9.236332807459823	{'D__H': 9.330463035131107, 'H__D': 9.330463035131107, 'D_E__H_I': 9.142202579788538, 'H_I__D_E': 9.142202579788538}
2.0451768174869556	197	(-1, 1, 1, -1, -1, -1, 1, -1, 1)	9.236332807459823	{'D__H': 9.330463035131107, 'H__D': 9.330463035131107, 'D_E__H_I': 9.142202579788538, 'H_I__D_E': 9.142202579788538}
2.0451768174869556	198	(-1, 1, 1, -1, -1, -1, 1, 1, -1)	9.142202579788538	{'D__H': 9.330463035131107, 'H__D': 9.330463035131107, 'D_E__H_I': 9.142202579788538, 'F_G__last': 9.142202579754832, 'H_I__D_E': 9.142202579788538, 'last__F_G': 9.142202579754832}
2.0451768174869556	199	(-1, 1, 1, -1, -1, -1, 1, 1, 1)	9.236332807446761	{'D__H': 9.330463035131107, 'G__K': 9.330463035104982, 'H__D': 9.330463035131107, 'K__G': 9.330463035104982, 'D_E__H_I': 9.142202579788538, 'F_G__last': 9.142202579754832, 'H_I__D_E': 9.142202579788538, 'last__F_G': 9.142202579754832}
2.0451768174869556	200	(-1, 1, 1, -1, -1, 1, -1, -1, -1)	9.23633280745455	{'G__K': 9.330463035129183, 'K__G': 9.330463035129183, 'F_G__last': 9.142202579779918, 'last__F_G': 9.142202579779918}
2.0451768174869556	201	(-1, 1, 1, -1, -1, 1, -1, -1, 1)	9.142202579779918	{'F_G__last': 9.142202579779918, 'last__F_G': 9.142202579779918}
2.0451768174869556	206	(-1, 1, 1, -1, -1, 1, 1, 1, -1)	9.236332807421178	{'F__J': 9.330463035088863, 'J__F': 9.330463035088863, 'F_G__last': 9.14220257975349, 'last__F_G': 9.14220257975349}
2.0451768174869556	207	(-1, 1, 1, -1, -1, 1, 1, 1, 1)	9.330463035088863	{'F__J': 9.330463035088863, 'G__K': 9.330463035106911, 'J__F': 9.330463035088863, 'K__G': 9.330463035106911, 'F_G__last': 9.14220257975349, 'last__F_G': 9.14220257975349}
2.0797343366764434	198	(-1, 1, 1, -1, -1, -1, 1, 1, -1)	6.867101122705032	{'F__K': 6.867101122705032, 'K__F': 6.867101122705032}
2.0797343366764434	201	(-1, 1, 1, -1, -1, 1, -1, -1, 1)	6.867101122736852	{'F__K': 6.867101122736852, 'K__F': 6.867101122736852}
2.082875929330033	198	(-1, 1, 1, -1, -1, -1, 1, 1, -1)	2.8606276811687334	{'F__K': 2.8606276811687334, 'K__F': 2.8606276811687334}
2.082875929330033	201	(-1, 1, 1, -1, -1, 1, -1, -1, 1)	2.860627681203091	{'F__K': 2.860627681203091, 'K__F': 2.860627681203091}
2.0860175219836226	198	(-1, 1, 1, -1, -1, -1, 1, 1, -1)	1.1399994136885823	{'F__K': 1.1399994136885823, 'K__F': 1.1399994136885823}
2.0860175219836226	201	(-1, 1, 1, -1, -1, 1, -1, -1, 1)	1.1399994136462788	{'F__K': 1.1399994136462788, 'K__F': 1.1399994136462788}
2.0891591146372126	198	(-1, 1, 1, -1, -1, -1, 1, 1, -1)	5.134734183770783	{'F__K': 5.134734183770783, 'K__F': 5.134734183770783}
2.0891591146372126	201	(-1, 1, 1, -1, -1, 1, -1, -1, 1)	5.134734183786794	{'F__K': 5.134734183786794, 'K__F': 5.134734183786794}
2.092300707290802	198	(-1, 1, 1, -1, -1, -1, 1, 1, -1)	9.123530684837188	{'F__K': 9.123530684837188, 'K__F': 9.123530684837188}
2.092300707290802	201	(-1, 1, 1, -1, -1, 1, -1, -1, 1)	9.12353068491699	{'F__K': 9.12353068491699, 'K__F': 9.12353068491699}
2.1174334485195208	204	(-1, 1, 1, -1, -1, 1, 1, -1, -1)	8.081586070487873	{'A__J': 8.081586070487873, 'J__A': 8.081586070487873}
2.1174334485195208	205	(-1, 1, 1, -1, -1, 1, 1, -1, 1)	8.081586070487873	{'A__J': 8.081586070487873, 'J__A': 8.081586070487873}
2.1205750411731104	204	(-1, 1, 1, -1, -1, 1, 1, -1, -1)	6.192363636257954	{'A__J': 6.192363636257954, 'J__A': 6.192363636257954}
2.1205750411731104	205	(-1, 1, 1, -1, -1, 1, 1, -1, 1)	6.192363636257954	{'A__J': 6.192363636257954, 'J__A': 6.192363636257954}
2.12685822648029	204	(-1, 1, 1, -1, -1, 1, 1, -1, -1)	0.12806254961505448	{'first__last': 0.12806254961505448, 'last__first': 0.12806254961505448}
2.12685822648029	205	(-1, 1, 1, -1, -1, 1, 1, -1, 1)	0.12806254961505448	{'first__last': 0.12806254961505448, 'last__first': 0.12806254961505448}
2.309070600388498	195	(-1, 1, 1, -1, -1, -1, -1, 1, 1)	9.269876493478865	{'B_C__last': 9.269876493478865, 'last__B_C': 9.269876493478865}
2.312212193042088	195	(-1, 1, 1, -1, -1, -1, -1, 1, 1)	7.186200148804989	{'B_C__last': 7.186200148804989, 'last__B_C': 7.186200148804989}
2.315353785695678	195	(-1, 1, 1, -1, -1, -1, -1, 1, 1)	5.05878801854936	{'B_C__last': 5.05878801854936, 'last__B_C': 5.05878801854936}
2.3184953783492674	195	(-1, 1, 1, -1, -1, -1, -1, 1, 1)	2.8879236359690674	{'B_C__last': 2.8879236359690674, 'last__B_C': 2.8879236359690674}
2.321636971002857	195	(-1, 1, 1, -1, -1, -1, -1, 1, 1)	0.6738940909740538	{'B_C__last': 0.6738940909740538, 'last__B_C': 0.6738940909740538}
2.321636971002857	200	(-1, 1, 1, -1, -1, 1, -1, -1, -1)	3.629406271936289	{'first__H_I': 3.629406271936289, 'H_I__first': 3.629406271936289}
2.321636971002857	201	(-1, 1, 1, -1, -1, 1, -1, -1, 1)	3.629406271936289	{'first__H_I': 3.629406271936289, 'H_I__first': 3.629406271936289}
2.321636971002857	202	(-1, 1, 1, -1, -1, 1, -1, 1, -1)	3.629406271936289	{'first__H_I': 3.629406271936289, 'H_I__first': 3.629406271936289}
2.321636971002857	203	(-1, 1, 1, -1, -1, 1, -1, 1, 1)	3.629406271936289	{'first__H_I': 3.629406271936289, 'H_I__first': 3.629406271936289}
2.321636971002857	204	(-1, 1, 1, -1, -1, 1, 1, -1, -1)	2.307068425812285	{'A__I': 2.3070684257429757, 'B__J': 2.307068425806863, 'C__K': 2.307068425812285, 'I__A': 2.3070684257429757, 'J__B': 2.307068425806863, 'K__C': 2.307068425812285, 'first__H_I': 3.629406271936289, 'B_C__last': 3.6294062719774063, 'H_I__first': 3.629406271936289, 'last__B_C': 3.6294062719774063}
2.321636971002857	205	(-1, 1, 1, -1, -1, 1, 1, -1, 1)	2.9682373488715763	{'A__I': 2.3070684257429757, 'B__J': 2.307068425806863, 'I__A': 2.3070684257429757, 'J__B': 2.307068425806863, 'first__H_I': 3.629406271936289, 'B_C__last': 3.6294062719774063, 'H_I__first': 3.629406271936289, 'last__B_C': 3.6294062719774063}
2.321636971002857	206	(-1, 1, 1, -1, -1, 1, 1, 1, -1)	2.968237348839632	{'A__I': 2.3070684257429757, 'I__A': 2.3070684257429757, 'first__H_I': 3.629406271936289, 'H_I__first': 3.629406271936289}
2.321636971002857	207	(-1, 1, 1, -1, -1, 1, 1, 1, 1)	2.968237348839632	{'A__I': 2.3070684257429757, 'I__A': 2.3070684257429757, 'first__H_I': 3.629406271936289, 'H_I__first': 3.629406271936289}
2.324778563656447	195	(-1, 1, 1, -1, -1, -1, -1, 1, 1)	1.5830099962472481	{'B_C__last': 1.5830099962472481, 'last__B_C': 1.5830099962472481}
2.324778563656447	200	(-1, 1, 1, -1, -1, 1, -1, -1, -1)	8.422187058637828	{'first__H_I': 8.422187058637828, 'H_I__first': 8.422187058637828}
2.324778563656447	201	(-1, 1, 1, -1, -1, 1, -1, -1, 1)	8.422187058637828	{'first__H_I': 8.422187058637828, 'H_I__first': 8.422187058637828}
2.324778563656447	202	(-1, 1, 1, -1, -1, 1, -1, 1, -1)	8.422187058637828	{'first__H_I': 8.422187058637828, 'H_I__first': 8.422187058637828}
2.324778563656447	203	(-1, 1, 1, -1, -1, 1, -1, 1, 1)	8.422187058637828	{'first__H_I': 8.422187058637828, 'H_I__first': 8.422187058637828}
2.324778563656447	204	(-1, 1, 1, -1, -1, 1, 1, -1, -1)	5.347705842083508	{'A__I': 5.347705842039549, 'B__J': 5.347705842028668, 'C__K': 5.347705842083508, 'I__A': 5.347705842039549, 'J__B': 5.347705842028668, 'K__C': 5.347705842083508, 'first__H_I': 8.422187058637828, 'B_C__last': 8.422187058662082, 'H_I__first': 8.422187058637828, 'last__B_C': 8.422187058662082}
2.324778563656447	205	(-1, 1, 1, -1, -1, 1, 1, -1, 1)	6.884946450338688	{'A__I': 5.347705842039549, 'B__J': 5.347705842028668, 'I__A': 5.347705842039549, 'J__B': 5.347705842028668, 'first__H_I': 8.422187058637828, 'B_C__last': 8.422187058662082, 'H_I__first': 8.422187058637828, 'last__B_C': 8.422187058662082}
2.324778563656447	206	(-1, 1, 1, -1, -1, 1, 1, 1, -1)	6.884946450338688	{'A__I': 5.347705842039549, 'I__A': 5.347705842039549, 'first__H_I': 8.422187058637828, 'H_I__first': 8.422187058637828}
2.324778563656447	207	(-1, 1, 1, -1, -1, 1, 1, 1, 1)	6.884946450338688	{'A__I': 5.347705842039549, 'I__A': 5.347705842039549, 'first__H_I': 8.422187058637828, 'H_I__first': 8.422187058637828}
2.3279201563100367	195	(-1, 1, 1, -1, -1, -1, -1, 1, 1)	3.8824945010145977	{'B_C__last': 3.8824945010145977, 'last__B_C': 3.8824945010145977}
2.3310617489636267	195	(-1, 1, 1, -1, -1, -1, -1, 1, 1)	6.224261821906909	{'B_C__last': 6.224261821906909, 'last__B_C': 6.224261821906909}
2.3342033416172163	195	(-1, 1, 1, -1, -1, -1, -1, 1, 1)	8.608010907228271	{'B_C__last': 8.608010907228271, 'last__B_C': 8.608010907228271}
2.5132741228718345	195	(-1, 1, 1, -1, -1, -1, -1, 1, 1)	5.635621484338049	{'A__F': 5.635621484338049, 'F__A': 5.635621484338049}
2.5132741228718345	196	(-1, 1, 1, -1, -1, -1, 1, -1, -1)	5.635621484338049	{'A__F': 5.635621484338049, 'F__A': 5.635621484338049}
2.5132741228718345	197	(-1, 1, 1, -1, -1, -1, 1, -1, 1)	5.635621484338049	{'A__F': 5.635621484338049, 'F__A': 5.635621484338049}
2.5132741228718345	198	(-1, 1, 1, -1, -1, -1, 1, 1, -1)	5.635621484338049	{'A__F': 5.635621484338049, 'F__A': 5.635621484338049}
2.5132741228718345	199	(-1, 1, 1, -1, -1, -1, 1, 1, 1)	5.635621484338049	{'A__F': 5.635621484338049, 'F__A': 5.635621484338049}
2.5132741228718345	200	(-1, 1, 1, -1, -1, 1, -1, -1, -1)	5.635621484340967	{'A__F': 5.635621484338049, 'C__H': 5.6356214843438845, 'F__A': 5.635621484338049, 'H__C': 5.6356214843438845}
2.5132741228718345	201	(-1, 1, 1, -1, -1, 1, -1, -1, 1)	5.635621484340967	{'A__F': 5.635621484338049, 'C__H': 5.6356214843438845, 'F__A': 5.635621484338049, 'H__C': 5.6356214843438845}
2.5132741228718345	202	(-1, 1, 1, -1, -1, 1, -1, 1, -1)	5.635621484340967	{'A__F': 5.635621484338049, 'C__H': 5.6356214843438845, 'F__A': 5.635621484338049, 'H__C': 5.6356214843438845}
2.5132741228718345	203	(-1, 1, 1, -1, -1, 1, -1, 1, 1)	5.635621484340967	{'A__F': 5.635621484338049, 'C__H': 5.6356214843438845, 'F__A': 5.635621484338049, 'H__C': 5.6356214843438845}
2.5132741228718345	204	(-1, 1, 1, -1, -1, 1, 1, -1, -1)	5.6356214843438845	{'A__F': 5.635621484338049, 'C__H': 5.6356214843438845, 'E__J': 5.6356214843499925, 'F__A': 5.635621484338049, 'H__C': 5.6356214843438845, 'J__E': 5.6356214843499925}
2.5132741228718345	205	(-1, 1, 1, -1, -1, 1, 1, -1, 1)	5.6356214843438845	{'A__F': 5.635621484338049, 'C__H': 5.6356214843438845, 'E__J': 5.6356214843499925, 'F__A': 5.635621484338049, 'H__C': 5.6356214843438845, 'J__E': 5.6356214843499925}
2.5132741228718345	206	(-1, 1, 1, -1, -1, 1, 1, 1, -1)	5.635621484340967	{'A__F': 5.635621484338049, 'C__H': 5.6356214843438845, 'F__A': 5.635621484338049, 'H__C': 5.6356214843438845}
2.5132741228718345	207	(-1, 1, 1, -1, -1, 1, 1, 1, 1)	5.635621484340967	{'A__F': 5.635621484338049, 'C__H': 5.6356214843438845, 'F__A': 5.635621484338049, 'H__C': 5.6356214843438845}
2.5164157155254245	195	(-1, 1, 1, -1, -1, -1, -1, 1, 1)	1.2790465827796997	{'A__F': 1.2790465827796997, 'F__A': 1.2790465827796997}
2.5164157155254245	196	(-1, 1, 1, -1, -1, -1, 1, -1, -1)	1.2790465827796997	{'A__F': 1.2790465827796997, 'F__A': 1.2790465827796997}
2.5164157155254245	197	(-1, 1, 1, -1, -1, -1, 1, -1, 1)	1.2790465827796997	{'A__F': 1.2790465827796997, 'F__A': 1.2790465827796997}
2.5164157155254245	198	(-1, 1, 1, -1, -1, -1, 1, 1, -1)	1.2790465827796997	{'A__F': 1.2790465827796997, 'F__A': 1.2790465827796997}
2.5164157155254245	199	(-1, 1, 1, -1, -1, -1, 1, 1, 1)	1.2790465827796997	{'A__F': 1.2790465827796997, 'F__A': 1.2790465827796997}
2.5164157155254245	200	(-1, 1, 1, -1, -1, 1, -1, -1, -1)	1.2790465827799133	{'A__F': 1.2790465827796997, 'C__H': 1.2790465827801267, 'F__A': 1.2790465827796997, 'H__C': 1.2790465827801267}
2.5164157155254245	201	(-1, 1, 1, -1, -1, 1, -1, -1, 1)	1.2790465827799133	{'A__F': 1.2790465827796997, 'C__H': 1.2790465827801267, 'F__A': 1.2790465827796997, 'H__C': 1.2790465827801267}
2.5164157155254245	202	(-1, 1, 1, -1, -1, 1, -1, 1, -1)	1.2790465827799133	{'A__F': 1.2790465827796997, 'C__H': 1.2790465827801267, 'F__A': 1.2790465827796997, 'H__C': 1.2790465827801267}
2.5164157155254245	203	(-1, 1, 1, -1, -1, 1, -1, 1, 1)	1.2790465827799133	{'A__F': 1.2790465827796997, 'C__H': 1.2790465827801267, 'F__A': 1.2790465827796997, 'H__C': 1.2790465827801267}
2.5164157155254245	204	(-1, 1, 1, -1, -1, 1, 1, -1, -1)	1.2790465827796997	{'A__F': 1.2790465827796997, 'C__H': 1.2790465827801267, 'E__J': 1.27904658275655, 'F__A': 1.2790465827796997, 'H__C': 1.2790465827801267, 'J__E': 1.27904658275655}
2.5164157155254245	205	(-1, 1, 1, -1, -1, 1, 1, -1, 1)	1.2790465827796997	{'A__F': 1.2790465827796997, 'C__H': 1.2790465827801267, 'E__J': 1.27904658275655, 'F__A': 1.2790465827796997, 'H__C': 1.2790465827801267, 'J__E': 1.27904658275655}
2.5164157155254245	206	(-1, 1, 1, -1, -1, 1, 1, 1, -1)	1.2790465827799133	{'A__F': 1.2790465827796997, 'C__H': 1.2790465827801267, 'F__A': 1.2790465827796997, 'H__C': 1.2790465827801267}
2.5164157155254245	207	(-1, 1, 1, -1, -1, 1, 1, 1, 1)	1.2790465827799133	{'A__F': 1.2790465827796997, 'C__H': 1.2790465827801267, 'F__A': 1.2790465827796997, 'H__C': 1.2790465827801267}
2.519557308179014	195	(-1, 1, 1, -1, -1, -1, -1, 1, 1)	8.17355541019512	{'A__F': 8.17355541019512, 'F__A': 8.17355541019512}
2.519557308179014	196	(-1, 1, 1, -1, -1, -1, 1, -1, -1)	8.17355541019512	{'A__F': 8.17355541019512, 'F__A': 8.17355541019512}
2.519557308179014	197	(-1, 1, 1, -1, -1, -1, 1, -1, 1)	8.17355541019512	{'A__F': 8.17355541019512, 'F__A': 8.17355541019512}
2.519557308179014	198	(-1, 1, 1, -1, -1, -1, 1, 1, -1)	8.17355541019512	{'A__F': 8.17355541019512, 'F__A': 8.17355541019512}
2.519557308179014	199	(-1, 1, 1, -1, -1, -1, 1, 1, 1)	8.17355541019512	{'A__F': 8.17355541019512, 'F__A': 8.17355541019512}
2.519557308179014	200	(-1, 1, 1, -1, -1, 1, -1, -1, -1)	8.17355541019985	{'A__F': 8.17355541019512, 'C__H': 8.173555410204578, 'F__A': 8.17355541019512, 'H__C': 8.173555410204578}
2.519557308179014	201	(-1, 1, 1, -1, -1, 1, -1, -1, 1)	8.17355541019985	{'A__F': 8.17355541019512, 'C__H': 8.173555410204578, 'F__A': 8.17355541019512, 'H__C': 8.173555410204578}
2.519557308179014	202	(-1, 1, 1, -1, -1, 1, -1, 1, -1)	8.17355541019985	{'A__F': 8.17355541019512, 'C__H': 8.173555410204578, 'F__A': 8.17355541019512, 'H__C': 8.173555410204578}
2.519557308179014	203	(-1, 1, 1, -1, -1, 1, -1, 1, 1)	8.17355541019985	{'A__F': 8.17355541019512, 'C__H': 8.173555410204578, 'F__A': 8.17355541019512, 'H__C': 8.173555410204578}
2.519557308179014	204	(-1, 1, 1, -1, -1, 1, 1, -1, -1)	8.17355541019689	{'A__F': 8.17355541019512, 'C__H': 8.173555410204578, 'E__J': 8.17355541019689, 'F__A': 8.17355541019512, 'H__C': 8.173555410204578, 'J__E': 8.17355541019689}
2.519557308179014	205	(-1, 1, 1, -1, -1, 1, 1, -1, 1)	8.17355541019689	{'A__F': 8.17355541019512, 'C__H': 8.173555410204578, 'E__J': 8.17355541019689, 'F__A': 8.17355541019512, 'H__C': 8.173555410204578, 'J__E': 8.17355541019689}
2.519557308179014	206	(-1, 1, 1, -1, -1, 1, 1, 1, -1)	8.17355541019985	{'A__F': 8.17355541019512, 'C__H': 8.173555410204578, 'F__A': 8.17355541019512, 'H__C': 8.173555410204578}
2.519557308179014	207	(-1, 1, 1, -1, -1, 1, 1, 1, 1)	8.17355541019985	{'A__F': 8.17355541019512, 'C__H': 8.173555410204578, 'F__A': 8.17355541019512, 'H__C': 8.173555410204578}
2.6640705702441445	195	(-1, 1, 1, -1, -1, -1, -1, 1, 1)	6.144718401040999	{'first__F_G': 6.144718401040999, 'F_G__first': 6.144718401040999}
2.6640705702441445	196	(-1, 1, 1, -1, -1, -1, 1, -1, -1)	6.144718401040999	{'first__F_G': 6.144718401040999, 'F_G__first': 6.144718401040999}
2.6640705702441445	197	(-1, 1, 1, -1, -1, -1, 1, -1, 1)	6.144718401040999	{'first__F_G': 6.144718401040999, 'F_G__first': 6.144718401040999}
2.6640705702441445	198	(-1, 1, 1, -1, -1, -1, 1, 1, -1)	6.144718401040999	{'first__F_G': 6.144718401040999, 'F_G__first': 6.144718401040999}
2.6640705702441445	199	(-1, 1, 1, -1, -1, -1, 1, 1, 1)	6.144718401040999	{'first__F_G': 6.144718401040999, 'F_G__first': 6.144718401040999}
2.6640705702441445	200	(-1, 1, 1, -1, -1, 1, -1, -1, -1)	6.144718401033498	{'first__F_G': 6.144718401040999, 'B_C__H_I': 6.144718401025997, 'F_G__first': 6.144718401040999, 'H_I__B_C': 6.144718401025997}
2.6640705702441445	201	(-1, 1, 1, -1, -1, 1, -1, -1, 1)	6.144718401033498	{'first__F_G': 6.144718401040999, 'B_C__H_I': 6.144718401025997, 'F_G__first': 6.144718401040999, 'H_I__B_C': 6.144718401025997}
2.6640705702441445	202	(-1, 1, 1, -1, -1, 1, -1, 1, -1)	6.144718401033498	{'first__F_G': 6.144718401040999, 'B_C__H_I': 6.144718401025997, 'F_G__first': 6.144718401040999, 'H_I__B_C': 6.144718401025997}
2.6640705702441445	203	(-1, 1, 1, -1, -1, 1, -1, 1, 1)	6.144718401033498	{'first__F_G': 6.144718401040999, 'B_C__H_I': 6.144718401025997, 'F_G__first': 6.144718401040999, 'H_I__B_C': 6.144718401025997}
2.6640705702441445	204	(-1, 1, 1, -1, -1, 1, 1, -1, -1)	6.144718401025997	{'first__F_G': 6.144718401040999, 'B_C__H_I': 6.144718401025997, 'D_E__last': 6.144718401018721, 'F_G__first': 6.144718401040999, 'H_I__B_C': 6.144718401025997, 'last__D_E': 6.144718401018721}
2.6640705702441445	205	(-1, 1, 1, -1, -1, 1, 1, -1, 1)	6.144718401025997	{'first__F_G': 6.144718401040999, 'B_C__H_I': 6.144718401025997, 'D_E__last': 6.144718401018721, 'F_G__first': 6.144718401040999, 'H_I__B_C': 6.144718401025997, 'last__D_E': 6.144718401018721}
2.6640705702441445	206	(-1, 1, 1, -1, -1, 1, 1, 1, -1)	6.144718401033498	{'first__F_G': 6.144718401040999, 'B_C__H_I': 6.144718401025997, 'F_G__first': 6.144718401040999, 'H_I__B_C': 6.144718401025997}
2.6640705702441445	207	(-1, 1, 1, -1, -1, 1, 1, 1, 1)	6.144718401033498	{'first__F_G': 6.144718401040999, 'B_C__H_I': 6.144718401025997, 'F_G__first': 6.144718401040999, 'H_I__B_C': 6.144718401025997}
2.6672121628977346	195	(-1, 1, 1, -1, -1, -1, -1, 1, 1)	0.4052725583148812	{'first__F_G': 0.4052725583148812, 'F_G__first': 0.4052725583148812}
2.6672121628977346	196	(-1, 1, 1, -1, -1, -1, 1, -1, -1)	0.4052725583148812	{'first__F_G': 0.4052725583148812, 'F_G__first': 0.4052725583148812}
2.6672121628977346	197	(-1, 1, 1, -1, -1, -1, 1, -1, 1)	0.4052725583148812	{'first__F_G': 0.4052725583148812, 'F_G__first': 0.4052725583148812}
2.6672121628977346	198	(-1, 1, 1, -1, -1, -1, 1, 1, -1)	0.4052725583148812	{'first__F_G': 0.4052725583148812, 'F_G__first': 0.4052725583148812}
2.6672121628977346	199	(-1, 1, 1, -1, -1, -1, 1, 1, 1)	0.4052725583148812	{'first__F_G': 0.4052725583148812, 'F_G__first': 0.4052725583148812}
2.6672121628977346	200	(-1, 1, 1, -1, -1, 1, -1, -1, -1)	0.40527255831459463	{'first__F_G': 0.4052725583148812, 'B_C__H_I': 0.40527255831430814, 'F_G__first': 0.4052725583148812, 'H_I__B_C': 0.40527255831430814}
2.6672121628977346	201	(-1, 1, 1, -1, -1, 1, -1, -1, 1)	0.40527255831459463	{'first__F_G': 0.4052725583148812, 'B_C__H_I': 0.40527255831430814, 'F_G__first': 0.4052725583148812, 'H_I__B_C': 0.40527255831430814}
2.6672121628977346	202	(-1, 1, 1, -1, -1, 1, -1, 1, -1)	0.40527255831459463	{'first__F_G': 0.4052725583148812, 'B_C__H_I': 0.40527255831430814, 'F_G__first': 0.4052725583148812, 'H_I__B_C': 0.40527255831430814}
2.6672121628977346	203	(-1, 1, 1, -1, -1, 1, -1, 1, 1)	0.40527255831459463	{'first__F_G': 0.4052725583148812, 'B_C__H_I': 0.40527255831430814, 'F_G__first': 0.4052725583148812, 'H_I__B_C': 0.40527255831430814}
2.6672121628977346	204	(-1, 1, 1, -1, -1, 1, 1, -1, -1)	0.40527255831430814	{'first__F_G': 0.4052725583148812, 'B_C__H_I': 0.40527255831430814, 'D_E__last': 0.4052725582867177, 'F_G__first': 0.4052725583148812, 'H_I__B_C': 0.40527255831430814, 'last__D_E': 0.4052725582867177}
2.6672121628977346	205	(-1, 1, 1, -1, -1, 1, 1, -1, 1)	0.40527255831430814	{'first__F_G': 0.4052725583148812, 'B_C__H_I': 0.40527255831430814, 'D_E__last': 0.4052725582867177, 'F_G__first': 0.4052725583148812, 'H_I__B_C': 0.40527255831430814, 'last__D_E': 0.4052725582867177}
2.6672121628977346	206	(-1, 1, 1, -1, -1, 1, 1, 1, -1)	0.40527255831459463	{'first__F_G': 0.4052725583148812, 'B_C__H_I': 0.40527255831430814, 'F_G__first': 0.4052725583148812, 'H_I__B_C': 0.40527255831430814}
2.6672121628977346	207	(-1, 1, 1, -1, -1, 1, 1, 1, 1)	0.40527255831459463	{'first__F_G': 0.4052725583148812, 'B_C__H_I': 0.40527255831430814, 'F_G__first': 0.4052725583148812, 'H_I__B_C': 0.40527255831430814}
2.670353755551324	195	(-1, 1, 1, -1, -1, -1, -1, 1, 1)	6.923616696080684	{'first__F_G': 6.923616696080684, 'F_G__first': 6.923616696080684}
2.670353755551324	196	(-1, 1, 1, -1, -1, -1, 1, -1, -1)	6.923616696080684	{'first__F_G': 6.923616696080684, 'F_G__first': 6.923616696080684}
2.670353755551324	197	(-1, 1, 1, -1, -1, -1, 1, -1, 1)	6.923616696080684	{'first__F_G': 6.923616696080684, 'F_G__first': 6.923616696080684}
2.670353755551324	198	(-1, 1, 1, -1, -1, -1, 1, 1, -1)	6.923616696080684	{'first__F_G': 6.923616696080684, 'F_G__first': 6.923616696080684}
2.670353755551324	199	(-1, 1, 1, -1, -1, -1, 1, 1, 1)	6.923616696080684	{'first__F_G': 6.923616696080684, 'F_G__first': 6.923616696080684}
2.670353755551324	200	(-1, 1, 1, -1, -1, 1, -1, -1, -1)	6.923616696091113	{'first__F_G': 6.923616696080684, 'B_C__H_I': 6.923616696101541, 'F_G__first': 6.923616696080684, 'H_I__B_C': 6.923616696101541}
2.670353755551324	201	(-1, 1, 1, -1, -1, 1, -1, -1, 1)	6.923616696091113	{'first__F_G': 6.923616696080684, 'B_C__H_I': 6.923616696101541, 'F_G__first': 6.923616696080684, 'H_I__B_C': 6.923616696101541}
2.670353755551324	202	(-1, 1, 1, -1, -1, 1, -1, 1, -1)	6.923616696091113	{'first__F_G': 6.923616696080684, 'B_C__H_I': 6.923616696101541, 'F_G__first': 6.923616696080684, 'H_I__B_C': 6.923616696101541}
2.670353755551324	203	(-1, 1, 1, -1, -1, 1, -1, 1, 1)	6.923616696091113	{'first__F_G': 6.923616696080684, 'B_C__H_I': 6.923616696101541, 'F_G__first': 6.923616696080684, 'H_I__B_C': 6.923616696101541}
2.670353755551324	204	(-1, 1, 1, -1, -1, 1, 1, -1, -1)	6.923616696083513	{'first__F_G': 6.923616696080684, 'B_C__H_I': 6.923616696101541, 'D_E__last': 6.923616696083513, 'F_G__first': 6.923616696080684, 'H_I__B_C': 6.923616696101541, 'last__D_E': 6.923616696083513}
2.670353755551324	205	(-1, 1, 1, -1, -1, 1, 1, -1, 1)	6.923616696083513	{'first__F_G': 6.923616696080684, 'B_C__H_I': 6.923616696101541, 'D_E__last': 6.923616696083513, 'F_G__first': 6.923616696080684, 'H_I__B_C': 6.923616696101541, 'last__D_E': 6.923616696083513}
2.670353755551324	206	(-1, 1, 1, -1, -1, 1, 1, 1, -1)	6.923616696091113	{'first__F_G': 6.923616696080684, 'B_C__H_I': 6.923616696101541, 'F_G__first': 6.923616696080684, 'H_I__B_C': 6.923616696101541}
2.670353755551324	207	(-1, 1, 1, -1, -1, 1, 1, 1, 1)	6.923616696091113	{'first__F_G': 6.923616696080684, 'B_C__H_I': 6.923616696101541, 'F_G__first': 6.923616696080684, 'H_I__B_C': 6.923616696101541}
2.780309498426967	204	(-1, 1, 1, -1, -1, 1, 1, -1, -1)	3.2180583320634564	{'A__J': 3.2180583320634564, 'J__A': 3.2180583320634564}
2.780309498426967	205	(-1, 1, 1, -1, -1, 1, 1, -1, 1)	3.2180583320634564	{'A__J': 3.2180583320634564, 'J__A': 3.2180583320634564}
2.7834510910805568	195	(-1, 1, 1, -1, -1, -1, -1, 1, 1)	8.32417203446759	{'C__J': 8.32417203446759, 'J__C': 8.32417203446759}
2.7834510910805568	204	(-1, 1, 1, -1, -1, 1, 1, -1, -1)	5.526644998705379	{'A__J': 5.526644998705379, 'J__A': 5.526644998705379}
2.7834510910805568	205	(-1, 1, 1, -1, -1, 1, 1, -1, 1)	5.526644998705379	{'A__J': 5.526644998705379, 'J__A': 5.526644998705379}
2.786592683734147	195	(-1, 1, 1, -1, -1, -1, -1, 1, 1)	4.477516823223014	{'C__J': 4.477516823223014, 'J__C': 4.477516823223014}
2.7897342763877364	195	(-1, 1, 1, -1, -1, -1, -1, 1, 1)	0.6504613236105987	{'C__J': 0.6504613236105987, 'J__C': 0.6504613236105987}
2.7928758690413265	195	(-1, 1, 1, -1, -1, -1, -1, 1, 1)	3.1566419681016553	{'C__J': 3.1566419681016553, 'J__C': 3.1566419681016553}
2.796017461694916	195	(-1, 1, 1, -1, -1, -1, -1, 1, 1)	6.943442528325839	{'C__J': 6.943442528325839, 'J__C': 6.943442528325839}
3.097610356439536	196	(-1, 1, 1, -1, -1, -1, 1, -1, -1)	8.826438753248683	{'first__last': 8.826438753248683, 'last__first': 8.826438753248683}
3.097610356439536	197	(-1, 1, 1, -1, -1, -1, 1, -1, 1)	8.826438753248683	{'first__last': 8.826438753248683, 'last__first': 8.826438753248683}
3.100751949093126	196	(-1, 1, 1, -1, -1, -1, 1, -1, -1)	7.612218208295601	{'first__last': 7.612218208295601, 'last__first': 7.612218208295601}
3.100751949093126	197	(-1, 1, 1, -1, -1, -1, 1, -1, 1)	7.612218208295601	{'first__last': 7.612218208295601, 'last__first': 7.612218208295601}
3.100751949093126	204	(-1, 1, 1, -1, -1, 1, 1, -1, -1)	9.299417810373146	{'first__last': 9.299417810373146, 'last__first': 9.299417810373146}
3.100751949093126	205	(-1, 1, 1, -1, -1, 1, 1, -1, 1)	9.299417810373146	{'first__last': 9.299417810373146, 'last__first': 9.299417810373146}
3.1038935417467157	196	(-1, 1, 1, -1, -1, -1, 1, -1, -1)	6.48746541249749	{'first__last': 6.48746541249749, 'last__first': 6.48746541249749}
3.1038935417467157	197	(-1, 1, 1, -1, -1, -1, 1, -1, 1)	6.48746541249749	{'first__last': 6.48746541249749, 'last__first': 6.48746541249749}
3.1038935417467157	204	(-1, 1, 1, -1, -1, 1, 1, -1, -1)	7.92688547775557	{'first__last': 7.92688547775557, 'last__first': 7.92688547775557}
3.1038935417467157	205	(-1, 1, 1, -1, -1, 1, 1, -1, 1)	7.92688547775557	{'first__last': 7.92688547775557, 'last__first': 7.92688547775557}
3.1070351344003058	196	(-1, 1, 1, -1, -1, -1, 1, -1, -1)	5.452289757560088	{'first__last': 5.452289757560088, 'last__first': 5.452289757560088}
3.1070351344003058	197	(-1, 1, 1, -1, -1, -1, 1, -1, 1)	5.452289757560088	{'first__last': 5.452289757560088, 'last__first': 5.452289757560088}
3.1070351344003058	204	(-1, 1, 1, -1, -1, 1, 1, -1, -1)	6.663199129235615	{'first__last': 6.663199129235615, 'last__first': 6.663199129235615}
3.1070351344003058	205	(-1, 1, 1, -1, -1, 1, 1, -1, 1)	6.663199129235615	{'first__last': 6.663199129235615, 'last__first': 6.663199129235615}
3.1101767270538954	196	(-1, 1, 1, -1, -1, -1, 1, -1, -1)	4.506791928440268	{'first__last': 4.506791928440268, 'last__first': 4.506791928440268}
3.1101767270538954	197	(-1, 1, 1, -1, -1, -1, 1, -1, 1)	4.506791928440268	{'first__last': 4.506791928440268, 'last__first': 4.506791928440268}
3.1101767270538954	204	(-1, 1, 1, -1, -1, 1, 1, -1, -1)	5.508597647169634	{'first__last': 5.508597647169634, 'last__first': 5.508597647169634}
3.1101767270538954	205	(-1, 1, 1, -1, -1, 1, 1, -1, 1)	5.508597647169634	{'first__last': 5.508597647169634, 'last__first': 5.508597647169634}
3.113318319707485	196	(-1, 1, 1, -1, -1, -1, 1, -1, -1)	3.6510638922466225	{'first__last': 3.6510638922466225, 'last__first': 3.6510638922466225}
3.113318319707485	197	(-1, 1, 1, -1, -1, -1, 1, -1, 1)	3.6510638922466225	{'first__last': 3.6510638922466225, 'last__first': 3.6510638922466225}
3.113318319707485	204	(-1, 1, 1, -1, -1, 1, 1, -1, -1)	4.463299258139928	{'first__last': 4.463299258139928, 'last__first': 4.463299258139928}
3.113318319707485	205	(-1, 1, 1, -1, -1, 1, 1, -1, 1)	4.463299258139928	{'first__last': 4.463299258139928, 'last__first': 4.463299258139928}
3.116459912361075	196	(-1, 1, 1, -1, -1, -1, 1, -1, -1)	2.885188887609986	{'first__last': 2.885188887609986, 'last__first': 2.885188887609986}
3.116459912361075	197	(-1, 1, 1, -1, -1, -1, 1, -1, 1)	2.885188887609986	{'first__last': 2.885188887609986, 'last__first': 2.885188887609986}
3.116459912361075	204	(-1, 1, 1, -1, -1, 1, 1, -1, -1)	3.5275015009908115	{'first__last': 3.5275015009908115, 'last__first': 3.5275015009908115}
3.116459912361075	205	(-1, 1, 1, -1, -1, 1, 1, -1, 1)	3.5275015009908115	{'first__last': 3.5275015009908115, 'last__first': 3.5275015009908115}
3.1196015050146646	196	(-1, 1, 1, -1, -1, -1, 1, -1, -1)	2.2092414163188008	{'first__last': 2.2092414163188008, 'last__first': 2.2092414163188008}
3.1196015050146646	197	(-1, 1, 1, -1, -1, -1, 1, -1, 1)	2.2092414163188008	{'first__last': 2.2092414163188008, 'last__first': 2.2092414163188008}
3.1196015050146646	204	(-1, 1, 1, -1, -1, 1, 1, -1, -1)	2.701381198546672	{'first__last': 2.701381198546672, 'last__first': 2.701381198546672}
3.1196015050146646	205	(-1, 1, 1, -1, -1, 1, 1, -1, 1)	2.701381198546672	{'first__last': 2.701381198546672, 'last__first': 2.701381198546672}
3.1227430976682546	196	(-1, 1, 1, -1, -1, -1, 1, -1, -1)	1.6232872345010145	{'first__last': 1.6232872345010145, 'last__first': 1.6232872345010145}
3.1227430976682546	197	(-1, 1, 1, -1, -1, -1, 1, -1, 1)	5.105244227498309	{'A__K': 8.587201220495604, 'K__A': 8.587201220495604, 'first__last': 1.6232872345010145, 'last__first': 1.6232872345010145}
3.1227430976682546	204	(-1, 1, 1, -1, -1, 1, 1, -1, -1)	1.9850944315317578	{'first__last': 1.9850944315317578, 'last__first': 1.9850944315317578}
3.1227430976682546	205	(-1, 1, 1, -1, -1, 1, 1, -1, 1)	1.9850944315317578	{'first__last': 1.9850944315317578, 'last__first': 1.9850944315317578}
3.1258846903218442	196	(-1, 1, 1, -1, -1, -1, 1, -1, -1)	1.127383345395514	{'first__last': 1.127383345395514, 'last__first': 1.127383345395514}
3.1258846903218442	197	(-1, 1, 1, -1, -1, -1, 1, -1, 1)	4.126088725353554	{'A__K': 7.124794105311594, 'K__A': 7.124794105311594, 'first__last': 1.127383345395514, 'last__first': 1.127383345395514}
3.1258846903218442	204	(-1, 1, 1, -1, -1, 1, 1, -1, -1)	1.3787765157176726	{'first__last': 1.3787765157176726, 'last__first': 1.3787765157176726}
3.1258846903218442	205	(-1, 1, 1, -1, -1, 1, 1, -1, 1)	1.3787765157176726	{'first__last': 1.3787765157176726, 'last__first': 1.3787765157176726}
3.1290262829754343	196	(-1, 1, 1, -1, -1, -1, 1, -1, -1)	0.7215779932556484	{'first__last': 0.7215779932556484, 'last__first': 0.7215779932556484}
3.1290262829754343	197	(-1, 1, 1, -1, -1, -1, 1, -1, 1)	3.200449405490204	{'A__K': 5.67932081772476, 'K__A': 5.67932081772476, 'first__last': 0.7215779932556484, 'last__first': 0.7215779932556484}
3.1290262829754343	204	(-1, 1, 1, -1, -1, 1, 1, -1, -1)	0.8825419826227909	{'first__last': 0.8825419826227909, 'last__first': 0.8825419826227909}
3.1290262829754343	205	(-1, 1, 1, -1, -1, 1, 1, -1, 1)	0.8825419826227909	{'first__last': 0.8825419826227909, 'last__first': 0.8825419826227909}
3.132167875629024	196	(-1, 1, 1, -1, -1, -1, 1, -1, -1)	0.4059106579053675	{'first__last': 0.4059106579053675, 'last__first': 0.4059106579053675}
3.132167875629024	197	(-1, 1, 1, -1, -1, -1, 1, -1, 1)	2.3266964635302525	{'A__K': 4.247482269155138, 'K__A': 4.247482269155138, 'first__last': 0.4059106579053675, 'last__first': 0.4059106579053675}
3.132167875629024	200	(-1, 1, 1, -1, -1, 1, -1, -1, -1)	9.462389775828287	{'first__last': 9.462389775828287, 'last__first': 9.462389775828287}
3.132167875629024	201	(-1, 1, 1, -1, -1, 1, -1, -1, 1)	9.462389775828287	{'first__last': 9.462389775828287, 'last__first': 9.462389775828287}
3.132167875629024	204	(-1, 1, 1, -1, -1, 1, 1, -1, -1)	0.4964845624707261	{'first__last': 0.4964845624707261, 'last__first': 0.4964845624707261}
3.132167875629024	205	(-1, 1, 1, -1, -1, 1, 1, -1, 1)	0.4964845624707261	{'first__last': 0.4964845624707261, 'last__first': 0.4964845624707261}
3.135309468282614	196	(-1, 1, 1, -1, -1, -1, 1, -1, -1)	3.7835925470751204	{'A__K': 7.386773043779642, 'K__A': 7.386773043779642, 'first__last': 0.18041205037059907, 'last__first': 0.18041205037059907}
3.135309468282614	197	(-1, 1, 1, -1, -1, -1, 1, -1, 1)	1.5031668319596583	{'A__K': 2.8259216135487173, 'K__A': 2.8259216135487173, 'first__last': 0.18041205037059907, 'last__first': 0.18041205037059907}
3.135309468282614	200	(-1, 1, 1, -1, -1, 1, -1, -1, -1)	6.308491418139719	{'first__last': 6.308491418139719, 'last__first': 6.308491418139719}
3.135309468282614	201	(-1, 1, 1, -1, -1, 1, -1, -1, 1)	7.718991856765445	{'A__K': 9.12949229539117, 'K__A': 9.12949229539117, 'first__last': 6.308491418139719, 'last__first': 6.308491418139719}
3.135309468282614	204	(-1, 1, 1, -1, -1, 1, 1, -1, -1)	0.22067717071218593	{'first__last': 0.22067717071218593, 'last__first': 0.22067717071218593}
3.135309468282614	205	(-1, 1, 1, -1, -1, 1, 1, -1, 1)	3.8045611343788317	{'A__K': 7.388445098045477, 'K__A': 7.388445098045477, 'first__last': 0.22067717071218593, 'last__first': 0.22067717071218593}
3.1384510609362035	195	(-1, 1, 1, -1, -1, -1, -1, 1, 1)	7.116824425443476	{'A__K': 5.975625421801272, 'K__A': 5.975625421801272, 'first__last': 8.25802342908568, 'last__first': 8.25802342908568}
3.1384510609362035	196	(-1, 1, 1, -1, -1, -1, 1, -1, -1)	1.8691617441312858	{'A__K': 3.6932193785542746, 'K__A': 3.6932193785542746, 'first__last': 0.04510410970829676, 'last__first': 0.04510410970829676}
3.1384510609362035	197	(-1, 1, 1, -1, -1, -1, 1, -1, 1)	0.7281709668816632	{'A__K': 1.4112378240550296, 'K__A': 1.4112378240550296, 'first__last': 0.04510410970829676, 'last__first': 0.04510410970829676}
3.1384510609362035	198	(-1, 1, 1, -1, -1, -1, 1, 1, -1)	6.244933596572775	{'A__K': 7.386166732113435, 'K__A': 7.386166732113435, 'first__last': 5.103700461032115, 'last__first': 5.103700461032115}
3.1384510609362035	199	(-1, 1, 1, -1, -1, -1, 1, 1, 1)	5.1037465256943815	{'A__K': 5.1037925903566475, 'K__A': 5.1037925903566475, 'first__last': 5.103700461032115, 'last__first': 5.103700461032115}
3.1384510609362035	200	(-1, 1, 1, -1, -1, 1, -1, -1, -1)	5.000853858219781	{'A__K': 6.847392531478883, 'K__A': 6.847392531478883, 'first__last': 3.154315184960679, 'last__first': 3.154315184960679}
3.1384510609362035	201	(-1, 1, 1, -1, -1, 1, -1, -1, 1)	3.8596263622158276	{'A__K': 4.564937539470976, 'K__A': 4.564937539470976, 'first__last': 3.154315184960679, 'last__first': 3.154315184960679}
3.1384510609362035	202	(-1, 1, 1, -1, -1, 1, -1, 1, -1)	8.258036021589154	{'first__last': 8.258036021589154, 'last__first': 8.258036021589154}
3.1384510609362035	203	(-1, 1, 1, -1, -1, 1, -1, 1, 1)	8.258047893226436	{'A__K': 8.25805976486372, 'K__A': 8.25805976486372, 'first__last': 8.258036021589154, 'last__first': 8.258036021589154}
3.1384510609362035	204	(-1, 1, 1, -1, -1, 1, 1, -1, -1)	3.0153923635882163	{'A__K': 5.975612829567462, 'K__A': 5.975612829567462, 'first__last': 0.05517189760897111, 'last__first': 0.05517189760897111}
3.1384510609362035	205	(-1, 1, 1, -1, -1, 1, 1, -1, 1)	1.8743001689448606	{'A__K': 3.69342844028075, 'K__A': 3.69342844028075, 'first__last': 0.05517189760897111, 'last__first': 0.05517189760897111}
3.1384510609362035	206	(-1, 1, 1, -1, -1, 1, 1, 1, -1)	7.386146483655145	{'A__K': 9.66860807167446, 'K__A': 9.66860807167446, 'first__last': 5.103684895635832, 'last__first': 5.103684895635832}
3.1384510609362035	207	(-1, 1, 1, -1, -1, 1, 1, 1, 1)	6.244945114409464	{'A__K': 7.386205333183096, 'K__A': 7.386205333183096, 'first__last': 5.103684895635832, 'last__first': 5.103684895635832}
