2.023185668911827	325	(1, -1, 1, -1, -1, -1, 1, -1, 1)	9.768976670874462	{'D__H': 9.895384822370593, 'H__D': 9.895384822370593, 'D_E__H_I': 9.64256851937833, 'H_I__D_E': 9.64256851937833}
2.023185668911827	326	(1, -1, 1, -1, -1, -1, 1, 1, -1)	9.64256851937833	{'D__H': 9.895384822370593, 'H__D': 9.895384822370593, 'D_E__H_I': 9.64256851937833, 'F_G__last': 9.642568519311958, 'H_I__D_E': 9.64256851937833, 'last__F_G': 9.642568519311958}
2.023185668911827	327	(1, -1, 1, -1, -1, -1, 1, 1, 1)	9.768976670841708	{'D__H': 9.895384822370593, 'G__K': 9.895384822305086, 'H__D': 9.895384822370593, 'K__G': 9.895384822305086, 'D_E__H_I': 9.64256851937833, 'F_G__last': 9.642568519311958, 'H_I__D_E': 9.64256851937833, 'last__F_G': 9.642568519311958}
2.023185668911827	328	(1, -1, 1, -1, -1, 1, -1, -1, -1)	9.76897667083231	{'G__K': 9.89538482233, 'K__G': 9.89538482233, 'F_G__last': 9.642568519334619, 'last__F_G': 9.642568519334619}
2.023185668911827	329	(1, -1, 1, -1, -1, 1, -1, -1, 1)	9.642568519334619	{'F_G__last': 9.642568519334619, 'last__F_G': 9.642568519334619}
2.023185668911827	334	(1, -1, 1, -1, -1, 1, 1, 1, -1)	9.768976670816928	{'F__J': 9.89538482231667, 'J__F': 9.89538482231667, 'F_G__last': 9.642568519317186, 'last__F_G': 9.642568519317186}
2.023185668911827	335	(1, -1, 1, -1, -1, 1, 1, 1, 1)	9.89538482231667	{'F__J': 9.89538482231667, 'G__K': 9.895384822319476, 'J__F': 9.89538482231667, 'K__G': 9.895384822319476, 'F_G__last': 9.642568519317186, 'last__F_G': 9.642568519317186}
2.023185668911827	336	(1, -1, 1, -1, 1, -1, -1, -1, -1)	9.895384822325559	{'F__J': 9.895384822332694, 'G__K': 9.895384822325559, 'J__F': 9.895384822332694, 'K__G': 9.895384822325559, 'F_G__last': 9.64256851933978, 'last__F_G': 9.64256851933978}
2.023185668911827	337	(1, -1, 1, -1, 1, -1, -1, -1, 1)	9.768976670836238	{'F__J': 9.895384822332694, 'J__F': 9.895384822332694, 'F_G__last': 9.64256851933978, 'last__F_G': 9.64256851933978}
2.0263272615654166	325	(1, -1, 1, -1, -1, -1, 1, -1, 1)	7.034724046210394	{'D__H': 7.122989723944291, 'H__D': 7.122989723944291, 'D_E__H_I': 6.946458368476497, 'H_I__D_E': 6.946458368476497}
2.0263272615654166	326	(1, -1, 1, -1, -1, -1, 1, 1, -1)	6.946458368476497	{'D__H': 7.122989723944291, 'H__D': 7.122989723944291, 'D_E__H_I': 6.946458368476497, 'F_G__last': 6.9464583684437455, 'H_I__D_E': 6.946458368476497, 'last__F_G': 6.9464583684437455}
2.0263272615654166	327	(1, -1, 1, -1, -1, -1, 1, 1, 1)	7.0347240462050005	{'D__H': 7.122989723944291, 'G__K': 7.122989723933504, 'H__D': 7.122989723944291, 'K__G': 7.122989723933504, 'D_E__H_I': 6.946458368476497, 'F_G__last': 6.9464583684437455, 'H_I__D_E': 6.946458368476497, 'last__F_G': 6.9464583684437455}
2.0263272615654166	328	(1, -1, 1, -1, -1, 1, -1, -1, -1)	7.0347240462042215	{'G__K': 7.12298972394581, 'K__G': 7.12298972394581, 'F_G__last': 6.946458368462632, 'last__F_G': 6.946458368462632}
2.0263272615654166	329	(1, -1, 1, -1, -1, 1, -1, -1, 1)	6.946458368462632	{'F_G__last': 6.946458368462632, 'last__F_G': 6.946458368462632}
2.0263272615654166	334	(1, -1, 1, -1, -1, 1, 1, 1, -1)	7.034724046180065	{'F__J': 7.122989723912168, 'J__F': 7.122989723912168, 'F_G__last': 6.946458368447962, 'last__F_G': 6.946458368447962}
2.0263272615654166	335	(1, -1, 1, -1, -1, 1, 1, 1, 1)	7.122989723912168	{'F__J': 7.122989723912168, 'G__K': 7.122989723937687, 'J__F': 7.122989723912168, 'K__G': 7.122989723937687, 'F_G__last': 6.946458368447962, 'last__F_G': 6.946458368447962}
2.0263272615654166	336	(1, -1, 1, -1, 1, -1, -1, -1, -1)	7.122989723914973	{'F__J': 7.122989723914973, 'G__K': 7.122989723926404, 'J__F': 7.122989723914973, 'K__G': 7.122989723926404, 'F_G__last': 6.946458368444912, 'last__F_G': 6.946458368444912}
2.0263272615654166	337	(1, -1, 1, -1, 1, -1, -1, -1, 1)	7.034724046179942	{'F__J': 7.122989723914973, 'J__F': 7.122989723914973, 'F_G__last': 6.946458368444912, 'last__F_G': 6.946458368444912}
2.0294688542190067	325	(1, -1, 1, -1, -1, -1, 1, -1, 1)	4.306842047138371	{'D__H': 4.3591896146415445, 'H__D': 4.3591896146415445, 'D_E__H_I': 4.254494479635197, 'H_I__D_E': 4.254494479635197}
2.0294688542190067	326	(1, -1, 1, -1, -1, -1, 1, 1, -1)	4.254494479635197	{'D__H': 4.3591896146415445, 'H__D': 4.3591896146415445, 'D_E__H_I': 4.254494479635197, 'F_G__last': 4.254494479631799, 'H_I__D_E': 4.254494479635197, 'last__F_G': 4.254494479631799}
2.0294688542190067	327	(1, -1, 1, -1, -1, -1, 1, 1, 1)	4.306842047138371	{'D__H': 4.3591896146415445, 'G__K': 4.359189614666784, 'H__D': 4.3591896146415445, 'K__G': 4.359189614666784, 'D_E__H_I': 4.254494479635197, 'F_G__last': 4.254494479631799, 'H_I__D_E': 4.254494479635197, 'last__F_G': 4.254494479631799}
2.0294688542190067	328	(1, -1, 1, -1, -1, 1, -1, -1, -1)	4.3068420471260325	{'G__K': 4.359189614626276, 'K__G': 4.359189614626276, 'F_G__last': 4.254494479625788, 'last__F_G': 4.254494479625788}
2.0294688542190067	329	(1, -1, 1, -1, -1, 1, -1, -1, 1)	4.254494479625788	{'F_G__last': 4.254494479625788, 'last__F_G': 4.254494479625788}
2.0294688542190067	334	(1, -1, 1, -1, -1, 1, 1, 1, -1)	4.306842047130074	{'F__J': 4.359189614637003, 'J__F': 4.359189614637003, 'F_G__last': 4.254494479623143, 'last__F_G': 4.254494479623143}
2.0294688542190067	335	(1, -1, 1, -1, -1, 1, 1, 1, 1)	4.359189614637003	{'F__J': 4.359189614637003, 'G__K': 4.359189614645062, 'J__F': 4.359189614637003, 'K__G': 4.359189614645062, 'F_G__last': 4.254494479623143, 'last__F_G': 4.254494479623143}
2.0294688542190067	336	(1, -1, 1, -1, 1, -1, -1, -1, -1)	4.359189614627794	{'F__J': 4.359189614636047, 'G__K': 4.359189614627794, 'J__F': 4.359189614636047, 'K__G': 4.359189614627794, 'F_G__last': 4.254494479624421, 'last__F_G': 4.254494479624421}
2.0294688542190067	337	(1, -1, 1, -1, 1, -1, -1, -1, 1)	4.3068420471302336	{'F__J': 4.359189614636047, 'J__F': 4.359189614636047, 'F_G__last': 4.254494479624421, 'last__F_G': 4.254494479624421}
2.0326104468725963	325	(1, -1, 1, -1, -1, -1, 1, -1, 1)	1.5853501082182093	{'D__H': 1.6039967949807246, 'H__D': 1.6039967949807246, 'D_E__H_I': 1.566703421455694, 'H_I__D_E': 1.566703421455694}
2.0326104468725963	326	(1, -1, 1, -1, -1, -1, 1, 1, -1)	1.566703421455694	{'D__H': 1.6039967949807246, 'H__D': 1.6039967949807246, 'D_E__H_I': 1.566703421455694, 'F_G__last': 1.5667034213881612, 'H_I__D_E': 1.566703421455694, 'last__F_G': 1.5667034213881612}
2.0326104468725963	327	(1, -1, 1, -1, -1, -1, 1, 1, 1)	1.5853501082003179	{'D__H': 1.6039967949807246, 'G__K': 1.6039967949449416, 'H__D': 1.6039967949807246, 'K__G': 1.6039967949449416, 'D_E__H_I': 1.566703421455694, 'F_G__last': 1.5667034213881612, 'H_I__D_E': 1.566703421455694, 'last__F_G': 1.5667034213881612}
2.0326104468725963	328	(1, -1, 1, -1, -1, 1, -1, -1, -1)	1.5853501081960508	{'G__K': 1.6039967949696585, 'K__G': 1.6039967949696585, 'F_G__last': 1.566703421422443, 'last__F_G': 1.566703421422443}
2.0326104468725963	329	(1, -1, 1, -1, -1, 1, -1, -1, 1)	1.566703421422443	{'F_G__last': 1.566703421422443, 'last__F_G': 1.566703421422443}
2.0326104468725963	334	(1, -1, 1, -1, -1, 1, 1, 1, -1)	1.5853501081694819	{'F__J': 1.6039967949432996, 'J__F': 1.6039967949432996, 'F_G__last': 1.5667034213956643, 'last__F_G': 1.5667034213956643}
2.0326104468725963	335	(1, -1, 1, -1, -1, 1, 1, 1, 1)	1.6039967949432996	{'F__J': 1.6039967949432996, 'G__K': 1.6039967949473002, 'J__F': 1.6039967949432996, 'K__G': 1.6039967949473002, 'F_G__last': 1.5667034213956643, 'last__F_G': 1.5667034213956643}
2.0326104468725963	336	(1, -1, 1, -1, 1, -1, -1, -1, -1)	1.6039967949657756	{'F__J': 1.6039967949809828, 'G__K': 1.6039967949657756, 'J__F': 1.6039967949809828, 'K__G': 1.6039967949657756, 'F_G__last': 1.5667034214279356, 'last__F_G': 1.5667034214279356}
2.0326104468725963	337	(1, -1, 1, -1, 1, -1, -1, -1, 1)	1.5853501082044592	{'F__J': 1.6039967949809828, 'J__F': 1.6039967949809828, 'F_G__last': 1.5667034214279356, 'last__F_G': 1.5667034214279356}
2.035752039526186	325	(1, -1, 1, -1, -1, -1, 1, -1, 1)	1.1297324632061643	{'D__H': 1.1425766477639856, 'H__D': 1.1425766477639856, 'D_E__H_I': 1.1168882786483432, 'H_I__D_E': 1.1168882786483432}
2.035752039526186	326	(1, -1, 1, -1, -1, -1, 1, 1, -1)	1.1168882786483432	{'D__H': 1.1425766477639856, 'H__D': 1.1425766477639856, 'D_E__H_I': 1.1168882786483432, 'F_G__last': 1.1168882785744536, 'H_I__D_E': 1.1168882786483432, 'last__F_G': 1.1168882785744536}
2.035752039526186	327	(1, -1, 1, -1, -1, -1, 1, 1, 1)	1.1297324631679713	{'D__H': 1.1425766477639856, 'G__K': 1.1425766476875994, 'H__D': 1.1425766477639856, 'K__G': 1.1425766476875994, 'D_E__H_I': 1.1168882786483432, 'F_G__last': 1.1168882785744536, 'H_I__D_E': 1.1168882786483432, 'last__F_G': 1.1168882785744536}
2.035752039526186	328	(1, -1, 1, -1, -1, 1, -1, -1, -1)	1.1297324631555516	{'G__K': 1.1425766476925143, 'K__G': 1.1425766476925143, 'F_G__last': 1.116888278618589, 'last__F_G': 1.116888278618589}
2.035752039526186	329	(1, -1, 1, -1, -1, 1, -1, -1, 1)	1.116888278618589	{'F_G__last': 1.116888278618589, 'last__F_G': 1.116888278618589}
2.035752039526186	334	(1, -1, 1, -1, -1, 1, 1, 1, -1)	1.1297324631287662	{'F__J': 1.1425766476813608, 'J__F': 1.1425766476813608, 'F_G__last': 1.1168882785761713, 'last__F_G': 1.1168882785761713}
2.035752039526186	335	(1, -1, 1, -1, -1, 1, 1, 1, 1)	1.1425766476813608	{'F__J': 1.1425766476813608, 'G__K': 1.1425766476913162, 'J__F': 1.1425766476813608, 'K__G': 1.1425766476913162, 'F_G__last': 1.1168882785761713, 'last__F_G': 1.1168882785761713}
2.035752039526186	336	(1, -1, 1, -1, 1, -1, -1, -1, -1)	1.1425766477051023	{'F__J': 1.1425766477051023, 'G__K': 1.1425766477092567, 'J__F': 1.1425766477051023, 'K__G': 1.1425766477092567, 'F_G__last': 1.1168882786219723, 'last__F_G': 1.1168882786219723}
2.035752039526186	337	(1, -1, 1, -1, 1, -1, -1, -1, 1)	1.1297324631635373	{'F__J': 1.1425766477051023, 'J__F': 1.1425766477051023, 'F_G__last': 1.1168882786219723, 'last__F_G': 1.1168882786219723}
2.038893632179776	325	(1, -1, 1, -1, -1, -1, 1, -1, 1)	3.8383864870382647	{'D__H': 3.880518839320693, 'H__D': 3.880518839320693, 'D_E__H_I': 3.796254134755836, 'H_I__D_E': 3.796254134755836}
2.038893632179776	326	(1, -1, 1, -1, -1, -1, 1, 1, -1)	3.796254134776405	{'D__H': 3.880518839320693, 'H__D': 3.880518839320693, 'D_E__H_I': 3.796254134755836, 'F_G__last': 3.796254134776405, 'H_I__D_E': 3.796254134755836, 'last__F_G': 3.796254134776405}
2.038893632179776	327	(1, -1, 1, -1, -1, -1, 1, 1, 1)	3.838386487048549	{'D__H': 3.880518839320693, 'G__K': 3.8805188393364536, 'H__D': 3.880518839320693, 'K__G': 3.8805188393364536, 'D_E__H_I': 3.796254134755836, 'F_G__last': 3.796254134776405, 'H_I__D_E': 3.796254134755836, 'last__F_G': 3.796254134776405}
2.038893632179776	328	(1, -1, 1, -1, -1, 1, -1, -1, -1)	3.8383864870684246	{'G__K': 3.880518839357108, 'K__G': 3.880518839357108, 'F_G__last': 3.7962541347797414, 'last__F_G': 3.7962541347797414}
2.038893632179776	329	(1, -1, 1, -1, -1, 1, -1, -1, 1)	3.7962541347797414	{'F_G__last': 3.7962541347797414, 'last__F_G': 3.7962541347797414}
2.038893632179776	334	(1, -1, 1, -1, -1, 1, 1, 1, -1)	3.838386487061208	{'F__J': 3.880518839346777, 'J__F': 3.880518839346777, 'F_G__last': 3.7962541347756393, 'last__F_G': 3.7962541347756393}
2.038893632179776	335	(1, -1, 1, -1, -1, 1, 1, 1, 1)	3.8805188393261325	{'F__J': 3.880518839346777, 'G__K': 3.8805188393261325, 'J__F': 3.880518839346777, 'K__G': 3.8805188393261325, 'F_G__last': 3.7962541347756393, 'last__F_G': 3.7962541347756393}
2.038893632179776	336	(1, -1, 1, -1, 1, -1, -1, -1, -1)	3.880518839325046	{'F__J': 3.8805188393397225, 'G__K': 3.880518839325046, 'J__F': 3.8805188393397225, 'K__G': 3.880518839325046, 'F_G__last': 3.796254134771441, 'last__F_G': 3.796254134771441}
2.038893632179776	337	(1, -1, 1, -1, 1, -1, -1, -1, 1)	3.8383864870555815	{'F__J': 3.8805188393397225, 'J__F': 3.8805188393397225, 'F_G__last': 3.796254134771441, 'last__F_G': 3.796254134771441}
2.0420352248333655	325	(1, -1, 1, -1, -1, -1, 1, -1, 1)	6.540592910317296	{'D__H': 6.609818118111426, 'H__D': 6.609818118111426, 'D_E__H_I': 6.471367702523167, 'H_I__D_E': 6.471367702523167}
2.0420352248333655	326	(1, -1, 1, -1, -1, -1, 1, 1, -1)	6.471367702532099	{'D__H': 6.609818118111426, 'H__D': 6.609818118111426, 'D_E__H_I': 6.471367702523167, 'F_G__last': 6.471367702532099, 'H_I__D_E': 6.471367702523167, 'last__F_G': 6.471367702532099}
2.0420352248333655	327	(1, -1, 1, -1, -1, -1, 1, 1, 1)	6.540592910314238	{'D__H': 6.609818118111426, 'G__K': 6.609818118096379, 'H__D': 6.609818118111426, 'K__G': 6.609818118096379, 'D_E__H_I': 6.471367702523167, 'F_G__last': 6.471367702532099, 'H_I__D_E': 6.471367702523167, 'last__F_G': 6.471367702532099}
2.0420352248333655	328	(1, -1, 1, -1, -1, 1, -1, -1, -1)	6.54059291033229	{'G__K': 6.609818118111597, 'K__G': 6.609818118111597, 'F_G__last': 6.471367702552984, 'last__F_G': 6.471367702552984}
2.0420352248333655	329	(1, -1, 1, -1, -1, 1, -1, -1, 1)	6.471367702552984	{'F_G__last': 6.471367702552984, 'last__F_G': 6.471367702552984}
2.0420352248333655	334	(1, -1, 1, -1, -1, 1, 1, 1, -1)	6.540592910314857	{'F__J': 6.609818118100551, 'J__F': 6.609818118100551, 'F_G__last': 6.471367702529163, 'last__F_G': 6.471367702529163}
2.0420352248333655	335	(1, -1, 1, -1, -1, 1, 1, 1, 1)	6.609818118100547	{'F__J': 6.609818118100551, 'G__K': 6.609818118100547, 'J__F': 6.609818118100551, 'K__G': 6.609818118100547, 'F_G__last': 6.471367702529163, 'last__F_G': 6.471367702529163}
2.0420352248333655	336	(1, -1, 1, -1, 1, -1, -1, -1, -1)	6.609818118112332	{'F__J': 6.609818118116877, 'G__K': 6.609818118112332, 'J__F': 6.609818118116877, 'K__G': 6.609818118112332, 'F_G__last': 6.471367702566105, 'last__F_G': 6.471367702566105}
2.0420352248333655	337	(1, -1, 1, -1, 1, -1, -1, -1, 1)	6.540592910341491	{'F__J': 6.609818118116877, 'J__F': 6.609818118116877, 'F_G__last': 6.471367702566105, 'last__F_G': 6.471367702566105}
2.0451768174869556	325	(1, -1, 1, -1, -1, -1, 1, -1, 1)	9.236332807441176	{'D__H': 9.330463035113915, 'H__D': 9.330463035113915, 'D_E__H_I': 9.142202579768435, 'H_I__D_E': 9.142202579768435}
2.0451768174869556	326	(1, -1, 1, -1, -1, -1, 1, 1, -1)	9.142202579780664	{'D__H': 9.330463035113915, 'H__D': 9.330463035113915, 'D_E__H_I': 9.142202579768435, 'F_G__last': 9.142202579780664, 'H_I__D_E': 9.142202579768435, 'last__F_G': 9.142202579780664}
2.0451768174869556	327	(1, -1, 1, -1, -1, -1, 1, 1, 1)	9.23633280744729	{'D__H': 9.330463035113915, 'G__K': 9.330463035127597, 'H__D': 9.330463035113915, 'K__G': 9.330463035127597, 'D_E__H_I': 9.142202579768435, 'F_G__last': 9.142202579780664, 'H_I__D_E': 9.142202579768435, 'last__F_G': 9.142202579780664}
2.0451768174869556	328	(1, -1, 1, -1, -1, 1, -1, -1, -1)	9.2363328074511	{'G__K': 9.330463035121014, 'K__G': 9.330463035121014, 'F_G__last': 9.142202579781188, 'last__F_G': 9.142202579781188}
2.0451768174869556	329	(1, -1, 1, -1, -1, 1, -1, -1, 1)	9.142202579781188	{'F_G__last': 9.142202579781188, 'last__F_G': 9.142202579781188}
2.0451768174869556	334	(1, -1, 1, -1, -1, 1, 1, 1, -1)	9.236332807452222	{'F__J': 9.330463035124737, 'J__F': 9.330463035124737, 'F_G__last': 9.142202579779706, 'last__F_G': 9.142202579779706}
2.0451768174869556	335	(1, -1, 1, -1, -1, 1, 1, 1, 1)	9.330463035123604	{'F__J': 9.330463035124737, 'G__K': 9.330463035123604, 'J__F': 9.330463035124737, 'K__G': 9.330463035123604, 'F_G__last': 9.142202579779706, 'last__F_G': 9.142202579779706}
2.0451768174869556	336	(1, -1, 1, -1, 1, -1, -1, -1, -1)	9.330463035119001	{'F__J': 9.33046303512571, 'G__K': 9.330463035119001, 'J__F': 9.33046303512571, 'K__G': 9.330463035119001, 'F_G__last': 9.142202579785566, 'last__F_G': 9.142202579785566}
2.0451768174869556	337	(1, -1, 1, -1, 1, -1, -1, -1, 1)	9.23633280745564	{'F__J': 9.33046303512571, 'J__F': 9.33046303512571, 'F_G__last': 9.142202579785566, 'last__F_G': 9.142202579785566}
2.0797343366764434	326	(1, -1, 1, -1, -1, -1, 1, 1, -1)	6.867101122738248	{'F__K': 6.867101122738248, 'K__F': 6.867101122738248}
2.0797343366764434	329	(1, -1, 1, -1, -1, 1, -1, -1, 1)	6.867101122713227	{'F__K': 6.867101122713227, 'K__F': 6.867101122713227}
2.082875929330033	326	(1, -1, 1, -1, -1, -1, 1, 1, -1)	2.860627681215867	{'F__K': 2.860627681215867, 'K__F': 2.860627681215867}
2.082875929330033	329	(1, -1, 1, -1, -1, 1, -1, -1, 1)	2.8606276811280087	{'F__K': 2.8606276811280087, 'K__F': 2.8606276811280087}
2.0860175219836226	326	(1, -1, 1, -1, -1, -1, 1, 1, -1)	1.139999413598925	{'F__K': 1.139999413598925, 'K__F': 1.139999413598925}
2.0860175219836226	329	(1, -1, 1, -1, -1, 1, -1, -1, 1)	1.1399994136785183	{'F__K': 1.1399994136785183, 'K__F': 1.1399994136785183}
2.0891591146372126	326	(1, -1, 1, -1, -1, -1, 1, 1, -1)	5.134734183752807	{'F__K': 5.134734183752807, 'K__F': 5.134734183752807}
2.0891591146372126	329	(1, -1, 1, -1, -1, 1, -1, -1, 1)	5.134734183746999	{'F__K': 5.134734183746999, 'K__F': 5.134734183746999}
2.092300707290802	326	(1, -1, 1, -1, -1, -1, 1, 1, -1)	9.123530684918517	{'F__K': 9.123530684918517, 'K__F': 9.123530684918517}
2.092300707290802	329	(1, -1, 1, -1, -1, 1, -1, -1, 1)	9.123530684857185	{'F__K': 9.123530684857185, 'K__F': 9.123530684857185}
2.321636971002857	332	(1, -1, 1, -1, -1, 1, 1, -1, -1)	2.9682373488401605	{'C__K': 2.307068425738469, 'K__C': 2.307068425738469, 'B_C__last': 3.6294062719418525, 'last__B_C': 3.6294062719418525}
2.321636971002857	333	(1, -1, 1, -1, -1, 1, 1, -1, 1)	3.6294062719418525	{'B_C__last': 3.6294062719418525, 'last__B_C': 3.6294062719418525}
2.324778563656447	332	(1, -1, 1, -1, -1, 1, 1, -1, -1)	6.884946450349012	{'C__K': 5.347705842047395, 'K__C': 5.347705842047395, 'B_C__last': 8.422187058650628, 'last__B_C': 8.422187058650628}
2.324778563656447	333	(1, -1, 1, -1, -1, 1, 1, -1, 1)	8.422187058650628	{'B_C__last': 8.422187058650628, 'last__B_C': 8.422187058650628}
