2.4406918257215797	252	(-1, 1, 1, 1, 1, 1, 1, -1, -1)	7.68994378613033
2.4406918257215797	253	(-1, 1, 1, 1, 1, 1, 1, -1, 1)	7.68994378613033
2.4406918257215797	258	(1, -1, -1, -1, -1, -1, -1, 1, -1)	7.68994378613033
2.4406918257215797	259	(1, -1, -1, -1, -1, -1, -1, 1, 1)	7.68994378613033
2.4437334183751696	252	(-1, 1, 1, 1, 1, 1, 1, -1, -1)	0.8441063688920916
2.4437334183751696	253	(-1, 1, 1, 1, 1, 1, 1, -1, 1)	0.8441063688920916
2.4437334183751696	258	(1, -1, -1, -1, -1, -1, -1, 1, -1)	0.8441063688920916
2.4437334183751696	259	(1, -1, -1, -1, -1, -1, -1, 1, 1)	0.8441063688920916
2.446775011028759	252	(-1, 1, 1, 1, 1, 1, 1, -1, -1)	5.960310253294887
2.446775011028759	253	(-1, 1, 1, 1, 1, 1, 1, -1, 1)	5.960310253294887
2.446775011028759	258	(1, -1, -1, -1, -1, -1, -1, 1, -1)	5.960310253294887
2.446775011028759	259	(1, -1, -1, -1, -1, -1, -1, 1, 1)	5.960310253294887
