0.0	312	(1, -1, -1, 1, 1, 1, -1, -1, -1)	4.391250374145027e-12	{'A__K': 2.9558577807620168e-12, 'K__A': 2.9558577807620168e-12, 'first__last': 5.826642967528037e-12, 'last__first': 5.826642967528037e-12}
0.0	313	(1, -1, -1, 1, 1, 1, -1, -1, 1)	4.391250374145027e-12	{'A__K': 2.9558577807620168e-12, 'K__A': 2.9558577807620168e-12, 'first__last': 5.826642967528037e-12, 'last__first': 5.826642967528037e-12}
0.0	314	(1, -1, -1, 1, 1, 1, -1, 1, -1)	4.391250374145027e-12	{'A__K': 2.9558577807620168e-12, 'K__A': 2.9558577807620168e-12, 'first__last': 5.826642967528037e-12, 'last__first': 5.826642967528037e-12}
0.0	315	(1, -1, -1, 1, 1, 1, -1, 1, 1)	4.391250374145027e-12	{'A__K': 2.9558577807620168e-12, 'K__A': 2.9558577807620168e-12, 'first__last': 5.826642967528037e-12, 'last__first': 5.826642967528037e-12}
0.0	316	(1, -1, -1, 1, 1, 1, 1, -1, -1)	4.391250374145027e-12	{'A__K': 2.9558577807620168e-12, 'K__A': 2.9558577807620168e-12, 'first__last': 5.826642967528037e-12, 'last__first': 5.826642967528037e-12}
0.0	317	(1, -1, -1, 1, 1, 1, 1, -1, 1)	4.391250374145027e-12	{'A__K': 2.9558577807620168e-12, 'K__A': 2.9558577807620168e-12, 'first__last': 5.826642967528037e-12, 'last__first': 5.826642967528037e-12}
0.0	318	(1, -1, -1, 1, 1, 1, 1, 1, -1)	4.391250374145027e-12	{'A__K': 2.9558577807620168e-12, 'K__A': 2.9558577807620168e-12, 'first__last': 5.826642967528037e-12, 'last__first': 5.826642967528037e-12}
0.0	319	(1, -1, -1, 1, 1, 1, 1, 1, 1)	4.391250374145027e-12	{'A__K': 2.9558577807620168e-12, 'K__A': 2.9558577807620168e-12, 'first__last': 5.826642967528037e-12, 'last__first': 5.826642967528037e-12}
0.0	320	(1, -1, 1, -1, -1, -1, -1, -1, -1)	4.391250374145027e-12	{'A__K': 2.9558577807620168e-12, 'K__A': 2.9558577807620168e-12, 'first__last': 5.826642967528037e-12, 'last__first': 5.826642967528037e-12}
0.0	321	(1, -1, 1, -1, -1, -1, -1, -1, 1)	4.391250374145027e-12	{'A__K': 2.9558577807620168e-12, 'K__A': 2.9558577807620168e-12, 'first__last': 5.826642967528037e-12, 'last__first': 5.826642967528037e-12}
0.0	322	(1, -1, 1, -1, -1, -1, -1, 1, -1)	4.391250374145027e-12	{'A__K': 2.9558577807620168e-12, 'K__A': 2.9558577807620168e-12, 'first__last': 5.826642967528037e-12, 'last__first': 5.826642967528037e-12}
0.0	323	(1, -1, 1, -1, -1, -1, -1, 1, 1)	4.391250374145027e-12	{'A__K': 2.9558577807620168e-12, 'K__A': 2.9558577807620168e-12, 'first__last': 5.826642967528037e-12, 'last__first': 5.826642967528037e-12}
0.0	324	(1, -1, 1, -1, -1, -1, 1, -1, -1)	4.391250374145027e-12	{'A__K': 2.9558577807620168e-12, 'K__A': 2.9558577807620168e-12, 'first__last': 5.826642967528037e-12, 'last__first': 5.826642967528037e-12}
0.0031415926535897933	312	(1, -1, -1, 1, 1, 1, -1, -1, -1)	2.7185236386738976	{'A__K': 2.2826502379223865, 'K__A': 2.2826502379223865, 'first__last': 3.1543970394254086, 'last__first': 3.1543970394254086}
0.0031415926535897933	313	(1, -1, -1, 1, 1, 1, -1, -1, 1)	3.859698361572434	{'A__K': 4.56499968371946, 'K__A': 4.56499968371946, 'first__last': 3.1543970394254086, 'last__first': 3.1543970394254086}
0.0031415926535897933	314	(1, -1, -1, 1, 1, 1, -1, 1, -1)	8.963479489959916	{'A__K': 9.668790514113768, 'K__A': 9.668790514113768, 'first__last': 8.258168465806062, 'last__first': 8.258168465806062}
0.0031415926535897933	315	(1, -1, -1, 1, 1, 1, -1, 1, 1)	8.258168465806062	{'first__last': 8.258168465806062, 'last__first': 8.258168465806062}
0.0031415926535897933	316	(1, -1, -1, 1, 1, 1, 1, -1, -1)	2.718829328755203	{'A__K': 2.2831519584181863, 'K__A': 2.2831519584181863, 'first__last': 3.15450669909222, 'last__first': 3.15450669909222}
0.0031415926535897933	317	(1, -1, -1, 1, 1, 1, 1, -1, 1)	3.8598139861429743	{'A__K': 4.5651212731937285, 'K__A': 4.5651212731937285, 'first__last': 3.15450669909222, 'last__first': 3.15450669909222}
0.0031415926535897933	318	(1, -1, -1, 1, 1, 1, 1, 1, -1)	8.963435824775896	{'A__K': 9.668734315823043, 'K__A': 9.668734315823043, 'first__last': 8.25813733372875, 'last__first': 8.25813733372875}
0.0031415926535897933	319	(1, -1, -1, 1, 1, 1, 1, 1, 1)	8.25813733372875	{'first__last': 8.25813733372875, 'last__first': 8.25813733372875}
0.0031415926535897933	322	(1, -1, 1, -1, -1, -1, -1, 1, -1)	7.117006194789749	{'A__K': 5.975752800823815, 'K__A': 5.975752800823815, 'first__last': 8.258259588755683, 'last__first': 8.258259588755683}
0.0031415926535897933	323	(1, -1, 1, -1, -1, -1, -1, 1, 1)	5.975958066403084	{'A__K': 3.693656544050486, 'K__A': 3.693656544050486, 'first__last': 8.258259588755683, 'last__first': 8.258259588755683}
0.006283185307179587	312	(1, -1, -1, 1, 1, 1, -1, -1, -1)	5.437671993522926	{'A__K': 4.566197763269514, 'K__A': 4.566197763269514, 'first__last': 6.309146223776339, 'last__first': 6.309146223776339}
0.006283185307179587	313	(1, -1, -1, 1, 1, 1, -1, -1, 1)	7.719567836414875	{'A__K': 9.129989449053411, 'K__A': 9.129989449053411, 'first__last': 6.309146223776339, 'last__first': 6.309146223776339}
0.006283185307179587	316	(1, -1, -1, 1, 1, 1, 1, -1, -1)	5.440116315900868	{'A__K': 4.570209235741787, 'K__A': 4.570209235741787, 'first__last': 6.310023396059948, 'last__first': 6.310023396059948}
0.006283185307179587	317	(1, -1, -1, 1, 1, 1, 1, -1, 1)	7.720492744347419	{'A__K': 9.13096209263489, 'K__A': 9.13096209263489, 'first__last': 6.310023396059948, 'last__first': 6.310023396059948}
0.006283185307179587	323	(1, -1, 1, -1, -1, -1, -1, 1, 1)	7.390269377006261	{'A__K': 7.390269377006261, 'K__A': 7.390269377006261}
0.00942477796076938	312	(1, -1, -1, 1, 1, 1, -1, -1, -1)	8.158069396999451	{'A__K': 6.851539218363999, 'K__A': 6.851539218363999, 'first__last': 9.464599575634903, 'last__first': 9.464599575634903}
0.00942477796076938	313	(1, -1, -1, 1, 1, 1, -1, -1, 1)	9.464599575634903	{'first__last': 9.464599575634903, 'last__first': 9.464599575634903}
0.00942477796076938	316	(1, -1, -1, 1, 1, 1, 1, -1, -1)	8.16631226019203	{'A__K': 6.865065078931451, 'K__A': 6.865065078931451, 'first__last': 9.46755944145261, 'last__first': 9.46755944145261}
0.00942477796076938	317	(1, -1, -1, 1, 1, 1, 1, -1, 1)	9.46755944145261	{'first__last': 9.46755944145261, 'last__first': 9.46755944145261}
0.012566370614359173	312	(1, -1, -1, 1, 1, 1, -1, -1, -1)	9.139569957083935	{'A__K': 9.139569957083935, 'K__A': 9.139569957083935}
0.012566370614359173	316	(1, -1, -1, 1, 1, 1, 1, -1, -1)	9.171588734888036	{'A__K': 9.171588734888036, 'K__A': 9.171588734888036}
0.8356636458548851	319	(1, -1, -1, 1, 1, 1, 1, 1, 1)	9.173600719284156	{'D__K': 9.173600719284156, 'K__D': 9.173600719284156}
0.8356636458548851	320	(1, -1, 1, -1, -1, -1, -1, -1, -1)	9.17360071932076	{'D__K': 9.17360071932076, 'K__D': 9.17360071932076}
0.8388052385084748	319	(1, -1, -1, 1, 1, 1, 1, 1, 1)	0.8313063441150546	{'D__K': 0.8313063441150546, 'K__D': 0.8313063441150546}
0.8388052385084748	320	(1, -1, 1, -1, -1, -1, -1, -1, -1)	0.8313063440897133	{'D__K': 0.8313063440897133, 'K__D': 0.8313063440897133}
0.8419468311620646	319	(1, -1, -1, 1, 1, 1, 1, 1, 1)	7.4945047015317785	{'D__K': 7.4945047015317785, 'K__D': 7.4945047015317785}
0.8419468311620646	320	(1, -1, 1, -1, -1, -1, -1, -1, -1)	7.49450470151741	{'D__K': 7.49450470151741, 'K__D': 7.49450470151741}
1.1026990214100174	318	(1, -1, -1, 1, 1, 1, 1, 1, -1)	8.57673124787134	{'D__J': 9.544080894929566, 'J__D': 9.544080894929566, 'D_E__last': 7.609381600813112, 'last__D_E': 7.609381600813112}
1.1026990214100174	319	(1, -1, -1, 1, 1, 1, 1, 1, 1)	9.544080894929566	{'D__J': 9.544080894929566, 'E__K': 9.544080894932966, 'J__D': 9.544080894929566, 'K__E': 9.544080894932966, 'D_E__last': 7.609381600813112, 'last__D_E': 7.609381600813112}
1.1026990214100174	320	(1, -1, 1, -1, -1, -1, -1, -1, -1)	9.5440808948939	{'D__J': 9.544080894921372, 'E__K': 9.5440808948939, 'J__D': 9.544080894921372, 'K__E': 9.5440808948939, 'D_E__last': 7.609381600795679, 'last__D_E': 7.609381600795679}
1.1026990214100174	321	(1, -1, 1, -1, -1, -1, -1, -1, 1)	8.576731247858525	{'D__J': 9.544080894921372, 'J__D': 9.544080894921372, 'D_E__last': 7.609381600795679, 'last__D_E': 7.609381600795679}
1.1058406140636072	318	(1, -1, -1, 1, 1, 1, 1, 1, -1)	2.518661643970165	{'D__J': 2.8020862031014584, 'J__D': 2.8020862031014584, 'D_E__last': 2.235237084838871, 'last__D_E': 2.235237084838871}
1.1058406140636072	319	(1, -1, -1, 1, 1, 1, 1, 1, 1)	2.8020862030836327	{'D__J': 2.8020862031014584, 'E__K': 2.8020862030836327, 'J__D': 2.8020862031014584, 'K__E': 2.8020862030836327, 'D_E__last': 2.235237084838871, 'last__D_E': 2.235237084838871}
1.1058406140636072	320	(1, -1, 1, -1, -1, -1, -1, -1, -1)	2.802086203134353	{'D__J': 2.802086203138731, 'E__K': 2.802086203134353, 'J__D': 2.802086203138731, 'K__E': 2.802086203134353, 'D_E__last': 2.2352370848787406, 'last__D_E': 2.2352370848787406}
1.1058406140636072	321	(1, -1, 1, -1, -1, -1, -1, -1, 1)	2.518661644008736	{'D__J': 2.802086203138731, 'J__D': 2.802086203138731, 'D_E__last': 2.2352370848787406, 'last__D_E': 2.2352370848787406}
1.108982206717197	318	(1, -1, -1, 1, 1, 1, 1, 1, -1)	3.526452303579951	{'D__J': 3.9223716127197905, 'J__D': 3.9223716127197905, 'D_E__last': 3.1305329944401112, 'last__D_E': 3.1305329944401112}
1.108982206717197	319	(1, -1, -1, 1, 1, 1, 1, 1, 1)	3.9223716127197905	{'D__J': 3.9223716127197905, 'E__K': 3.9223716127249024, 'J__D': 3.9223716127197905, 'K__E': 3.9223716127249024, 'D_E__last': 3.1305329944401112, 'last__D_E': 3.1305329944401112}
1.108982206717197	320	(1, -1, 1, -1, -1, -1, -1, -1, -1)	3.9223716127341843	{'D__J': 3.9223716127341843, 'E__K': 3.9223716127514403, 'J__D': 3.9223716127341843, 'K__E': 3.9223716127514403, 'D_E__last': 3.1305329944553115, 'last__D_E': 3.1305329944553115}
1.108982206717197	321	(1, -1, 1, -1, -1, -1, -1, -1, 1)	3.526452303594748	{'D__J': 3.9223716127341843, 'J__D': 3.9223716127341843, 'D_E__last': 3.1305329944553115, 'last__D_E': 3.1305329944553115}
1.1121237993707869	318	(1, -1, -1, 1, 1, 1, 1, 1, -1)	8.48779626331878	{'D_E__last': 8.48779626331878, 'last__D_E': 8.48779626331878}
1.1121237993707869	319	(1, -1, -1, 1, 1, 1, 1, 1, 1)	8.48779626331878	{'D_E__last': 8.48779626331878, 'last__D_E': 8.48779626331878}
1.1121237993707869	320	(1, -1, 1, -1, -1, -1, -1, -1, -1)	8.487796263304226	{'D_E__last': 8.487796263304226, 'last__D_E': 8.487796263304226}
1.1121237993707869	321	(1, -1, 1, -1, -1, -1, -1, -1, 1)	8.487796263304226	{'D_E__last': 8.487796263304226, 'last__D_E': 8.487796263304226}
1.460840583919254	316	(1, -1, -1, 1, 1, 1, 1, -1, -1)	6.443253308923746	{'D__I': 6.443253308923746, 'I__D': 6.443253308923746}
1.460840583919254	317	(1, -1, -1, 1, 1, 1, 1, -1, 1)	6.443253308923746	{'D__I': 6.443253308923746, 'I__D': 6.443253308923746}
1.460840583919254	318	(1, -1, -1, 1, 1, 1, 1, 1, -1)	6.443253308907851	{'D__I': 6.443253308923746, 'E__J': 6.443253308891956, 'I__D': 6.443253308923746, 'J__E': 6.443253308891956}
1.460840583919254	319	(1, -1, -1, 1, 1, 1, 1, 1, 1)	6.443253308891956	{'D__I': 6.443253308923746, 'E__J': 6.443253308891956, 'F__K': 6.443253308890331, 'I__D': 6.443253308923746, 'J__E': 6.443253308891956, 'K__F': 6.443253308890331}
1.460840583919254	320	(1, -1, 1, -1, -1, -1, -1, -1, -1)	6.443253308902235	{'D__I': 6.443253308930536, 'E__J': 6.443253308902235, 'F__K': 6.443253308889499, 'I__D': 6.443253308930536, 'J__E': 6.443253308902235, 'K__F': 6.443253308889499}
1.460840583919254	321	(1, -1, 1, -1, -1, -1, -1, -1, 1)	6.443253308916385	{'D__I': 6.443253308930536, 'E__J': 6.443253308902235, 'I__D': 6.443253308930536, 'J__E': 6.443253308902235}
1.460840583919254	322	(1, -1, 1, -1, -1, -1, -1, 1, -1)	6.443253308930536	{'D__I': 6.443253308930536, 'I__D': 6.443253308930536}
1.460840583919254	323	(1, -1, 1, -1, -1, -1, -1, 1, 1)	6.443253308930536	{'D__I': 6.443253308930536, 'I__D': 6.443253308930536}
1.4639821765728436	316	(1, -1, -1, 1, 1, 1, 1, -1, -1)	1.6051646054214663	{'D__I': 1.6051646054214663, 'I__D': 1.6051646054214663}
1.4639821765728436	317	(1, -1, -1, 1, 1, 1, 1, -1, 1)	1.6051646054214663	{'D__I': 1.6051646054214663, 'I__D': 1.6051646054214663}
1.4639821765728436	318	(1, -1, -1, 1, 1, 1, 1, 1, -1)	1.6051646054261912	{'D__I': 1.6051646054214663, 'E__J': 1.6051646054309163, 'I__D': 1.6051646054214663, 'J__E': 1.6051646054309163}
1.4639821765728436	319	(1, -1, -1, 1, 1, 1, 1, 1, 1)	1.6051646054309163	{'D__I': 1.6051646054214663, 'E__J': 1.6051646054309163, 'F__K': 1.6051646054326425, 'I__D': 1.6051646054214663, 'J__E': 1.6051646054309163, 'K__F': 1.6051646054326425}
1.4639821765728436	320	(1, -1, 1, -1, -1, -1, -1, -1, -1)	1.6051646054390183	{'D__I': 1.6051646054390183, 'E__J': 1.605164605444788, 'F__K': 1.6051646054348363, 'I__D': 1.6051646054390183, 'J__E': 1.605164605444788, 'K__F': 1.6051646054348363}
1.4639821765728436	321	(1, -1, 1, -1, -1, -1, -1, -1, 1)	1.605164605441903	{'D__I': 1.6051646054390183, 'E__J': 1.605164605444788, 'I__D': 1.6051646054390183, 'J__E': 1.605164605444788}
1.4639821765728436	322	(1, -1, 1, -1, -1, -1, -1, 1, -1)	1.6051646054390183	{'D__I': 1.6051646054390183, 'I__D': 1.6051646054390183}
1.4639821765728436	323	(1, -1, 1, -1, -1, -1, -1, 1, 1)	1.6051646054390183	{'D__I': 1.6051646054390183, 'I__D': 1.6051646054390183}
1.4671237692264334	316	(1, -1, -1, 1, 1, 1, 1, -1, -1)	3.219475533828763	{'D__I': 3.219475533828763, 'I__D': 3.219475533828763}
1.4671237692264334	317	(1, -1, -1, 1, 1, 1, 1, -1, 1)	3.219475533828763	{'D__I': 3.219475533828763, 'I__D': 3.219475533828763}
1.4671237692264334	318	(1, -1, -1, 1, 1, 1, 1, 1, -1)	3.2194755338300807	{'D__I': 3.219475533828763, 'E__J': 3.2194755338313987, 'I__D': 3.219475533828763, 'J__E': 3.2194755338313987}
1.4671237692264334	319	(1, -1, -1, 1, 1, 1, 1, 1, 1)	3.2194755338291676	{'D__I': 3.219475533828763, 'E__J': 3.2194755338313987, 'F__K': 3.2194755338291676, 'I__D': 3.219475533828763, 'J__E': 3.2194755338313987, 'K__F': 3.2194755338291676}
1.4671237692264334	320	(1, -1, 1, -1, -1, -1, -1, -1, -1)	3.2194755338514436	{'D__I': 3.219475533823123, 'E__J': 3.219475533854643, 'F__K': 3.2194755338514436, 'I__D': 3.219475533823123, 'J__E': 3.219475533854643, 'K__F': 3.2194755338514436}
1.4671237692264334	321	(1, -1, 1, -1, -1, -1, -1, -1, 1)	3.219475533838883	{'D__I': 3.219475533823123, 'E__J': 3.219475533854643, 'I__D': 3.219475533823123, 'J__E': 3.219475533854643}
1.4671237692264334	322	(1, -1, 1, -1, -1, -1, -1, 1, -1)	3.219475533823123	{'D__I': 3.219475533823123, 'I__D': 3.219475533823123}
1.4671237692264334	323	(1, -1, 1, -1, -1, -1, -1, 1, 1)	3.219475533823123	{'D__I': 3.219475533823123, 'I__D': 3.219475533823123}
1.4702653618800232	316	(1, -1, -1, 1, 1, 1, 1, -1, -1)	8.030604477253972	{'D__I': 8.030604477253972, 'I__D': 8.030604477253972}
1.4702653618800232	317	(1, -1, -1, 1, 1, 1, 1, -1, 1)	8.030604477253972	{'D__I': 8.030604477253972, 'I__D': 8.030604477253972}
1.4702653618800232	318	(1, -1, -1, 1, 1, 1, 1, 1, -1)	8.030604477264333	{'D__I': 8.030604477253972, 'E__J': 8.030604477274695, 'I__D': 8.030604477253972, 'J__E': 8.030604477274695}
1.4702653618800232	319	(1, -1, -1, 1, 1, 1, 1, 1, 1)	8.030604477274695	{'D__I': 8.030604477253972, 'E__J': 8.030604477274695, 'F__K': 8.030604477283536, 'I__D': 8.030604477253972, 'J__E': 8.030604477274695, 'K__F': 8.030604477283536}
1.4702653618800232	320	(1, -1, 1, -1, -1, -1, -1, -1, -1)	8.03060447726267	{'D__I': 8.030604477258457, 'E__J': 8.03060447726267, 'F__K': 8.030604477275707, 'I__D': 8.030604477258457, 'J__E': 8.03060447726267, 'K__F': 8.030604477275707}
1.4702653618800232	321	(1, -1, 1, -1, -1, -1, -1, -1, 1)	8.030604477260564	{'D__I': 8.030604477258457, 'E__J': 8.03060447726267, 'I__D': 8.030604477258457, 'J__E': 8.03060447726267}
1.4702653618800232	322	(1, -1, 1, -1, -1, -1, -1, 1, -1)	8.030604477258457	{'D__I': 8.030604477258457, 'I__D': 8.030604477258457}
1.4702653618800232	323	(1, -1, 1, -1, -1, -1, -1, 1, 1)	8.030604477258457	{'D__I': 8.030604477258457, 'I__D': 8.030604477258457}
