0.0	260	(1, -1, -1, -1, -1, -1, 1, -1, -1)	4.391250374145027e-12	{'A__K': 2.9558577807620168e-12, 'K__A': 2.9558577807620168e-12, 'first__last': 5.826642967528037e-12, 'last__first': 5.826642967528037e-12}
0.0	261	(1, -1, -1, -1, -1, -1, 1, -1, 1)	4.391250374145027e-12	{'A__K': 2.9558577807620168e-12, 'K__A': 2.9558577807620168e-12, 'first__last': 5.826642967528037e-12, 'last__first': 5.826642967528037e-12}
0.0	262	(1, -1, -1, -1, -1, -1, 1, 1, -1)	4.391250374145027e-12	{'A__K': 2.9558577807620168e-12, 'K__A': 2.9558577807620168e-12, 'first__last': 5.826642967528037e-12, 'last__first': 5.826642967528037e-12}
0.0	263	(1, -1, -1, -1, -1, -1, 1, 1, 1)	4.391250374145027e-12	{'A__K': 2.9558577807620168e-12, 'K__A': 2.9558577807620168e-12, 'first__last': 5.826642967528037e-12, 'last__first': 5.826642967528037e-12}
0.0	264	(1, -1, -1, -1, -1, 1, -1, -1, -1)	4.391250374145027e-12	{'A__K': 2.9558577807620168e-12, 'K__A': 2.9558577807620168e-12, 'first__last': 5.826642967528037e-12, 'last__first': 5.826642967528037e-12}
0.0	265	(1, -1, -1, -1, -1, 1, -1, -1, 1)	4.391250374145027e-12	{'A__K': 2.9558577807620168e-12, 'K__A': 2.9558577807620168e-12, 'first__last': 5.826642967528037e-12, 'last__first': 5.826642967528037e-12}
0.0	266	(1, -1, -1, -1, -1, 1, -1, 1, -1)	4.391250374145027e-12	{'A__K': 2.9558577807620168e-12, 'K__A': 2.9558577807620168e-12, 'first__last': 5.826642967528037e-12, 'last__first': 5.826642967528037e-12}
0.0	267	(1, -1, -1, -1, -1, 1, -1, 1, 1)	4.391250374145027e-12	{'A__K': 2.9558577807620168e-12, 'K__A': 2.9558577807620168e-12, 'first__last': 5.826642967528037e-12, 'last__first': 5.826642967528037e-12}
0.0	268	(1, -1, -1, -1, -1, 1, 1, -1, -1)	4.391250374145027e-12	{'A__K': 2.9558577807620168e-12, 'K__A': 2.9558577807620168e-12, 'first__last': 5.826642967528037e-12, 'last__first': 5.826642967528037e-12}
0.0	269	(1, -1, -1, -1, -1, 1, 1, -1, 1)	4.391250374145027e-12	{'A__K': 2.9558577807620168e-12, 'K__A': 2.9558577807620168e-12, 'first__last': 5.826642967528037e-12, 'last__first': 5.826642967528037e-12}
0.0	270	(1, -1, -1, -1, -1, 1, 1, 1, -1)	4.391250374145027e-12	{'A__K': 2.9558577807620168e-12, 'K__A': 2.9558577807620168e-12, 'first__last': 5.826642967528037e-12, 'last__first': 5.826642967528037e-12}
0.0	271	(1, -1, -1, -1, -1, 1, 1, 1, 1)	4.391250374145027e-12	{'A__K': 2.9558577807620168e-12, 'K__A': 2.9558577807620168e-12, 'first__last': 5.826642967528037e-12, 'last__first': 5.826642967528037e-12}
0.0	272	(1, -1, -1, -1, 1, -1, -1, -1, -1)	4.391250374145027e-12	{'A__K': 2.9558577807620168e-12, 'K__A': 2.9558577807620168e-12, 'first__last': 5.826642967528037e-12, 'last__first': 5.826642967528037e-12}
0.0031415926535897933	260	(1, -1, -1, -1, -1, -1, 1, -1, -1)	4.3984501913401	{'A__K': 3.6931378749123303, 'K__A': 3.6931378749123303, 'first__last': 5.103762507767868, 'last__first': 5.103762507767868}
0.0031415926535897933	261	(1, -1, -1, -1, -1, -1, 1, -1, 1)	3.25723176084153	{'A__K': 1.410701013915192, 'K__A': 1.410701013915192, 'first__last': 5.103762507767868, 'last__first': 5.103762507767868}
0.0031415926535897933	262	(1, -1, -1, -1, -1, -1, 1, 1, -1)	1.8537123899914407	{'A__K': 3.6932051423302172, 'K__A': 3.6932051423302172, 'first__last': 0.014219637652664133, 'last__first': 0.014219637652664133}
0.0031415926535897933	263	(1, -1, -1, -1, -1, -1, 1, 1, 1)	2.994947462089889	{'A__K': 5.975675286527114, 'K__A': 5.975675286527114, 'first__last': 0.014219637652664133, 'last__first': 0.014219637652664133}
0.0031415926535897933	264	(1, -1, -1, -1, -1, 1, -1, -1, -1)	4.565062580520369	{'A__K': 5.975671805870515, 'K__A': 5.975671805870515, 'first__last': 3.1544533551702214, 'last__first': 3.1544533551702214}
0.0031415926535897933	265	(1, -1, -1, -1, -1, 1, -1, -1, 1)	5.706309494301388	{'A__K': 8.258165633432554, 'K__A': 8.258165633432554, 'first__last': 3.1544533551702214, 'last__first': 3.1544533551702214}
0.0031415926535897933	266	(1, -1, -1, -1, -1, 1, -1, 1, -1)	8.258259588745055	{'first__last': 8.258259588745055, 'last__first': 8.258259588745055}
0.0031415926535897933	267	(1, -1, -1, -1, -1, 1, -1, 1, 1)	8.258259588745055	{'first__last': 8.258259588745055, 'last__first': 8.258259588745055}
0.0031415926535897933	268	(1, -1, -1, -1, -1, 1, 1, -1, -1)	4.565139781101814	{'A__K': 5.975772863111471, 'K__A': 5.975772863111471, 'first__last': 3.1545066990921558, 'last__first': 3.1545066990921558}
0.0031415926535897933	269	(1, -1, -1, -1, -1, 1, 1, -1, 1)	5.706350910466599	{'A__K': 8.258195121841041, 'K__A': 8.258195121841041, 'first__last': 3.1545066990921558, 'last__first': 3.1545066990921558}
0.0031415926535897933	270	(1, -1, -1, -1, -1, 1, 1, 1, -1)	8.25824996838846	{'first__last': 8.25824996838846, 'last__first': 8.25824996838846}
0.0031415926535897933	271	(1, -1, -1, -1, -1, 1, 1, 1, 1)	8.25824996838846	{'first__last': 8.25824996838846, 'last__first': 8.25824996838846}
0.006283185307179587	260	(1, -1, -1, -1, -1, -1, 1, -1, -1)	7.386121042967578	{'A__K': 7.386121042967578, 'K__A': 7.386121042967578}
0.006283185307179587	261	(1, -1, -1, -1, -1, -1, 1, -1, 1)	2.821630163898062	{'A__K': 2.821630163898062, 'K__A': 2.821630163898062}
0.006283185307179587	262	(1, -1, -1, -1, -1, -1, 1, 1, -1)	3.7217689378141543	{'A__K': 7.386659161538963, 'K__A': 7.386659161538963, 'first__last': 0.05687871408934536, 'last__first': 0.05687871408934536}
0.006283185307179587	263	(1, -1, -1, -1, -1, -1, 1, 1, 1)	0.05687871408934536	{'first__last': 0.05687871408934536, 'last__first': 0.05687871408934536}
0.006283185307179587	264	(1, -1, -1, -1, -1, 1, -1, -1, -1)	6.309596684901158	{'first__last': 6.309596684901158, 'last__first': 6.309596684901158}
0.006283185307179587	265	(1, -1, -1, -1, -1, 1, -1, -1, 1)	6.309596684901158	{'first__last': 6.309596684901158, 'last__first': 6.309596684901158}
0.006283185307179587	268	(1, -1, -1, -1, -1, 1, 1, -1, -1)	6.310023396059733	{'first__last': 6.310023396059733, 'last__first': 6.310023396059733}
0.006283185307179587	269	(1, -1, -1, -1, -1, 1, 1, -1, 1)	6.310023396059733	{'first__last': 6.310023396059733, 'last__first': 6.310023396059733}
0.00942477796076938	261	(1, -1, -1, -1, -1, -1, 1, -1, 1)	4.233015623253467	{'A__K': 4.233015623253467, 'K__A': 4.233015623253467}
0.00942477796076938	262	(1, -1, -1, -1, -1, -1, 1, 1, -1)	0.1279777194873923	{'first__last': 0.1279777194873923, 'last__first': 0.1279777194873923}
0.00942477796076938	263	(1, -1, -1, -1, -1, -1, 1, 1, 1)	0.1279777194873923	{'first__last': 0.1279777194873923, 'last__first': 0.1279777194873923}
0.00942477796076938	264	(1, -1, -1, -1, -1, 1, -1, -1, -1)	9.466119517380225	{'first__last': 9.466119517380225, 'last__first': 9.466119517380225}
0.00942477796076938	265	(1, -1, -1, -1, -1, 1, -1, -1, 1)	9.466119517380225	{'first__last': 9.466119517380225, 'last__first': 9.466119517380225}
0.00942477796076938	268	(1, -1, -1, -1, -1, 1, 1, -1, -1)	9.467559441452998	{'first__last': 9.467559441452998, 'last__first': 9.467559441452998}
0.00942477796076938	269	(1, -1, -1, -1, -1, 1, 1, -1, 1)	9.467559441452998	{'first__last': 9.467559441452998, 'last__first': 9.467559441452998}
0.012566370614359173	261	(1, -1, -1, -1, -1, -1, 1, -1, 1)	5.645085639662104	{'A__K': 5.645085639662104, 'K__A': 5.645085639662104}
0.012566370614359173	262	(1, -1, -1, -1, -1, -1, 1, 1, -1)	0.2275174698711537	{'first__last': 0.2275174698711537, 'last__first': 0.2275174698711537}
0.012566370614359173	263	(1, -1, -1, -1, -1, -1, 1, 1, 1)	0.2275174698711537	{'first__last': 0.2275174698711537, 'last__first': 0.2275174698711537}
0.015707963267948967	261	(1, -1, -1, -1, -1, -1, 1, -1, 1)	7.058068572137587	{'A__K': 7.058068572137587, 'K__A': 7.058068572137587}
0.015707963267948967	262	(1, -1, -1, -1, -1, -1, 1, 1, -1)	0.3554991057038066	{'first__last': 0.3554991057038066, 'last__first': 0.3554991057038066}
0.015707963267948967	263	(1, -1, -1, -1, -1, -1, 1, 1, 1)	0.3554991057038066	{'first__last': 0.3554991057038066, 'last__first': 0.3554991057038066}
0.01884955592153876	261	(1, -1, -1, -1, -1, -1, 1, -1, 1)	8.472192927698375	{'A__K': 8.472192927698375, 'K__A': 8.472192927698375}
0.01884955592153876	262	(1, -1, -1, -1, -1, -1, 1, 1, -1)	0.5119240900381238	{'first__last': 0.5119240900381238, 'last__first': 0.5119240900381238}
0.01884955592153876	263	(1, -1, -1, -1, -1, -1, 1, 1, 1)	0.5119240900381238	{'first__last': 0.5119240900381238, 'last__first': 0.5119240900381238}
0.021991148575128554	261	(1, -1, -1, -1, -1, -1, 1, -1, 1)	9.887687397668657	{'A__K': 9.887687397668657, 'K__A': 9.887687397668657}
0.021991148575128554	262	(1, -1, -1, -1, -1, -1, 1, 1, -1)	0.6967942059324341	{'first__last': 0.6967942059324341, 'last__first': 0.6967942059324341}
0.021991148575128554	263	(1, -1, -1, -1, -1, -1, 1, 1, 1)	0.6967942059324341	{'first__last': 0.6967942059324341, 'last__first': 0.6967942059324341}
0.025132741228718346	262	(1, -1, -1, -1, -1, -1, 1, 1, -1)	0.9101115534462407	{'first__last': 0.9101115534462407, 'last__first': 0.9101115534462407}
0.025132741228718346	263	(1, -1, -1, -1, -1, -1, 1, 1, 1)	0.9101115534462407	{'first__last': 0.9101115534462407, 'last__first': 0.9101115534462407}
0.02827433388230814	262	(1, -1, -1, -1, -1, -1, 1, 1, -1)	1.1518785460473469	{'first__last': 1.1518785460473469, 'last__first': 1.1518785460473469}
0.02827433388230814	263	(1, -1, -1, -1, -1, -1, 1, 1, 1)	1.1518785460473469	{'first__last': 1.1518785460473469, 'last__first': 1.1518785460473469}
0.031415926535897934	262	(1, -1, -1, -1, -1, -1, 1, 1, -1)	1.4220979064530421	{'first__last': 1.4220979064530421, 'last__first': 1.4220979064530421}
0.031415926535897934	263	(1, -1, -1, -1, -1, -1, 1, 1, 1)	1.4220979064530421	{'first__last': 1.4220979064530421, 'last__first': 1.4220979064530421}
0.034557519189487726	262	(1, -1, -1, -1, -1, -1, 1, 1, -1)	1.7207726619731698	{'first__last': 1.7207726619731698, 'last__first': 1.7207726619731698}
0.034557519189487726	263	(1, -1, -1, -1, -1, -1, 1, 1, 1)	1.7207726619731698	{'first__last': 1.7207726619731698, 'last__first': 1.7207726619731698}
0.03769911184307752	262	(1, -1, -1, -1, -1, -1, 1, 1, -1)	2.0479061392804074	{'first__last': 2.0479061392804074, 'last__first': 2.0479061392804074}
0.03769911184307752	263	(1, -1, -1, -1, -1, -1, 1, 1, 1)	2.0479061392804074	{'first__last': 2.0479061392804074, 'last__first': 2.0479061392804074}
0.04084070449666731	262	(1, -1, -1, -1, -1, -1, 1, 1, -1)	2.40350195860101	{'first__last': 2.40350195860101, 'last__first': 2.40350195860101}
0.04084070449666731	263	(1, -1, -1, -1, -1, -1, 1, 1, 1)	2.40350195860101	{'first__last': 2.40350195860101, 'last__first': 2.40350195860101}
0.04398229715025711	262	(1, -1, -1, -1, -1, -1, 1, 1, -1)	2.7875640274035867	{'first__last': 2.7875640274035867, 'last__first': 2.7875640274035867}
0.04398229715025711	263	(1, -1, -1, -1, -1, -1, 1, 1, 1)	2.7875640274035867	{'first__last': 2.7875640274035867, 'last__first': 2.7875640274035867}
0.0471238898038469	262	(1, -1, -1, -1, -1, -1, 1, 1, -1)	3.2000965336249276	{'first__last': 3.2000965336249276, 'last__first': 3.2000965336249276}
0.0471238898038469	263	(1, -1, -1, -1, -1, -1, 1, 1, 1)	3.2000965336249276	{'first__last': 3.2000965336249276, 'last__first': 3.2000965336249276}
0.05026548245743669	262	(1, -1, -1, -1, -1, -1, 1, 1, -1)	3.6411039381723067	{'first__last': 3.6411039381723067, 'last__first': 3.6411039381723067}
0.05026548245743669	263	(1, -1, -1, -1, -1, -1, 1, 1, 1)	3.6411039381723067	{'first__last': 3.6411039381723067, 'last__first': 3.6411039381723067}
0.053407075111026485	262	(1, -1, -1, -1, -1, -1, 1, 1, -1)	4.110590967095979	{'first__last': 4.110590967095979, 'last__first': 4.110590967095979}
0.053407075111026485	263	(1, -1, -1, -1, -1, -1, 1, 1, 1)	4.110590967095979	{'first__last': 4.110590967095979, 'last__first': 4.110590967095979}
0.05654866776461628	262	(1, -1, -1, -1, -1, -1, 1, 1, -1)	4.608562603148095	{'first__last': 4.608562603148095, 'last__first': 4.608562603148095}
0.05654866776461628	263	(1, -1, -1, -1, -1, -1, 1, 1, 1)	4.608562603148095	{'first__last': 4.608562603148095, 'last__first': 4.608562603148095}
0.059690260418206076	262	(1, -1, -1, -1, -1, -1, 1, 1, -1)	5.13502407675475	{'first__last': 5.13502407675475, 'last__first': 5.13502407675475}
0.059690260418206076	263	(1, -1, -1, -1, -1, -1, 1, 1, 1)	5.13502407675475	{'first__last': 5.13502407675475, 'last__first': 5.13502407675475}
0.06283185307179587	262	(1, -1, -1, -1, -1, -1, 1, 1, -1)	5.689980856636784	{'first__last': 5.689980856636784, 'last__first': 5.689980856636784}
0.06283185307179587	263	(1, -1, -1, -1, -1, -1, 1, 1, 1)	5.689980856636784	{'first__last': 5.689980856636784, 'last__first': 5.689980856636784}
0.06597344572538566	262	(1, -1, -1, -1, -1, -1, 1, 1, -1)	6.273438639686626	{'first__last': 6.273438639686626, 'last__first': 6.273438639686626}
0.06597344572538566	263	(1, -1, -1, -1, -1, -1, 1, 1, 1)	6.273438639686626	{'first__last': 6.273438639686626, 'last__first': 6.273438639686626}
0.06911503837897545	262	(1, -1, -1, -1, -1, -1, 1, 1, -1)	6.8854033405948005	{'first__last': 6.8854033405948005, 'last__first': 6.8854033405948005}
0.06911503837897545	263	(1, -1, -1, -1, -1, -1, 1, 1, 1)	6.8854033405948005	{'first__last': 6.8854033405948005, 'last__first': 6.8854033405948005}
0.07225663103256524	262	(1, -1, -1, -1, -1, -1, 1, 1, -1)	7.525881080742397	{'first__last': 7.525881080742397, 'last__first': 7.525881080742397}
0.07225663103256524	263	(1, -1, -1, -1, -1, -1, 1, 1, 1)	7.525881080742397	{'first__last': 7.525881080742397, 'last__first': 7.525881080742397}
0.07539822368615504	262	(1, -1, -1, -1, -1, -1, 1, 1, -1)	8.194878176747949	{'first__last': 8.194878176747949, 'last__first': 8.194878176747949}
0.07539822368615504	263	(1, -1, -1, -1, -1, -1, 1, 1, 1)	8.194878176747949	{'first__last': 8.194878176747949, 'last__first': 8.194878176747949}
0.07853981633974483	262	(1, -1, -1, -1, -1, -1, 1, 1, -1)	8.892401128447286	{'first__last': 8.892401128447286, 'last__first': 8.892401128447286}
0.07853981633974483	263	(1, -1, -1, -1, -1, -1, 1, 1, 1)	8.892401128447286	{'first__last': 8.892401128447286, 'last__first': 8.892401128447286}
0.08168140899333462	262	(1, -1, -1, -1, -1, -1, 1, 1, -1)	9.6184566063891	{'first__last': 9.6184566063891, 'last__first': 9.6184566063891}
0.08168140899333462	263	(1, -1, -1, -1, -1, -1, 1, 1, 1)	9.6184566063891	{'first__last': 9.6184566063891, 'last__first': 9.6184566063891}
1.1026990214100174	260	(1, -1, -1, -1, -1, -1, 1, -1, -1)	8.57673124790523	{'B__H': 9.544080894955268, 'H__B': 9.544080894955268, 'B_C__H_I': 7.60938160085519, 'H_I__B_C': 7.60938160085519}
1.1026990214100174	261	(1, -1, -1, -1, -1, -1, 1, -1, 1)	8.57673124790523	{'B__H': 9.544080894955268, 'H__B': 9.544080894955268, 'B_C__H_I': 7.60938160085519, 'H_I__B_C': 7.60938160085519}
1.1026990214100174	262	(1, -1, -1, -1, -1, -1, 1, 1, -1)	8.57673124790523	{'B__H': 9.544080894955268, 'H__B': 9.544080894955268, 'B_C__H_I': 7.60938160085519, 'H_I__B_C': 7.60938160085519}
1.1026990214100174	263	(1, -1, -1, -1, -1, -1, 1, 1, 1)	8.57673124790523	{'B__H': 9.544080894955268, 'H__B': 9.544080894955268, 'B_C__H_I': 7.60938160085519, 'H_I__B_C': 7.60938160085519}
1.1058406140636072	260	(1, -1, -1, -1, -1, -1, 1, -1, -1)	2.5186616440113943	{'B__H': 2.8020862031418727, 'H__B': 2.8020862031418727, 'B_C__H_I': 2.2352370848809158, 'H_I__B_C': 2.2352370848809158}
1.1058406140636072	261	(1, -1, -1, -1, -1, -1, 1, -1, 1)	2.5186616440113943	{'B__H': 2.8020862031418727, 'H__B': 2.8020862031418727, 'B_C__H_I': 2.2352370848809158, 'H_I__B_C': 2.2352370848809158}
1.1058406140636072	262	(1, -1, -1, -1, -1, -1, 1, 1, -1)	2.5186616440113943	{'B__H': 2.8020862031418727, 'H__B': 2.8020862031418727, 'B_C__H_I': 2.2352370848809158, 'H_I__B_C': 2.2352370848809158}
1.1058406140636072	263	(1, -1, -1, -1, -1, -1, 1, 1, 1)	2.5186616440113943	{'B__H': 2.8020862031418727, 'H__B': 2.8020862031418727, 'B_C__H_I': 2.2352370848809158, 'H_I__B_C': 2.2352370848809158}
1.108982206717197	260	(1, -1, -1, -1, -1, -1, 1, -1, -1)	3.52645230359301	{'B__H': 3.922371612733368, 'H__B': 3.922371612733368, 'B_C__H_I': 3.1305329944526528, 'H_I__B_C': 3.1305329944526528}
1.108982206717197	261	(1, -1, -1, -1, -1, -1, 1, -1, 1)	3.52645230359301	{'B__H': 3.922371612733368, 'H__B': 3.922371612733368, 'B_C__H_I': 3.1305329944526528, 'H_I__B_C': 3.1305329944526528}
1.108982206717197	262	(1, -1, -1, -1, -1, -1, 1, 1, -1)	3.52645230359301	{'B__H': 3.922371612733368, 'H__B': 3.922371612733368, 'B_C__H_I': 3.1305329944526528, 'H_I__B_C': 3.1305329944526528}
1.108982206717197	263	(1, -1, -1, -1, -1, -1, 1, 1, 1)	3.52645230359301	{'B__H': 3.922371612733368, 'H__B': 3.922371612733368, 'B_C__H_I': 3.1305329944526528, 'H_I__B_C': 3.1305329944526528}
1.1121237993707869	260	(1, -1, -1, -1, -1, -1, 1, -1, -1)	8.487796263319964	{'B_C__H_I': 8.487796263319964, 'H_I__B_C': 8.487796263319964}
1.1121237993707869	261	(1, -1, -1, -1, -1, -1, 1, -1, 1)	8.487796263319964	{'B_C__H_I': 8.487796263319964, 'H_I__B_C': 8.487796263319964}
1.1121237993707869	262	(1, -1, -1, -1, -1, -1, 1, 1, -1)	8.487796263319964	{'B_C__H_I': 8.487796263319964, 'H_I__B_C': 8.487796263319964}
1.1121237993707869	263	(1, -1, -1, -1, -1, -1, 1, 1, 1)	8.487796263319964	{'B_C__H_I': 8.487796263319964, 'H_I__B_C': 8.487796263319964}
1.460840583919254	260	(1, -1, -1, -1, -1, -1, 1, -1, -1)	6.4432533089398865	{'B__G': 6.4432533089396635, 'C__H': 6.443253308940109, 'G__B': 6.4432533089396635, 'H__C': 6.443253308940109}
1.460840583919254	261	(1, -1, -1, -1, -1, -1, 1, -1, 1)	6.4432533089398865	{'B__G': 6.4432533089396635, 'C__H': 6.443253308940109, 'G__B': 6.4432533089396635, 'H__C': 6.443253308940109}
1.460840583919254	262	(1, -1, -1, -1, -1, -1, 1, 1, -1)	6.4432533089398865	{'B__G': 6.4432533089396635, 'C__H': 6.443253308940109, 'G__B': 6.4432533089396635, 'H__C': 6.443253308940109}
1.460840583919254	263	(1, -1, -1, -1, -1, -1, 1, 1, 1)	6.4432533089398865	{'B__G': 6.4432533089396635, 'C__H': 6.443253308940109, 'G__B': 6.4432533089396635, 'H__C': 6.443253308940109}
1.460840583919254	264	(1, -1, -1, -1, -1, 1, -1, -1, -1)	6.4432533089396635	{'B__G': 6.4432533089396635, 'G__B': 6.4432533089396635}
1.460840583919254	265	(1, -1, -1, -1, -1, 1, -1, -1, 1)	6.4432533089396635	{'B__G': 6.4432533089396635, 'G__B': 6.4432533089396635}
1.460840583919254	266	(1, -1, -1, -1, -1, 1, -1, 1, -1)	6.4432533089396635	{'B__G': 6.4432533089396635, 'G__B': 6.4432533089396635}
1.460840583919254	267	(1, -1, -1, -1, -1, 1, -1, 1, 1)	6.4432533089396635	{'B__G': 6.4432533089396635, 'G__B': 6.4432533089396635}
1.460840583919254	268	(1, -1, -1, -1, -1, 1, 1, -1, -1)	6.4432533089396635	{'B__G': 6.4432533089396635, 'G__B': 6.4432533089396635}
1.460840583919254	269	(1, -1, -1, -1, -1, 1, 1, -1, 1)	6.4432533089396635	{'B__G': 6.4432533089396635, 'G__B': 6.4432533089396635}
1.460840583919254	270	(1, -1, -1, -1, -1, 1, 1, 1, -1)	6.4432533089396635	{'B__G': 6.4432533089396635, 'G__B': 6.4432533089396635}
1.460840583919254	271	(1, -1, -1, -1, -1, 1, 1, 1, 1)	6.443253308923499	{'B__G': 6.4432533089396635, 'F__K': 6.443253308907333, 'G__B': 6.4432533089396635, 'K__F': 6.443253308907333}
1.460840583919254	272	(1, -1, -1, -1, 1, -1, -1, -1, -1)	6.443253308939958	{'F__K': 6.443253308939958, 'K__F': 6.443253308939958}
1.4639821765728436	260	(1, -1, -1, -1, -1, -1, 1, -1, -1)	1.6051646054260482	{'B__G': 1.6051646054195954, 'C__H': 1.6051646054325013, 'G__B': 1.6051646054195954, 'H__C': 1.6051646054325013}
1.4639821765728436	261	(1, -1, -1, -1, -1, -1, 1, -1, 1)	1.6051646054260482	{'B__G': 1.6051646054195954, 'C__H': 1.6051646054325013, 'G__B': 1.6051646054195954, 'H__C': 1.6051646054325013}
1.4639821765728436	262	(1, -1, -1, -1, -1, -1, 1, 1, -1)	1.6051646054260482	{'B__G': 1.6051646054195954, 'C__H': 1.6051646054325013, 'G__B': 1.6051646054195954, 'H__C': 1.6051646054325013}
1.4639821765728436	263	(1, -1, -1, -1, -1, -1, 1, 1, 1)	1.6051646054260482	{'B__G': 1.6051646054195954, 'C__H': 1.6051646054325013, 'G__B': 1.6051646054195954, 'H__C': 1.6051646054325013}
1.4639821765728436	264	(1, -1, -1, -1, -1, 1, -1, -1, -1)	1.6051646054195954	{'B__G': 1.6051646054195954, 'G__B': 1.6051646054195954}
1.4639821765728436	265	(1, -1, -1, -1, -1, 1, -1, -1, 1)	1.6051646054195954	{'B__G': 1.6051646054195954, 'G__B': 1.6051646054195954}
1.4639821765728436	266	(1, -1, -1, -1, -1, 1, -1, 1, -1)	1.6051646054195954	{'B__G': 1.6051646054195954, 'G__B': 1.6051646054195954}
1.4639821765728436	267	(1, -1, -1, -1, -1, 1, -1, 1, 1)	1.6051646054195954	{'B__G': 1.6051646054195954, 'G__B': 1.6051646054195954}
1.4639821765728436	268	(1, -1, -1, -1, -1, 1, 1, -1, -1)	1.6051646054195954	{'B__G': 1.6051646054195954, 'G__B': 1.6051646054195954}
1.4639821765728436	269	(1, -1, -1, -1, -1, 1, 1, -1, 1)	1.6051646054195954	{'B__G': 1.6051646054195954, 'G__B': 1.6051646054195954}
1.4639821765728436	270	(1, -1, -1, -1, -1, 1, 1, 1, -1)	1.6051646054195954	{'B__G': 1.6051646054195954, 'G__B': 1.6051646054195954}
1.4639821765728436	271	(1, -1, -1, -1, -1, 1, 1, 1, 1)	1.6051646054389783	{'B__G': 1.6051646054195954, 'F__K': 1.6051646054583615, 'G__B': 1.6051646054195954, 'K__F': 1.6051646054583615}
1.4639821765728436	272	(1, -1, -1, -1, 1, -1, -1, -1, -1)	1.6051646054411415	{'F__K': 1.6051646054411415, 'K__F': 1.6051646054411415}
1.4671237692264334	260	(1, -1, -1, -1, -1, -1, 1, -1, -1)	3.219475533812935	{'B__G': 3.2194755338078367, 'C__H': 3.219475533818033, 'G__B': 3.2194755338078367, 'H__C': 3.219475533818033}
1.4671237692264334	261	(1, -1, -1, -1, -1, -1, 1, -1, 1)	3.219475533812935	{'B__G': 3.2194755338078367, 'C__H': 3.219475533818033, 'G__B': 3.2194755338078367, 'H__C': 3.219475533818033}
1.4671237692264334	262	(1, -1, -1, -1, -1, -1, 1, 1, -1)	3.219475533812935	{'B__G': 3.2194755338078367, 'C__H': 3.219475533818033, 'G__B': 3.2194755338078367, 'H__C': 3.219475533818033}
1.4671237692264334	263	(1, -1, -1, -1, -1, -1, 1, 1, 1)	3.219475533812935	{'B__G': 3.2194755338078367, 'C__H': 3.219475533818033, 'G__B': 3.2194755338078367, 'H__C': 3.219475533818033}
1.4671237692264334	264	(1, -1, -1, -1, -1, 1, -1, -1, -1)	3.2194755338078367	{'B__G': 3.2194755338078367, 'G__B': 3.2194755338078367}
1.4671237692264334	265	(1, -1, -1, -1, -1, 1, -1, -1, 1)	3.2194755338078367	{'B__G': 3.2194755338078367, 'G__B': 3.2194755338078367}
1.4671237692264334	266	(1, -1, -1, -1, -1, 1, -1, 1, -1)	3.2194755338078367	{'B__G': 3.2194755338078367, 'G__B': 3.2194755338078367}
1.4671237692264334	267	(1, -1, -1, -1, -1, 1, -1, 1, 1)	3.2194755338078367	{'B__G': 3.2194755338078367, 'G__B': 3.2194755338078367}
1.4671237692264334	268	(1, -1, -1, -1, -1, 1, 1, -1, -1)	3.2194755338078367	{'B__G': 3.2194755338078367, 'G__B': 3.2194755338078367}
1.4671237692264334	269	(1, -1, -1, -1, -1, 1, 1, -1, 1)	3.2194755338078367	{'B__G': 3.2194755338078367, 'G__B': 3.2194755338078367}
1.4671237692264334	270	(1, -1, -1, -1, -1, 1, 1, 1, -1)	3.2194755338078367	{'B__G': 3.2194755338078367, 'G__B': 3.2194755338078367}
1.4671237692264334	271	(1, -1, -1, -1, -1, 1, 1, 1, 1)	3.219475533819115	{'B__G': 3.2194755338078367, 'F__K': 3.219475533830394, 'G__B': 3.2194755338078367, 'K__F': 3.219475533830394}
1.4671237692264334	272	(1, -1, -1, -1, 1, -1, -1, -1, -1)	3.219475533828807	{'F__K': 3.219475533828807, 'K__F': 3.219475533828807}
1.4702653618800232	260	(1, -1, -1, -1, -1, -1, 1, -1, -1)	8.03060447723808	{'B__G': 8.030604477235157, 'C__H': 8.030604477241004, 'G__B': 8.030604477235157, 'H__C': 8.030604477241004}
1.4702653618800232	261	(1, -1, -1, -1, -1, -1, 1, -1, 1)	8.03060447723808	{'B__G': 8.030604477235157, 'C__H': 8.030604477241004, 'G__B': 8.030604477235157, 'H__C': 8.030604477241004}
1.4702653618800232	262	(1, -1, -1, -1, -1, -1, 1, 1, -1)	8.03060447723808	{'B__G': 8.030604477235157, 'C__H': 8.030604477241004, 'G__B': 8.030604477235157, 'H__C': 8.030604477241004}
1.4702653618800232	263	(1, -1, -1, -1, -1, -1, 1, 1, 1)	8.03060447723808	{'B__G': 8.030604477235157, 'C__H': 8.030604477241004, 'G__B': 8.030604477235157, 'H__C': 8.030604477241004}
1.4702653618800232	264	(1, -1, -1, -1, -1, 1, -1, -1, -1)	8.030604477235157	{'B__G': 8.030604477235157, 'G__B': 8.030604477235157}
1.4702653618800232	265	(1, -1, -1, -1, -1, 1, -1, -1, 1)	8.030604477235157	{'B__G': 8.030604477235157, 'G__B': 8.030604477235157}
1.4702653618800232	266	(1, -1, -1, -1, -1, 1, -1, 1, -1)	8.030604477235157	{'B__G': 8.030604477235157, 'G__B': 8.030604477235157}
1.4702653618800232	267	(1, -1, -1, -1, -1, 1, -1, 1, 1)	8.030604477235157	{'B__G': 8.030604477235157, 'G__B': 8.030604477235157}
1.4702653618800232	268	(1, -1, -1, -1, -1, 1, 1, -1, -1)	8.030604477235157	{'B__G': 8.030604477235157, 'G__B': 8.030604477235157}
1.4702653618800232	269	(1, -1, -1, -1, -1, 1, 1, -1, 1)	8.030604477235157	{'B__G': 8.030604477235157, 'G__B': 8.030604477235157}
1.4702653618800232	270	(1, -1, -1, -1, -1, 1, 1, 1, -1)	8.030604477235157	{'B__G': 8.030604477235157, 'G__B': 8.030604477235157}
1.4702653618800232	271	(1, -1, -1, -1, -1, 1, 1, 1, 1)	8.030604477263541	{'B__G': 8.030604477235157, 'F__K': 8.030604477291924, 'G__B': 8.030604477235157, 'K__F': 8.030604477291924}
1.4702653618800232	272	(1, -1, -1, -1, 1, -1, -1, -1, -1)	8.030604477298121	{'F__K': 8.030604477298121, 'K__F': 8.030604477298121}
