0.0	52	(-1, -1, -1, 1, 1, -1, 1, -1, -1)	4.391250374145027e-12	{'A__K': 2.9558577807620168e-12, 'K__A': 2.9558577807620168e-12, 'first__last': 5.826642967528037e-12, 'last__first': 5.826642967528037e-12}
0.0	53	(-1, -1, -1, 1, 1, -1, 1, -1, 1)	4.391250374145027e-12	{'A__K': 2.9558577807620168e-12, 'K__A': 2.9558577807620168e-12, 'first__last': 5.826642967528037e-12, 'last__first': 5.826642967528037e-12}
0.0	54	(-1, -1, -1, 1, 1, -1, 1, 1, -1)	4.391250374145027e-12	{'A__K': 2.9558577807620168e-12, 'K__A': 2.9558577807620168e-12, 'first__last': 5.826642967528037e-12, 'last__first': 5.826642967528037e-12}
0.0	55	(-1, -1, -1, 1, 1, -1, 1, 1, 1)	4.391250374145027e-12	{'A__K': 2.9558577807620168e-12, 'K__A': 2.9558577807620168e-12, 'first__last': 5.826642967528037e-12, 'last__first': 5.826642967528037e-12}
0.0	56	(-1, -1, -1, 1, 1, 1, -1, -1, -1)	4.391250374145027e-12	{'A__K': 2.9558577807620168e-12, 'K__A': 2.9558577807620168e-12, 'first__last': 5.826642967528037e-12, 'last__first': 5.826642967528037e-12}
0.0	57	(-1, -1, -1, 1, 1, 1, -1, -1, 1)	4.391250374145027e-12	{'A__K': 2.9558577807620168e-12, 'K__A': 2.9558577807620168e-12, 'first__last': 5.826642967528037e-12, 'last__first': 5.826642967528037e-12}
0.0	58	(-1, -1, -1, 1, 1, 1, -1, 1, -1)	4.391250374145027e-12	{'A__K': 2.9558577807620168e-12, 'K__A': 2.9558577807620168e-12, 'first__last': 5.826642967528037e-12, 'last__first': 5.826642967528037e-12}
0.0	59	(-1, -1, -1, 1, 1, 1, -1, 1, 1)	4.391250374145027e-12	{'A__K': 2.9558577807620168e-12, 'K__A': 2.9558577807620168e-12, 'first__last': 5.826642967528037e-12, 'last__first': 5.826642967528037e-12}
0.0	60	(-1, -1, -1, 1, 1, 1, 1, -1, -1)	4.391250374145027e-12	{'A__K': 2.9558577807620168e-12, 'K__A': 2.9558577807620168e-12, 'first__last': 5.826642967528037e-12, 'last__first': 5.826642967528037e-12}
0.0	61	(-1, -1, -1, 1, 1, 1, 1, -1, 1)	4.391250374145027e-12	{'A__K': 2.9558577807620168e-12, 'K__A': 2.9558577807620168e-12, 'first__last': 5.826642967528037e-12, 'last__first': 5.826642967528037e-12}
0.0	62	(-1, -1, -1, 1, 1, 1, 1, 1, -1)	4.391250374145027e-12	{'A__K': 2.9558577807620168e-12, 'K__A': 2.9558577807620168e-12, 'first__last': 5.826642967528037e-12, 'last__first': 5.826642967528037e-12}
0.0	63	(-1, -1, -1, 1, 1, 1, 1, 1, 1)	4.391250374145027e-12	{'A__K': 2.9558577807620168e-12, 'K__A': 2.9558577807620168e-12, 'first__last': 5.826642967528037e-12, 'last__first': 5.826642967528037e-12}
0.0	64	(-1, -1, 1, -1, -1, -1, -1, -1, -1)	4.391250374145027e-12	{'A__K': 2.9558577807620168e-12, 'K__A': 2.9558577807620168e-12, 'first__last': 5.826642967528037e-12, 'last__first': 5.826642967528037e-12}
0.0031415926535897933	52	(-1, -1, -1, 1, 1, -1, 1, -1, -1)	1.8752995895945441	{'A__K': 3.6939224021239276, 'K__A': 3.6939224021239276, 'first__last': 0.056676777065160645, 'last__first': 0.056676777065160645}
0.0031415926535897933	53	(-1, -1, -1, 1, 1, -1, 1, -1, 1)	0.7343398220203388	{'A__K': 1.412002866975517, 'K__A': 1.412002866975517, 'first__last': 0.056676777065160645, 'last__first': 0.056676777065160645}
0.0031415926535897933	54	(-1, -1, -1, 1, 1, -1, 1, 1, -1)	4.398584217078435	{'A__K': 3.693299236590178, 'K__A': 3.693299236590178, 'first__last': 5.103869197566692, 'last__first': 5.103869197566692}
0.0031415926535897933	55	(-1, -1, -1, 1, 1, -1, 1, 1, 1)	5.539778538618727	{'A__K': 5.975687879670762, 'K__A': 5.975687879670762, 'first__last': 5.103869197566692, 'last__first': 5.103869197566692}
0.0031415926535897933	56	(-1, -1, -1, 1, 1, 1, -1, -1, -1)	7.116896436306476	{'A__K': 5.9756843991295225, 'K__A': 5.9756843991295225, 'first__last': 8.25810847348343, 'last__first': 8.25810847348343}
0.0031415926535897933	57	(-1, -1, -1, 1, 1, 1, -1, -1, 1)	8.258106900345998	{'A__K': 8.258105327208566, 'K__A': 8.258105327208566, 'first__last': 8.25810847348343, 'last__first': 8.25810847348343}
0.0031415926535897933	60	(-1, -1, -1, 1, 1, 1, 1, -1, -1)	7.117157363227639	{'A__K': 5.976064758066946, 'K__A': 5.976064758066946, 'first__last': 8.258249968388332, 'last__first': 8.258249968388332}
0.0031415926535897933	61	(-1, -1, -1, 1, 1, 1, 1, -1, 1)	8.25824573644745	{'A__K': 8.258241504506566, 'K__A': 8.258241504506566, 'first__last': 8.258249968388332, 'last__first': 8.258249968388332}
0.0031415926535897933	64	(-1, -1, 1, -1, -1, -1, -1, -1, -1)	8.963411049784526	{'A__K': 9.668735137790495, 'K__A': 9.668735137790495, 'first__last': 8.258086961778558, 'last__first': 8.258086961778558}
0.006283185307179587	52	(-1, -1, -1, 1, 1, -1, 1, -1, -1)	3.8095486034863906	{'A__K': 7.392395084996465, 'K__A': 7.392395084996465, 'first__last': 0.22670212197631645, 'last__first': 0.22670212197631645}
0.006283185307179587	53	(-1, -1, -1, 1, 1, -1, 1, -1, 1)	1.5293657269817769	{'A__K': 2.832029331987237, 'K__A': 2.832029331987237, 'first__last': 0.22670212197631645, 'last__first': 0.22670212197631645}
0.006283185307179587	54	(-1, -1, -1, 1, 1, -1, 1, 1, -1)	7.387411825655844	{'A__K': 7.387411825655844, 'K__A': 7.387411825655844}
0.00942477796076938	52	(-1, -1, -1, 1, 1, -1, 1, -1, -1)	0.5100610763157297	{'first__last': 0.5100610763157297, 'last__first': 0.5100610763157297}
0.00942477796076938	53	(-1, -1, -1, 1, 1, -1, 1, -1, 1)	2.3890432430441346	{'A__K': 4.268025409772539, 'K__A': 4.268025409772539, 'first__last': 0.5100610763157297, 'last__first': 0.5100610763157297}
0.012566370614359173	52	(-1, -1, -1, 1, 1, -1, 1, -1, -1)	0.90672871130601	{'first__last': 0.90672871130601, 'last__first': 0.90672871130601}
0.012566370614359173	53	(-1, -1, -1, 1, 1, -1, 1, -1, 1)	3.31725684435108	{'A__K': 5.7277849773961504, 'K__A': 5.7277849773961504, 'first__last': 0.90672871130601, 'last__first': 0.90672871130601}
0.015707963267948967	52	(-1, -1, -1, 1, 1, -1, 1, -1, -1)	1.4166701303819504	{'first__last': 1.4166701303819504, 'last__first': 1.4166701303819504}
0.015707963267948967	53	(-1, -1, -1, 1, 1, -1, 1, -1, 1)	4.317775578540433	{'A__K': 7.218881026698916, 'K__A': 7.218881026698916, 'first__last': 1.4166701303819504, 'last__first': 1.4166701303819504}
0.01884955592153876	52	(-1, -1, -1, 1, 1, -1, 1, -1, -1)	2.039840473095175	{'first__last': 2.039840473095175, 'last__first': 2.039840473095175}
0.01884955592153876	53	(-1, -1, -1, 1, 1, -1, 1, -1, 1)	5.3942227537275	{'A__K': 8.748605034359825, 'K__A': 8.748605034359825, 'first__last': 2.039840473095175, 'last__first': 2.039840473095175}
0.021991148575128554	52	(-1, -1, -1, 1, 1, -1, 1, -1, -1)	2.7761849199508792	{'first__last': 2.7761849199508792, 'last__first': 2.7761849199508792}
0.021991148575128554	53	(-1, -1, -1, 1, 1, -1, 1, -1, 1)	2.7761849199508792	{'first__last': 2.7761849199508792, 'last__first': 2.7761849199508792}
0.025132741228718346	52	(-1, -1, -1, 1, 1, -1, 1, -1, -1)	3.6256386984117985	{'first__last': 3.6256386984117985, 'last__first': 3.6256386984117985}
0.025132741228718346	53	(-1, -1, -1, 1, 1, -1, 1, -1, 1)	3.6256386984117985	{'first__last': 3.6256386984117985, 'last__first': 3.6256386984117985}
0.02827433388230814	52	(-1, -1, -1, 1, 1, -1, 1, -1, -1)	4.588127089944998	{'first__last': 4.588127089944998, 'last__first': 4.588127089944998}
0.02827433388230814	53	(-1, -1, -1, 1, 1, -1, 1, -1, 1)	4.588127089944998	{'first__last': 4.588127089944998, 'last__first': 4.588127089944998}
0.031415926535897934	52	(-1, -1, -1, 1, 1, -1, 1, -1, -1)	5.66356543817226	{'first__last': 5.66356543817226, 'last__first': 5.66356543817226}
0.031415926535897934	53	(-1, -1, -1, 1, 1, -1, 1, -1, 1)	5.66356543817226	{'first__last': 5.66356543817226, 'last__first': 5.66356543817226}
0.034557519189487726	52	(-1, -1, -1, 1, 1, -1, 1, -1, -1)	6.851859158059957	{'first__last': 6.851859158059957, 'last__first': 6.851859158059957}
0.034557519189487726	53	(-1, -1, -1, 1, 1, -1, 1, -1, 1)	6.851859158059957	{'first__last': 6.851859158059957, 'last__first': 6.851859158059957}
0.03769911184307752	52	(-1, -1, -1, 1, 1, -1, 1, -1, -1)	8.152903746312798	{'first__last': 8.152903746312798, 'last__first': 8.152903746312798}
0.03769911184307752	53	(-1, -1, -1, 1, 1, -1, 1, -1, 1)	8.152903746312798	{'first__last': 8.152903746312798, 'last__first': 8.152903746312798}
0.04084070449666731	52	(-1, -1, -1, 1, 1, -1, 1, -1, -1)	9.566584792690895	{'first__last': 9.566584792690895, 'last__first': 9.566584792690895}
0.04084070449666731	53	(-1, -1, -1, 1, 1, -1, 1, -1, 1)	9.566584792690895	{'first__last': 9.566584792690895, 'last__first': 9.566584792690895}
