2.023185668911827	39	(-1, -1, -1, 1, -1, -1, 1, 1, 1)	9.642568519418123	{'A__E': 9.895384822371504, 'E__A': 9.895384822371504, 'G__K': 9.895384822400514, 'K__G': 9.895384822400514, 'first__D_E': 9.642568519371308, 'D_E__first': 9.642568519371308, 'D_E__H_I': 9.642568519386762, 'F_G__last': 9.642568519418123, 'H_I__D_E': 9.642568519386762, 'last__F_G': 9.642568519418123}
2.023185668911827	40	(-1, -1, -1, 1, -1, 1, -1, -1, -1)	9.768976670892332	{'A__E': 9.895384822371504, 'E__A': 9.895384822371504, 'G__K': 9.895384822410588, 'K__G': 9.895384822410588, 'first__D_E': 9.642568519371308, 'D_E__first': 9.642568519371308, 'F_G__last': 9.64256851941316, 'last__F_G': 9.64256851941316}
2.023185668911827	41	(-1, -1, -1, 1, -1, 1, -1, -1, 1)	9.64256851941316	{'A__E': 9.895384822371504, 'E__A': 9.895384822371504, 'first__D_E': 9.642568519371308, 'D_E__first': 9.642568519371308, 'F_G__last': 9.64256851941316, 'last__F_G': 9.64256851941316}
2.023185668911827	42	(-1, -1, -1, 1, -1, 1, -1, 1, -1)	9.768976670871407	{'A__E': 9.895384822371504, 'E__A': 9.895384822371504, 'first__D_E': 9.642568519371308, 'D_E__first': 9.642568519371308}
2.023185668911827	43	(-1, -1, -1, 1, -1, 1, -1, 1, 1)	9.768976670871407	{'A__E': 9.895384822371504, 'E__A': 9.895384822371504, 'first__D_E': 9.642568519371308, 'D_E__first': 9.642568519371308}
2.023185668911827	44	(-1, -1, -1, 1, -1, 1, 1, -1, -1)	9.768976670871407	{'A__E': 9.895384822371504, 'E__A': 9.895384822371504, 'first__D_E': 9.642568519371308, 'D_E__first': 9.642568519371308}
2.023185668911827	45	(-1, -1, -1, 1, -1, 1, 1, -1, 1)	9.768976670871407	{'A__E': 9.895384822371504, 'E__A': 9.895384822371504, 'first__D_E': 9.642568519371308, 'D_E__first': 9.642568519371308}
2.023185668911827	46	(-1, -1, -1, 1, -1, 1, 1, 1, -1)	9.768976670894993	{'A__E': 9.895384822371504, 'E__A': 9.895384822371504, 'F__J': 9.8953848224189, 'J__F': 9.8953848224189, 'first__D_E': 9.642568519371308, 'D_E__first': 9.642568519371308, 'F_G__last': 9.642568519418482, 'last__F_G': 9.642568519418482}
2.023185668911827	47	(-1, -1, -1, 1, -1, 1, 1, 1, 1)	9.895384822371504	{'A__E': 9.895384822371504, 'E__A': 9.895384822371504, 'F__J': 9.8953848224189, 'G__K': 9.895384822414778, 'J__F': 9.8953848224189, 'K__G': 9.895384822414778, 'first__D_E': 9.642568519371308, 'D_E__first': 9.642568519371308, 'F_G__last': 9.642568519418482, 'last__F_G': 9.642568519418482}
2.023185668911827	48	(-1, -1, -1, 1, 1, -1, -1, -1, -1)	9.895384822371504	{'A__E': 9.895384822371504, 'E__A': 9.895384822371504, 'F__J': 9.895384822418814, 'G__K': 9.895384822404743, 'J__F': 9.895384822418814, 'K__G': 9.895384822404743, 'first__D_E': 9.642568519371308, 'D_E__first': 9.642568519371308, 'F_G__last': 9.642568519417678, 'last__F_G': 9.642568519417678}
2.023185668911827	49	(-1, -1, -1, 1, 1, -1, -1, -1, 1)	9.768976670894592	{'A__E': 9.895384822371504, 'E__A': 9.895384822371504, 'F__J': 9.895384822418814, 'J__F': 9.895384822418814, 'first__D_E': 9.642568519371308, 'D_E__first': 9.642568519371308, 'F_G__last': 9.642568519417678, 'last__F_G': 9.642568519417678}
2.023185668911827	50	(-1, -1, -1, 1, 1, -1, -1, 1, -1)	9.768976670871407	{'A__E': 9.895384822371504, 'E__A': 9.895384822371504, 'first__D_E': 9.642568519371308, 'D_E__first': 9.642568519371308}
2.023185668911827	51	(-1, -1, -1, 1, 1, -1, -1, 1, 1)	9.768976670871407	{'A__E': 9.895384822371504, 'E__A': 9.895384822371504, 'first__D_E': 9.642568519371308, 'D_E__first': 9.642568519371308}
2.0263272615654166	39	(-1, -1, -1, 1, -1, -1, 1, 1, 1)	6.946458368479037	{'A__E': 7.122989723957882, 'E__A': 7.122989723957882, 'G__K': 7.12298972390073, 'K__G': 7.12298972390073, 'first__D_E': 6.946458368476221, 'D_E__first': 6.946458368476221, 'D_E__H_I': 6.946458368479037, 'F_G__last': 6.946458368415402, 'H_I__D_E': 6.946458368479037, 'last__F_G': 6.946458368415402}
2.0263272615654166	40	(-1, -1, -1, 1, -1, 1, -1, -1, -1)	7.034724046180872	{'A__E': 7.122989723957882, 'E__A': 7.122989723957882, 'G__K': 7.1229897238855235, 'K__G': 7.1229897238855235, 'first__D_E': 6.946458368476221, 'D_E__first': 6.946458368476221, 'F_G__last': 6.946458368399986, 'last__F_G': 6.946458368399986}
2.0263272615654166	41	(-1, -1, -1, 1, -1, 1, -1, -1, 1)	6.946458368476221	{'A__E': 7.122989723957882, 'E__A': 7.122989723957882, 'first__D_E': 6.946458368476221, 'D_E__first': 6.946458368476221, 'F_G__last': 6.946458368399986, 'last__F_G': 6.946458368399986}
2.0263272615654166	42	(-1, -1, -1, 1, -1, 1, -1, 1, -1)	7.034724046217051	{'A__E': 7.122989723957882, 'E__A': 7.122989723957882, 'first__D_E': 6.946458368476221, 'D_E__first': 6.946458368476221}
2.0263272615654166	43	(-1, -1, -1, 1, -1, 1, -1, 1, 1)	7.034724046217051	{'A__E': 7.122989723957882, 'E__A': 7.122989723957882, 'first__D_E': 6.946458368476221, 'D_E__first': 6.946458368476221}
2.0263272615654166	44	(-1, -1, -1, 1, -1, 1, 1, -1, -1)	7.034724046217051	{'A__E': 7.122989723957882, 'E__A': 7.122989723957882, 'first__D_E': 6.946458368476221, 'D_E__first': 6.946458368476221}
2.0263272615654166	45	(-1, -1, -1, 1, -1, 1, 1, -1, 1)	7.034724046217051	{'A__E': 7.122989723957882, 'E__A': 7.122989723957882, 'first__D_E': 6.946458368476221, 'D_E__first': 6.946458368476221}
2.0263272615654166	46	(-1, -1, -1, 1, -1, 1, 1, 1, -1)	7.034724046181189	{'A__E': 7.122989723957882, 'E__A': 7.122989723957882, 'F__J': 7.122989723886159, 'J__F': 7.122989723886159, 'first__D_E': 6.946458368476221, 'D_E__first': 6.946458368476221, 'F_G__last': 6.946458368413813, 'last__F_G': 6.946458368413813}
2.0263272615654166	47	(-1, -1, -1, 1, -1, 1, 1, 1, 1)	7.122989723886159	{'A__E': 7.122989723957882, 'E__A': 7.122989723957882, 'F__J': 7.122989723886159, 'G__K': 7.122989723891439, 'J__F': 7.122989723886159, 'K__G': 7.122989723891439, 'first__D_E': 6.946458368476221, 'D_E__first': 6.946458368476221, 'F_G__last': 6.946458368413813, 'last__F_G': 6.946458368413813}
2.0263272615654166	48	(-1, -1, -1, 1, 1, -1, -1, -1, -1)	7.122989723877832	{'A__E': 7.122989723957882, 'E__A': 7.122989723957882, 'F__J': 7.122989723877832, 'G__K': 7.122989723888418, 'J__F': 7.122989723877832, 'K__G': 7.122989723888418, 'first__D_E': 6.946458368476221, 'D_E__first': 6.946458368476221, 'F_G__last': 6.9464583684020145, 'last__F_G': 6.9464583684020145}
2.0263272615654166	49	(-1, -1, -1, 1, 1, -1, -1, -1, 1)	7.034724046177026	{'A__E': 7.122989723957882, 'E__A': 7.122989723957882, 'F__J': 7.122989723877832, 'J__F': 7.122989723877832, 'first__D_E': 6.946458368476221, 'D_E__first': 6.946458368476221, 'F_G__last': 6.9464583684020145, 'last__F_G': 6.9464583684020145}
2.0263272615654166	50	(-1, -1, -1, 1, 1, -1, -1, 1, -1)	7.034724046217051	{'A__E': 7.122989723957882, 'E__A': 7.122989723957882, 'first__D_E': 6.946458368476221, 'D_E__first': 6.946458368476221}
2.0263272615654166	51	(-1, -1, -1, 1, 1, -1, -1, 1, 1)	7.034724046217051	{'A__E': 7.122989723957882, 'E__A': 7.122989723957882, 'first__D_E': 6.946458368476221, 'D_E__first': 6.946458368476221}
2.0294688542190067	39	(-1, -1, -1, 1, -1, -1, 1, 1, 1)	4.306842047163453	{'A__E': 4.359189614659436, 'E__A': 4.359189614659436, 'G__K': 4.3591896146939675, 'K__G': 4.3591896146939675, 'first__D_E': 4.254494479638456, 'first__H_I': 7.24124170406847, 'D_E__first': 4.254494479638456, 'D_E__H_I': 4.254494479653382, 'F_G__last': 4.2544944796674695, 'H_I__first': 7.24124170406847, 'H_I__D_E': 4.254494479653382, 'last__F_G': 4.2544944796674695}
2.0294688542190067	40	(-1, -1, -1, 1, -1, 1, -1, -1, -1)	4.306842047167157	{'A__E': 4.359189614659436, 'E__A': 4.359189614659436, 'G__K': 4.359189614691119, 'K__G': 4.359189614691119, 'first__D_E': 4.254494479638456, 'D_E__first': 4.254494479638456, 'F_G__last': 4.254494479674878, 'last__F_G': 4.254494479674878}
2.0294688542190067	41	(-1, -1, -1, 1, -1, 1, -1, -1, 1)	4.254494479674878	{'A__E': 4.359189614659436, 'E__A': 4.359189614659436, 'first__D_E': 4.254494479638456, 'D_E__first': 4.254494479638456, 'F_G__last': 4.254494479674878, 'last__F_G': 4.254494479674878}
2.0294688542190067	42	(-1, -1, -1, 1, -1, 1, -1, 1, -1)	4.306842047148946	{'A__E': 4.359189614659436, 'E__A': 4.359189614659436, 'first__D_E': 4.254494479638456, 'D_E__first': 4.254494479638456}
2.0294688542190067	43	(-1, -1, -1, 1, -1, 1, -1, 1, 1)	4.306842047148946	{'A__E': 4.359189614659436, 'E__A': 4.359189614659436, 'first__D_E': 4.254494479638456, 'D_E__first': 4.254494479638456}
2.0294688542190067	44	(-1, -1, -1, 1, -1, 1, 1, -1, -1)	4.306842047148946	{'A__E': 4.359189614659436, 'E__A': 4.359189614659436, 'first__D_E': 4.254494479638456, 'D_E__first': 4.254494479638456}
2.0294688542190067	45	(-1, -1, -1, 1, -1, 1, 1, -1, 1)	4.306842047148946	{'A__E': 4.359189614659436, 'E__A': 4.359189614659436, 'first__D_E': 4.254494479638456, 'D_E__first': 4.254494479638456}
2.0294688542190067	46	(-1, -1, -1, 1, -1, 1, 1, 1, -1)	4.306842047158491	{'A__E': 4.359189614659436, 'E__A': 4.359189614659436, 'F__J': 4.359189614697542, 'J__F': 4.359189614697542, 'first__D_E': 4.254494479638456, 'D_E__first': 4.254494479638456, 'F_G__last': 4.254494479657546, 'last__F_G': 4.254494479657546}
