2.023185668911827	39	(-1, -1, -1, 1, -1, -1, 1, 1, 1)	9.642568519418123	{'A__E': 9.895384822371504, 'E__A': 9.895384822371504, 'G__K': 9.895384822400514, 'K__G': 9.895384822400514, 'first__D_E': 9.642568519371308, 'D_E__first': 9.642568519371308, 'D_E__H_I': 9.642568519386762, 'F_G__last': 9.642568519418123, 'H_I__D_E': 9.642568519386762, 'last__F_G': 9.642568519418123}
2.023185668911827	40	(-1, -1, -1, 1, -1, 1, -1, -1, -1)	9.768976670892332	{'A__E': 9.895384822371504, 'E__A': 9.895384822371504, 'G__K': 9.895384822410588, 'K__G': 9.895384822410588, 'first__D_E': 9.642568519371308, 'D_E__first': 9.642568519371308, 'F_G__last': 9.64256851941316, 'last__F_G': 9.64256851941316}
2.023185668911827	41	(-1, -1, -1, 1, -1, 1, -1, -1, 1)	9.64256851941316	{'A__E': 9.895384822371504, 'E__A': 9.895384822371504, 'first__D_E': 9.642568519371308, 'D_E__first': 9.642568519371308, 'F_G__last': 9.64256851941316, 'last__F_G': 9.64256851941316}
2.023185668911827	42	(-1, -1, -1, 1, -1, 1, -1, 1, -1)	9.768976670871407	{'A__E': 9.895384822371504, 'E__A': 9.895384822371504, 'first__D_E': 9.642568519371308, 'D_E__first': 9.642568519371308}
2.023185668911827	43	(-1, -1, -1, 1, -1, 1, -1, 1, 1)	9.768976670871407	{'A__E': 9.895384822371504, 'E__A': 9.895384822371504, 'first__D_E': 9.642568519371308, 'D_E__first': 9.642568519371308}
2.023185668911827	44	(-1, -1, -1, 1, -1, 1, 1, -1, -1)	9.768976670871407	{'A__E': 9.895384822371504, 'E__A': 9.895384822371504, 'first__D_E': 9.642568519371308, 'D_E__first': 9.642568519371308}
2.023185668911827	45	(-1, -1, -1, 1, -1, 1, 1, -1, 1)	9.768976670871407	{'A__E': 9.895384822371504, 'E__A': 9.895384822371504, 'first__D_E': 9.642568519371308, 'D_E__first': 9.642568519371308}
2.023185668911827	46	(-1, -1, -1, 1, -1, 1, 1, 1, -1)	9.768976670894993	{'A__E': 9.895384822371504, 'E__A': 9.895384822371504, 'F__J': 9.8953848224189, 'J__F': 9.8953848224189, 'first__D_E': 9.642568519371308, 'D_E__first': 9.642568519371308, 'F_G__last': 9.642568519418482, 'last__F_G': 9.642568519418482}
2.023185668911827	47	(-1, -1, -1, 1, -1, 1, 1, 1, 1)	9.895384822371504	{'A__E': 9.895384822371504, 'E__A': 9.895384822371504, 'F__J': 9.8953848224189, 'G__K': 9.895384822414778, 'J__F': 9.8953848224189, 'K__G': 9.895384822414778, 'first__D_E': 9.642568519371308, 'D_E__first': 9.642568519371308, 'F_G__last': 9.642568519418482, 'last__F_G': 9.642568519418482}
2.023185668911827	48	(-1, -1, -1, 1, 1, -1, -1, -1, -1)	9.895384822371504	{'A__E': 9.895384822371504, 'E__A': 9.895384822371504, 'F__J': 9.895384822418814, 'G__K': 9.895384822404743, 'J__F': 9.895384822418814, 'K__G': 9.895384822404743, 'first__D_E': 9.642568519371308, 'D_E__first': 9.642568519371308, 'F_G__last': 9.642568519417678, 'last__F_G': 9.642568519417678}
2.023185668911827	49	(-1, -1, -1, 1, 1, -1, -1, -1, 1)	9.768976670894592	{'A__E': 9.895384822371504, 'E__A': 9.895384822371504, 'F__J': 9.895384822418814, 'J__F': 9.895384822418814, 'first__D_E': 9.642568519371308, 'D_E__first': 9.642568519371308, 'F_G__last': 9.642568519417678, 'last__F_G': 9.642568519417678}
2.023185668911827	50	(-1, -1, -1, 1, 1, -1, -1, 1, -1)	9.768976670871407	{'A__E': 9.895384822371504, 'E__A': 9.895384822371504, 'first__D_E': 9.642568519371308, 'D_E__first': 9.642568519371308}
2.023185668911827	51	(-1, -1, -1, 1, 1, -1, -1, 1, 1)	9.768976670871407	{'A__E': 9.895384822371504, 'E__A': 9.895384822371504, 'first__D_E': 9.642568519371308, 'D_E__first': 9.642568519371308}
2.0263272615654166	39	(-1, -1, -1, 1, -1, -1, 1, 1, 1)	6.946458368479037	{'A__E': 7.122989723957882, 'E__A': 7.122989723957882, 'G__K': 7.12298972390073, 'K__G': 7.12298972390073, 'first__D_E': 6.946458368476221, 'D_E__first': 6.946458368476221, 'D_E__H_I': 6.946458368479037, 'F_G__last': 6.946458368415402, 'H_I__D_E': 6.946458368479037, 'last__F_G': 6.946458368415402}
2.0263272615654166	40	(-1, -1, -1, 1, -1, 1, -1, -1, -1)	7.034724046180872	{'A__E': 7.122989723957882, 'E__A': 7.122989723957882, 'G__K': 7.1229897238855235, 'K__G': 7.1229897238855235, 'first__D_E': 6.946458368476221, 'D_E__first': 6.946458368476221, 'F_G__last': 6.946458368399986, 'last__F_G': 6.946458368399986}
2.0263272615654166	41	(-1, -1, -1, 1, -1, 1, -1, -1, 1)	6.946458368476221	{'A__E': 7.122989723957882, 'E__A': 7.122989723957882, 'first__D_E': 6.946458368476221, 'D_E__first': 6.946458368476221, 'F_G__last': 6.946458368399986, 'last__F_G': 6.946458368399986}
2.0263272615654166	42	(-1, -1, -1, 1, -1, 1, -1, 1, -1)	7.034724046217051	{'A__E': 7.122989723957882, 'E__A': 7.122989723957882, 'first__D_E': 6.946458368476221, 'D_E__first': 6.946458368476221}
2.0263272615654166	43	(-1, -1, -1, 1, -1, 1, -1, 1, 1)	7.034724046217051	{'A__E': 7.122989723957882, 'E__A': 7.122989723957882, 'first__D_E': 6.946458368476221, 'D_E__first': 6.946458368476221}
2.0263272615654166	44	(-1, -1, -1, 1, -1, 1, 1, -1, -1)	7.034724046217051	{'A__E': 7.122989723957882, 'E__A': 7.122989723957882, 'first__D_E': 6.946458368476221, 'D_E__first': 6.946458368476221}
2.0263272615654166	45	(-1, -1, -1, 1, -1, 1, 1, -1, 1)	7.034724046217051	{'A__E': 7.122989723957882, 'E__A': 7.122989723957882, 'first__D_E': 6.946458368476221, 'D_E__first': 6.946458368476221}
2.0263272615654166	46	(-1, -1, -1, 1, -1, 1, 1, 1, -1)	7.034724046181189	{'A__E': 7.122989723957882, 'E__A': 7.122989723957882, 'F__J': 7.122989723886159, 'J__F': 7.122989723886159, 'first__D_E': 6.946458368476221, 'D_E__first': 6.946458368476221, 'F_G__last': 6.946458368413813, 'last__F_G': 6.946458368413813}
2.0263272615654166	47	(-1, -1, -1, 1, -1, 1, 1, 1, 1)	7.122989723886159	{'A__E': 7.122989723957882, 'E__A': 7.122989723957882, 'F__J': 7.122989723886159, 'G__K': 7.122989723891439, 'J__F': 7.122989723886159, 'K__G': 7.122989723891439, 'first__D_E': 6.946458368476221, 'D_E__first': 6.946458368476221, 'F_G__last': 6.946458368413813, 'last__F_G': 6.946458368413813}
2.0263272615654166	48	(-1, -1, -1, 1, 1, -1, -1, -1, -1)	7.122989723877832	{'A__E': 7.122989723957882, 'E__A': 7.122989723957882, 'F__J': 7.122989723877832, 'G__K': 7.122989723888418, 'J__F': 7.122989723877832, 'K__G': 7.122989723888418, 'first__D_E': 6.946458368476221, 'D_E__first': 6.946458368476221, 'F_G__last': 6.9464583684020145, 'last__F_G': 6.9464583684020145}
2.0263272615654166	49	(-1, -1, -1, 1, 1, -1, -1, -1, 1)	7.034724046177026	{'A__E': 7.122989723957882, 'E__A': 7.122989723957882, 'F__J': 7.122989723877832, 'J__F': 7.122989723877832, 'first__D_E': 6.946458368476221, 'D_E__first': 6.946458368476221, 'F_G__last': 6.9464583684020145, 'last__F_G': 6.9464583684020145}
2.0263272615654166	50	(-1, -1, -1, 1, 1, -1, -1, 1, -1)	7.034724046217051	{'A__E': 7.122989723957882, 'E__A': 7.122989723957882, 'first__D_E': 6.946458368476221, 'D_E__first': 6.946458368476221}
2.0263272615654166	51	(-1, -1, -1, 1, 1, -1, -1, 1, 1)	7.034724046217051	{'A__E': 7.122989723957882, 'E__A': 7.122989723957882, 'first__D_E': 6.946458368476221, 'D_E__first': 6.946458368476221}
2.0294688542190067	39	(-1, -1, -1, 1, -1, -1, 1, 1, 1)	4.306842047163453	{'A__E': 4.359189614659436, 'E__A': 4.359189614659436, 'G__K': 4.3591896146939675, 'K__G': 4.3591896146939675, 'first__D_E': 4.254494479638456, 'first__H_I': 7.24124170406847, 'D_E__first': 4.254494479638456, 'D_E__H_I': 4.254494479653382, 'F_G__last': 4.2544944796674695, 'H_I__first': 7.24124170406847, 'H_I__D_E': 4.254494479653382, 'last__F_G': 4.2544944796674695}
2.0294688542190067	40	(-1, -1, -1, 1, -1, 1, -1, -1, -1)	4.306842047167157	{'A__E': 4.359189614659436, 'E__A': 4.359189614659436, 'G__K': 4.359189614691119, 'K__G': 4.359189614691119, 'first__D_E': 4.254494479638456, 'D_E__first': 4.254494479638456, 'F_G__last': 4.254494479674878, 'last__F_G': 4.254494479674878}
2.0294688542190067	41	(-1, -1, -1, 1, -1, 1, -1, -1, 1)	4.254494479674878	{'A__E': 4.359189614659436, 'E__A': 4.359189614659436, 'first__D_E': 4.254494479638456, 'D_E__first': 4.254494479638456, 'F_G__last': 4.254494479674878, 'last__F_G': 4.254494479674878}
2.0294688542190067	42	(-1, -1, -1, 1, -1, 1, -1, 1, -1)	4.306842047148946	{'A__E': 4.359189614659436, 'E__A': 4.359189614659436, 'first__D_E': 4.254494479638456, 'D_E__first': 4.254494479638456}
2.0294688542190067	43	(-1, -1, -1, 1, -1, 1, -1, 1, 1)	4.306842047148946	{'A__E': 4.359189614659436, 'E__A': 4.359189614659436, 'first__D_E': 4.254494479638456, 'D_E__first': 4.254494479638456}
2.0294688542190067	44	(-1, -1, -1, 1, -1, 1, 1, -1, -1)	4.306842047148946	{'A__E': 4.359189614659436, 'E__A': 4.359189614659436, 'first__D_E': 4.254494479638456, 'D_E__first': 4.254494479638456}
2.0294688542190067	45	(-1, -1, -1, 1, -1, 1, 1, -1, 1)	4.306842047148946	{'A__E': 4.359189614659436, 'E__A': 4.359189614659436, 'first__D_E': 4.254494479638456, 'D_E__first': 4.254494479638456}
2.0294688542190067	46	(-1, -1, -1, 1, -1, 1, 1, 1, -1)	4.306842047158491	{'A__E': 4.359189614659436, 'E__A': 4.359189614659436, 'F__J': 4.359189614697542, 'J__F': 4.359189614697542, 'first__D_E': 4.254494479638456, 'D_E__first': 4.254494479638456, 'F_G__last': 4.254494479657546, 'last__F_G': 4.254494479657546}
2.0294688542190067	47	(-1, -1, -1, 1, -1, 1, 1, 1, 1)	4.359189614659436	{'A__E': 4.359189614659436, 'E__A': 4.359189614659436, 'F__J': 4.359189614697542, 'G__K': 4.359189614681708, 'J__F': 4.359189614697542, 'K__G': 4.359189614681708, 'first__D_E': 4.254494479638456, 'D_E__first': 4.254494479638456, 'F_G__last': 4.254494479657546, 'last__F_G': 4.254494479657546}
2.0294688542190067	48	(-1, -1, -1, 1, 1, -1, -1, -1, -1)	4.359189614659436	{'A__E': 4.359189614659436, 'E__A': 4.359189614659436, 'F__J': 4.359189614700449, 'G__K': 4.359189614703619, 'J__F': 4.359189614700449, 'K__G': 4.359189614703619, 'first__D_E': 4.254494479638456, 'D_E__first': 4.254494479638456, 'F_G__last': 4.254494479676738, 'last__F_G': 4.254494479676738}
2.0294688542190067	49	(-1, -1, -1, 1, 1, -1, -1, -1, 1)	4.306842047168087	{'A__E': 4.359189614659436, 'E__A': 4.359189614659436, 'F__J': 4.359189614700449, 'J__F': 4.359189614700449, 'first__D_E': 4.254494479638456, 'D_E__first': 4.254494479638456, 'F_G__last': 4.254494479676738, 'last__F_G': 4.254494479676738}
2.0294688542190067	50	(-1, -1, -1, 1, 1, -1, -1, 1, -1)	4.306842047148946	{'A__E': 4.359189614659436, 'E__A': 4.359189614659436, 'first__D_E': 4.254494479638456, 'D_E__first': 4.254494479638456}
2.0294688542190067	51	(-1, -1, -1, 1, 1, -1, -1, 1, 1)	4.306842047148946	{'A__E': 4.359189614659436, 'E__A': 4.359189614659436, 'first__D_E': 4.254494479638456, 'D_E__first': 4.254494479638456}
2.0326104468725963	39	(-1, -1, -1, 1, -1, -1, 1, 1, 1)	1.5853501082128214	{'A__E': 1.603996794996865, 'E__A': 1.603996794996865, 'G__K': 1.6039967949672345, 'K__G': 1.6039967949672345, 'first__D_E': 1.566703421453561, 'first__H_I': 2.665851857577105, 'D_E__first': 1.566703421453561, 'D_E__H_I': 1.5667034214584081, 'F_G__last': 1.566703421388998, 'H_I__first': 2.665851857577105, 'H_I__D_E': 1.5667034214584081, 'last__F_G': 1.566703421388998}
2.0326104468725963	40	(-1, -1, -1, 1, -1, 1, -1, -1, -1)	1.5853501082090942	{'A__E': 1.603996794996865, 'E__A': 1.603996794996865, 'G__K': 1.6039967949646272, 'K__G': 1.6039967949646272, 'first__D_E': 1.566703421453561, 'D_E__first': 1.566703421453561, 'F_G__last': 1.5667034214269624, 'last__F_G': 1.5667034214269624}
2.0326104468725963	41	(-1, -1, -1, 1, -1, 1, -1, -1, 1)	1.566703421453561	{'A__E': 1.603996794996865, 'E__A': 1.603996794996865, 'first__D_E': 1.566703421453561, 'D_E__first': 1.566703421453561, 'F_G__last': 1.5667034214269624, 'last__F_G': 1.5667034214269624}
2.0326104468725963	42	(-1, -1, -1, 1, -1, 1, -1, 1, -1)	1.5853501082252128	{'A__E': 1.603996794996865, 'E__A': 1.603996794996865, 'first__D_E': 1.566703421453561, 'D_E__first': 1.566703421453561}
2.0326104468725963	43	(-1, -1, -1, 1, -1, 1, -1, 1, 1)	1.5853501082252128	{'A__E': 1.603996794996865, 'E__A': 1.603996794996865, 'first__D_E': 1.566703421453561, 'D_E__first': 1.566703421453561}
2.0326104468725963	44	(-1, -1, -1, 1, -1, 1, 1, -1, -1)	1.5853501082252128	{'A__E': 1.603996794996865, 'E__A': 1.603996794996865, 'first__D_E': 1.566703421453561, 'D_E__first': 1.566703421453561}
2.0326104468725963	45	(-1, -1, -1, 1, -1, 1, 1, -1, 1)	1.5853501082252128	{'A__E': 1.603996794996865, 'E__A': 1.603996794996865, 'first__D_E': 1.566703421453561, 'D_E__first': 1.566703421453561}
2.0326104468725963	46	(-1, -1, -1, 1, -1, 1, 1, 1, -1)	1.5853501081952803	{'A__E': 1.603996794996865, 'E__A': 1.603996794996865, 'F__J': 1.6039967949369998, 'J__F': 1.6039967949369998, 'first__D_E': 1.566703421453561, 'D_E__first': 1.566703421453561, 'F_G__last': 1.5667034213912014, 'last__F_G': 1.5667034213912014}
2.0326104468725963	47	(-1, -1, -1, 1, -1, 1, 1, 1, 1)	1.6039967949369998	{'A__E': 1.603996794996865, 'E__A': 1.603996794996865, 'F__J': 1.6039967949369998, 'G__K': 1.6039967949630238, 'J__F': 1.6039967949369998, 'K__G': 1.6039967949630238, 'first__D_E': 1.566703421453561, 'D_E__first': 1.566703421453561, 'F_G__last': 1.5667034213912014, 'last__F_G': 1.5667034213912014}
2.0326104468725963	48	(-1, -1, -1, 1, 1, -1, -1, -1, -1)	1.6039967949618623	{'A__E': 1.603996794996865, 'E__A': 1.603996794996865, 'F__J': 1.6039967949717562, 'G__K': 1.6039967949618623, 'J__F': 1.6039967949717562, 'K__G': 1.6039967949618623, 'first__D_E': 1.566703421453561, 'D_E__first': 1.566703421453561, 'F_G__last': 1.5667034214382676, 'last__F_G': 1.5667034214382676}
2.0326104468725963	49	(-1, -1, -1, 1, 1, -1, -1, -1, 1)	1.5853501082126584	{'A__E': 1.603996794996865, 'E__A': 1.603996794996865, 'F__J': 1.6039967949717562, 'J__F': 1.6039967949717562, 'first__D_E': 1.566703421453561, 'D_E__first': 1.566703421453561, 'F_G__last': 1.5667034214382676, 'last__F_G': 1.5667034214382676}
2.0326104468725963	50	(-1, -1, -1, 1, 1, -1, -1, 1, -1)	1.5853501082252128	{'A__E': 1.603996794996865, 'E__A': 1.603996794996865, 'first__D_E': 1.566703421453561, 'D_E__first': 1.566703421453561}
2.0326104468725963	51	(-1, -1, -1, 1, 1, -1, -1, 1, 1)	1.5853501082252128	{'A__E': 1.603996794996865, 'E__A': 1.603996794996865, 'first__D_E': 1.566703421453561, 'D_E__first': 1.566703421453561}
2.035752039526186	39	(-1, -1, -1, 1, -1, -1, 1, 1, 1)	1.1297324632075765	{'A__E': 1.1425766477595058, 'E__A': 1.1425766477595058, 'G__K': 1.142576647749095, 'K__G': 1.142576647749095, 'first__D_E': 1.1168882786660577, 'first__H_I': 1.8999513182580163, 'D_E__first': 1.1168882786660577, 'D_E__H_I': 1.1168882786410947, 'F_G__last': 1.1168882786399204, 'H_I__first': 1.8999513182580163, 'H_I__D_E': 1.1168882786410947, 'last__F_G': 1.1168882786399204}
2.035752039526186	40	(-1, -1, -1, 1, -1, 1, -1, -1, -1)	1.1297324631993728	{'A__E': 1.1425766477595058, 'E__A': 1.1425766477595058, 'G__K': 1.1425766477326882, 'K__G': 1.1425766477326882, 'first__D_E': 1.1168882786660577, 'D_E__first': 1.1168882786660577, 'F_G__last': 1.1168882786363215, 'last__F_G': 1.1168882786363215}
2.035752039526186	41	(-1, -1, -1, 1, -1, 1, -1, -1, 1)	1.1168882786660577	{'A__E': 1.1425766477595058, 'E__A': 1.1425766477595058, 'first__D_E': 1.1168882786660577, 'D_E__first': 1.1168882786660577, 'F_G__last': 1.1168882786363215, 'last__F_G': 1.1168882786363215}
2.035752039526186	42	(-1, -1, -1, 1, -1, 1, -1, 1, -1)	1.1297324632127816	{'A__E': 1.1425766477595058, 'E__A': 1.1425766477595058, 'first__D_E': 1.1168882786660577, 'D_E__first': 1.1168882786660577}
2.035752039526186	43	(-1, -1, -1, 1, -1, 1, -1, 1, 1)	1.1297324632127816	{'A__E': 1.1425766477595058, 'E__A': 1.1425766477595058, 'first__D_E': 1.1168882786660577, 'D_E__first': 1.1168882786660577}
2.035752039526186	44	(-1, -1, -1, 1, -1, 1, 1, -1, -1)	1.1297324632127816	{'A__E': 1.1425766477595058, 'E__A': 1.1425766477595058, 'first__D_E': 1.1168882786660577, 'D_E__first': 1.1168882786660577}
2.035752039526186	45	(-1, -1, -1, 1, -1, 1, 1, -1, 1)	1.1297324632127816	{'A__E': 1.1425766477595058, 'E__A': 1.1425766477595058, 'first__D_E': 1.1168882786660577, 'D_E__first': 1.1168882786660577}
2.035752039526186	46	(-1, -1, -1, 1, -1, 1, 1, 1, -1)	1.1297324632016623	{'A__E': 1.1425766477595058, 'E__A': 1.1425766477595058, 'F__J': 1.142576647737267, 'J__F': 1.142576647737267, 'first__D_E': 1.1168882786660577, 'D_E__first': 1.1168882786660577, 'F_G__last': 1.1168882786390497, 'last__F_G': 1.1168882786390497}
2.035752039526186	47	(-1, -1, -1, 1, -1, 1, 1, 1, 1)	1.1425766477356816	{'A__E': 1.1425766477595058, 'E__A': 1.1425766477595058, 'F__J': 1.142576647737267, 'G__K': 1.1425766477356816, 'J__F': 1.142576647737267, 'K__G': 1.1425766477356816, 'first__D_E': 1.1168882786660577, 'D_E__first': 1.1168882786660577, 'F_G__last': 1.1168882786390497, 'last__F_G': 1.1168882786390497}
2.035752039526186	48	(-1, -1, -1, 1, 1, -1, -1, -1, -1)	1.142576647710416	{'A__E': 1.1425766477595058, 'E__A': 1.1425766477595058, 'F__J': 1.1425766477134631, 'G__K': 1.142576647710416, 'J__F': 1.1425766477134631, 'K__G': 1.142576647710416, 'first__D_E': 1.1168882786660577, 'D_E__first': 1.1168882786660577, 'F_G__last': 1.1168882786092313, 'last__F_G': 1.1168882786092313}
2.035752039526186	49	(-1, -1, -1, 1, 1, -1, -1, -1, 1)	1.1297324631897605	{'A__E': 1.1425766477595058, 'E__A': 1.1425766477595058, 'F__J': 1.1425766477134631, 'J__F': 1.1425766477134631, 'first__D_E': 1.1168882786660577, 'D_E__first': 1.1168882786660577, 'F_G__last': 1.1168882786092313, 'last__F_G': 1.1168882786092313}
2.035752039526186	50	(-1, -1, -1, 1, 1, -1, -1, 1, -1)	1.1297324632127816	{'A__E': 1.1425766477595058, 'E__A': 1.1425766477595058, 'first__D_E': 1.1168882786660577, 'D_E__first': 1.1168882786660577}
2.035752039526186	51	(-1, -1, -1, 1, 1, -1, -1, 1, 1)	1.1297324632127816	{'A__E': 1.1425766477595058, 'E__A': 1.1425766477595058, 'first__D_E': 1.1168882786660577, 'D_E__first': 1.1168882786660577}
2.038893632179776	39	(-1, -1, -1, 1, -1, -1, 1, 1, 1)	3.838386487069463	{'A__E': 3.8805188393097128, 'E__A': 3.8805188393097128, 'G__K': 3.880518839391783, 'K__G': 3.880518839391783, 'first__D_E': 3.796254134753715, 'first__H_I': 6.456110169325491, 'D_E__first': 3.796254134753715, 'D_E__H_I': 3.796254134743398, 'F_G__last': 3.7962541348292134, 'H_I__first': 6.456110169325491, 'H_I__D_E': 3.796254134743398, 'last__F_G': 3.7962541348292134}
2.038893632179776	40	(-1, -1, -1, 1, -1, 1, -1, -1, -1)	3.8383864870406255	{'A__E': 3.8805188393097128, 'E__A': 3.8805188393097128, 'G__K': 3.8805188393520393, 'K__G': 3.8805188393520393, 'first__D_E': 3.796254134753715, 'D_E__first': 3.796254134753715, 'F_G__last': 3.7962541347715377, 'last__F_G': 3.7962541347715377}
2.038893632179776	41	(-1, -1, -1, 1, -1, 1, -1, -1, 1)	3.7962541347715377	{'A__E': 3.8805188393097128, 'E__A': 3.8805188393097128, 'first__D_E': 3.796254134753715, 'D_E__first': 3.796254134753715, 'F_G__last': 3.7962541347715377, 'last__F_G': 3.7962541347715377}
2.038893632179776	42	(-1, -1, -1, 1, -1, 1, -1, 1, -1)	3.838386487031714	{'A__E': 3.8805188393097128, 'E__A': 3.8805188393097128, 'first__D_E': 3.796254134753715, 'D_E__first': 3.796254134753715}
2.038893632179776	43	(-1, -1, -1, 1, -1, 1, -1, 1, 1)	3.838386487031714	{'A__E': 3.8805188393097128, 'E__A': 3.8805188393097128, 'first__D_E': 3.796254134753715, 'D_E__first': 3.796254134753715}
2.038893632179776	44	(-1, -1, -1, 1, -1, 1, 1, -1, -1)	3.838386487031714	{'A__E': 3.8805188393097128, 'E__A': 3.8805188393097128, 'first__D_E': 3.796254134753715, 'D_E__first': 3.796254134753715}
2.038893632179776	45	(-1, -1, -1, 1, -1, 1, 1, -1, 1)	3.838386487031714	{'A__E': 3.8805188393097128, 'E__A': 3.8805188393097128, 'first__D_E': 3.796254134753715, 'D_E__first': 3.796254134753715}
2.038893632179776	46	(-1, -1, -1, 1, -1, 1, 1, 1, -1)	3.8383864870675284	{'A__E': 3.8805188393097128, 'E__A': 3.8805188393097128, 'F__J': 3.8805188393667454, 'J__F': 3.8805188393667454, 'first__D_E': 3.796254134753715, 'D_E__first': 3.796254134753715, 'F_G__last': 3.796254134825344, 'last__F_G': 3.796254134825344}
2.038893632179776	47	(-1, -1, -1, 1, -1, 1, 1, 1, 1)	3.8805188393097128	{'A__E': 3.8805188393097128, 'E__A': 3.8805188393097128, 'F__J': 3.8805188393667454, 'G__K': 3.880518839390215, 'J__F': 3.8805188393667454, 'K__G': 3.880518839390215, 'first__D_E': 3.796254134753715, 'D_E__first': 3.796254134753715, 'F_G__last': 3.796254134825344, 'last__F_G': 3.796254134825344}
2.038893632179776	48	(-1, -1, -1, 1, 1, -1, -1, -1, -1)	3.8805188393097128	{'A__E': 3.8805188393097128, 'E__A': 3.8805188393097128, 'F__J': 3.8805188393199797, 'G__K': 3.880518839321914, 'J__F': 3.8805188393199797, 'K__G': 3.880518839321914, 'first__D_E': 3.796254134753715, 'D_E__first': 3.796254134753715, 'F_G__last': 3.796254134758264, 'last__F_G': 3.796254134758264}
2.038893632179776	49	(-1, -1, -1, 1, 1, -1, -1, -1, 1)	3.838386487033988	{'A__E': 3.8805188393097128, 'E__A': 3.8805188393097128, 'F__J': 3.8805188393199797, 'J__F': 3.8805188393199797, 'first__D_E': 3.796254134753715, 'D_E__first': 3.796254134753715, 'F_G__last': 3.796254134758264, 'last__F_G': 3.796254134758264}
2.038893632179776	50	(-1, -1, -1, 1, 1, -1, -1, 1, -1)	3.838386487031714	{'A__E': 3.8805188393097128, 'E__A': 3.8805188393097128, 'first__D_E': 3.796254134753715, 'D_E__first': 3.796254134753715}
2.038893632179776	51	(-1, -1, -1, 1, 1, -1, -1, 1, 1)	3.838386487031714	{'A__E': 3.8805188393097128, 'E__A': 3.8805188393097128, 'first__D_E': 3.796254134753715, 'D_E__first': 3.796254134753715}
2.0420352248333655	39	(-1, -1, -1, 1, -1, -1, 1, 1, 1)	6.471367702550044	{'A__E': 6.609818118110329, 'E__A': 6.609818118110329, 'G__K': 6.609818118124199, 'K__G': 6.609818118124199, 'first__D_E': 6.471367702550044, 'D_E__first': 6.471367702550044, 'D_E__H_I': 6.471367702548476, 'F_G__last': 6.47136770254412, 'H_I__D_E': 6.471367702548476, 'last__F_G': 6.47136770254412}
2.0420352248333655	40	(-1, -1, -1, 1, -1, 1, -1, -1, -1)	6.5405929103301865	{'A__E': 6.609818118110329, 'E__A': 6.609818118110329, 'G__K': 6.609818118118961, 'K__G': 6.609818118118961, 'first__D_E': 6.471367702550044, 'D_E__first': 6.471367702550044, 'F_G__last': 6.471367702531216, 'last__F_G': 6.471367702531216}
2.0420352248333655	41	(-1, -1, -1, 1, -1, 1, -1, -1, 1)	6.471367702550044	{'A__E': 6.609818118110329, 'E__A': 6.609818118110329, 'first__D_E': 6.471367702550044, 'D_E__first': 6.471367702550044, 'F_G__last': 6.471367702531216, 'last__F_G': 6.471367702531216}
2.0420352248333655	42	(-1, -1, -1, 1, -1, 1, -1, 1, -1)	6.5405929103301865	{'A__E': 6.609818118110329, 'E__A': 6.609818118110329, 'first__D_E': 6.471367702550044, 'D_E__first': 6.471367702550044}
2.0420352248333655	43	(-1, -1, -1, 1, -1, 1, -1, 1, 1)	6.5405929103301865	{'A__E': 6.609818118110329, 'E__A': 6.609818118110329, 'first__D_E': 6.471367702550044, 'D_E__first': 6.471367702550044}
2.0420352248333655	44	(-1, -1, -1, 1, -1, 1, 1, -1, -1)	6.5405929103301865	{'A__E': 6.609818118110329, 'E__A': 6.609818118110329, 'first__D_E': 6.471367702550044, 'D_E__first': 6.471367702550044}
2.0420352248333655	45	(-1, -1, -1, 1, -1, 1, 1, -1, 1)	6.5405929103301865	{'A__E': 6.609818118110329, 'E__A': 6.609818118110329, 'first__D_E': 6.471367702550044, 'D_E__first': 6.471367702550044}
2.0420352248333655	46	(-1, -1, -1, 1, -1, 1, 1, 1, -1)	6.5405929103301865	{'A__E': 6.609818118110329, 'E__A': 6.609818118110329, 'F__J': 6.609818118121523, 'J__F': 6.609818118121523, 'first__D_E': 6.471367702550044, 'D_E__first': 6.471367702550044, 'F_G__last': 6.47136770254723, 'last__F_G': 6.47136770254723}
2.0420352248333655	47	(-1, -1, -1, 1, -1, 1, 1, 1, 1)	6.609818118110329	{'A__E': 6.609818118110329, 'E__A': 6.609818118110329, 'F__J': 6.609818118121523, 'G__K': 6.609818118129319, 'J__F': 6.609818118121523, 'K__G': 6.609818118129319, 'first__D_E': 6.471367702550044, 'D_E__first': 6.471367702550044, 'F_G__last': 6.47136770254723, 'last__F_G': 6.47136770254723}
2.0420352248333655	48	(-1, -1, -1, 1, 1, -1, -1, -1, -1)	6.609818118110329	{'A__E': 6.609818118110329, 'E__A': 6.609818118110329, 'F__J': 6.609818118116279, 'G__K': 6.609818118121259, 'J__F': 6.609818118116279, 'K__G': 6.609818118121259, 'first__D_E': 6.471367702550044, 'D_E__first': 6.471367702550044, 'F_G__last': 6.471367702528865, 'last__F_G': 6.471367702528865}
2.0420352248333655	49	(-1, -1, -1, 1, 1, -1, -1, -1, 1)	6.5405929103301865	{'A__E': 6.609818118110329, 'E__A': 6.609818118110329, 'F__J': 6.609818118116279, 'J__F': 6.609818118116279, 'first__D_E': 6.471367702550044, 'D_E__first': 6.471367702550044, 'F_G__last': 6.471367702528865, 'last__F_G': 6.471367702528865}
2.0420352248333655	50	(-1, -1, -1, 1, 1, -1, -1, 1, -1)	6.5405929103301865	{'A__E': 6.609818118110329, 'E__A': 6.609818118110329, 'first__D_E': 6.471367702550044, 'D_E__first': 6.471367702550044}
2.0420352248333655	51	(-1, -1, -1, 1, 1, -1, -1, 1, 1)	6.5405929103301865	{'A__E': 6.609818118110329, 'E__A': 6.609818118110329, 'first__D_E': 6.471367702550044, 'D_E__first': 6.471367702550044}
2.0451768174869556	39	(-1, -1, -1, 1, -1, -1, 1, 1, 1)	9.14220257976181	{'A__E': 9.330463035102062, 'E__A': 9.330463035102062, 'G__K': 9.33046303505768, 'K__G': 9.33046303505768, 'first__D_E': 9.14220257976181, 'D_E__first': 9.14220257976181, 'D_E__H_I': 9.14220257976025, 'F_G__last': 9.142202579695683, 'H_I__D_E': 9.14220257976025, 'last__F_G': 9.142202579695683}
2.0451768174869556	40	(-1, -1, -1, 1, -1, 1, -1, -1, -1)	9.236332807416119	{'A__E': 9.330463035102062, 'E__A': 9.330463035102062, 'G__K': 9.330463035070428, 'K__G': 9.330463035070428, 'first__D_E': 9.14220257976181, 'D_E__first': 9.14220257976181, 'F_G__last': 9.14220257972793, 'last__F_G': 9.14220257972793}
2.0451768174869556	41	(-1, -1, -1, 1, -1, 1, -1, -1, 1)	9.14220257976181	{'A__E': 9.330463035102062, 'E__A': 9.330463035102062, 'first__D_E': 9.14220257976181, 'D_E__first': 9.14220257976181, 'F_G__last': 9.14220257972793, 'last__F_G': 9.14220257972793}
2.0451768174869556	42	(-1, -1, -1, 1, -1, 1, -1, 1, -1)	9.236332807431936	{'A__E': 9.330463035102062, 'E__A': 9.330463035102062, 'first__D_E': 9.14220257976181, 'D_E__first': 9.14220257976181}
2.0451768174869556	43	(-1, -1, -1, 1, -1, 1, -1, 1, 1)	9.236332807431936	{'A__E': 9.330463035102062, 'E__A': 9.330463035102062, 'first__D_E': 9.14220257976181, 'D_E__first': 9.14220257976181}
2.0451768174869556	44	(-1, -1, -1, 1, -1, 1, 1, -1, -1)	9.236332807431936	{'A__E': 9.330463035102062, 'E__A': 9.330463035102062, 'first__D_E': 9.14220257976181, 'D_E__first': 9.14220257976181}
2.0451768174869556	45	(-1, -1, -1, 1, -1, 1, 1, -1, 1)	9.236332807431936	{'A__E': 9.330463035102062, 'E__A': 9.330463035102062, 'first__D_E': 9.14220257976181, 'D_E__first': 9.14220257976181}
2.0451768174869556	46	(-1, -1, -1, 1, -1, 1, 1, 1, -1)	9.236332807404613	{'A__E': 9.330463035102062, 'E__A': 9.330463035102062, 'F__J': 9.330463035047417, 'J__F': 9.330463035047417, 'first__D_E': 9.14220257976181, 'D_E__first': 9.14220257976181, 'F_G__last': 9.142202579695459, 'last__F_G': 9.142202579695459}
2.0451768174869556	47	(-1, -1, -1, 1, -1, 1, 1, 1, 1)	9.330463035047417	{'A__E': 9.330463035102062, 'E__A': 9.330463035102062, 'F__J': 9.330463035047417, 'G__K': 9.330463035054088, 'J__F': 9.330463035047417, 'K__G': 9.330463035054088, 'first__D_E': 9.14220257976181, 'D_E__first': 9.14220257976181, 'F_G__last': 9.142202579695459, 'last__F_G': 9.142202579695459}
2.0451768174869556	48	(-1, -1, -1, 1, 1, -1, -1, -1, -1)	9.330463035096196	{'A__E': 9.330463035102062, 'E__A': 9.330463035102062, 'F__J': 9.330463035096196, 'G__K': 9.330463035113775, 'J__F': 9.330463035096196, 'K__G': 9.330463035113775, 'first__D_E': 9.14220257976181, 'D_E__first': 9.14220257976181, 'F_G__last': 9.142202579754624, 'last__F_G': 9.142202579754624}
2.0451768174869556	49	(-1, -1, -1, 1, 1, -1, -1, -1, 1)	9.236332807429003	{'A__E': 9.330463035102062, 'E__A': 9.330463035102062, 'F__J': 9.330463035096196, 'J__F': 9.330463035096196, 'first__D_E': 9.14220257976181, 'D_E__first': 9.14220257976181, 'F_G__last': 9.142202579754624, 'last__F_G': 9.142202579754624}
2.0451768174869556	50	(-1, -1, -1, 1, 1, -1, -1, 1, -1)	9.236332807431936	{'A__E': 9.330463035102062, 'E__A': 9.330463035102062, 'first__D_E': 9.14220257976181, 'D_E__first': 9.14220257976181}
2.0451768174869556	51	(-1, -1, -1, 1, 1, -1, -1, 1, 1)	9.236332807431936	{'A__E': 9.330463035102062, 'E__A': 9.330463035102062, 'first__D_E': 9.14220257976181, 'D_E__first': 9.14220257976181}
2.0797343366764434	39	(-1, -1, -1, 1, -1, -1, 1, 1, 1)	6.867101122734263	{'D__I': 6.867101122734263, 'I__D': 6.867101122734263}
2.0797343366764434	41	(-1, -1, -1, 1, -1, 1, -1, -1, 1)	6.867101122727805	{'F__K': 6.867101122727805, 'K__F': 6.867101122727805}
2.082875929330033	39	(-1, -1, -1, 1, -1, -1, 1, 1, 1)	2.8606276811672715	{'D__I': 2.8606276811672715, 'I__D': 2.8606276811672715}
2.082875929330033	41	(-1, -1, -1, 1, -1, 1, -1, -1, 1)	2.8606276811764535	{'F__K': 2.8606276811764535, 'K__F': 2.8606276811764535}
2.0860175219836226	39	(-1, -1, -1, 1, -1, -1, 1, 1, 1)	1.1399994136552283	{'D__I': 1.1399994136552283, 'I__D': 1.1399994136552283}
2.0860175219836226	41	(-1, -1, -1, 1, -1, 1, -1, -1, 1)	1.13999941362735	{'F__K': 1.13999941362735, 'K__F': 1.13999941362735}
2.0891591146372126	39	(-1, -1, -1, 1, -1, -1, 1, 1, 1)	5.134734183744502	{'D__I': 5.134734183744502, 'I__D': 5.134734183744502}
2.0891591146372126	41	(-1, -1, -1, 1, -1, 1, -1, -1, 1)	5.134734183784107	{'F__K': 5.134734183784107, 'K__F': 5.134734183784107}
2.092300707290802	39	(-1, -1, -1, 1, -1, -1, 1, 1, 1)	9.123530684835508	{'D__I': 9.123530684835508, 'I__D': 9.123530684835508}
2.092300707290802	41	(-1, -1, -1, 1, -1, 1, -1, -1, 1)	9.123530684888681	{'F__K': 9.123530684888681, 'K__F': 9.123530684888681}
2.321636971002857	50	(-1, -1, -1, 1, 1, -1, -1, 1, -1)	2.968237348886582	{'B__J': 2.307068425800475, 'J__B': 2.307068425800475, 'B_C__last': 3.6294062719726887, 'last__B_C': 3.6294062719726887}
2.321636971002857	51	(-1, -1, -1, 1, 1, -1, -1, 1, 1)	2.307068425800475	{'B__J': 2.307068425800475, 'C__K': 2.3070684257788816, 'J__B': 2.307068425800475, 'K__C': 2.3070684257788816, 'B_C__last': 3.6294062719726887, 'last__B_C': 3.6294062719726887}
2.324778563656447	50	(-1, -1, -1, 1, 1, -1, -1, 1, -1)	6.884946450341054	{'B__J': 5.347705842049516, 'J__B': 5.347705842049516, 'B_C__last': 8.422187058632591, 'last__B_C': 8.422187058632591}
2.324778563656447	51	(-1, -1, -1, 1, 1, -1, -1, 1, 1)	5.347705842049516	{'B__J': 5.347705842049516, 'C__K': 5.347705842027612, 'J__B': 5.347705842049516, 'K__C': 5.347705842027612, 'B_C__last': 8.422187058632591, 'last__B_C': 8.422187058632591}
