0.0	464	(1, 1, 1, -1, 1, -1, -1, -1, -1)	4.391250374145027e-12	{'A__K': 2.9558577807620168e-12, 'K__A': 2.9558577807620168e-12, 'first__last': 5.826642967528037e-12, 'last__first': 5.826642967528037e-12}
0.0	465	(1, 1, 1, -1, 1, -1, -1, -1, 1)	4.391250374145027e-12	{'A__K': 2.9558577807620168e-12, 'K__A': 2.9558577807620168e-12, 'first__last': 5.826642967528037e-12, 'last__first': 5.826642967528037e-12}
0.0	466	(1, 1, 1, -1, 1, -1, -1, 1, -1)	4.391250374145027e-12	{'A__K': 2.9558577807620168e-12, 'K__A': 2.9558577807620168e-12, 'first__last': 5.826642967528037e-12, 'last__first': 5.826642967528037e-12}
0.0	467	(1, 1, 1, -1, 1, -1, -1, 1, 1)	4.391250374145027e-12	{'A__K': 2.9558577807620168e-12, 'K__A': 2.9558577807620168e-12, 'first__last': 5.826642967528037e-12, 'last__first': 5.826642967528037e-12}
0.0	468	(1, 1, 1, -1, 1, -1, 1, -1, -1)	4.391250374145027e-12	{'A__K': 2.9558577807620168e-12, 'K__A': 2.9558577807620168e-12, 'first__last': 5.826642967528037e-12, 'last__first': 5.826642967528037e-12}
0.0	469	(1, 1, 1, -1, 1, -1, 1, -1, 1)	4.391250374145027e-12	{'A__K': 2.9558577807620168e-12, 'K__A': 2.9558577807620168e-12, 'first__last': 5.826642967528037e-12, 'last__first': 5.826642967528037e-12}
0.0	470	(1, 1, 1, -1, 1, -1, 1, 1, -1)	4.391250374145027e-12	{'A__K': 2.9558577807620168e-12, 'K__A': 2.9558577807620168e-12, 'first__last': 5.826642967528037e-12, 'last__first': 5.826642967528037e-12}
0.0	471	(1, 1, 1, -1, 1, -1, 1, 1, 1)	4.391250374145027e-12	{'A__K': 2.9558577807620168e-12, 'K__A': 2.9558577807620168e-12, 'first__last': 5.826642967528037e-12, 'last__first': 5.826642967528037e-12}
0.0	472	(1, 1, 1, -1, 1, 1, -1, -1, -1)	4.391250374145027e-12	{'A__K': 2.9558577807620168e-12, 'K__A': 2.9558577807620168e-12, 'first__last': 5.826642967528037e-12, 'last__first': 5.826642967528037e-12}
0.0	473	(1, 1, 1, -1, 1, 1, -1, -1, 1)	4.391250374145027e-12	{'A__K': 2.9558577807620168e-12, 'K__A': 2.9558577807620168e-12, 'first__last': 5.826642967528037e-12, 'last__first': 5.826642967528037e-12}
0.0	474	(1, 1, 1, -1, 1, 1, -1, 1, -1)	4.391250374145027e-12	{'A__K': 2.9558577807620168e-12, 'K__A': 2.9558577807620168e-12, 'first__last': 5.826642967528037e-12, 'last__first': 5.826642967528037e-12}
0.0	475	(1, 1, 1, -1, 1, 1, -1, 1, 1)	4.391250374145027e-12	{'A__K': 2.9558577807620168e-12, 'K__A': 2.9558577807620168e-12, 'first__last': 5.826642967528037e-12, 'last__first': 5.826642967528037e-12}
0.0031415926535897933	474	(1, 1, 1, -1, 1, 1, -1, 1, -1)	5.539734052347569	{'A__K': 5.975647441627967, 'K__A': 5.975647441627967, 'first__last': 5.103820663067172, 'last__first': 5.103820663067172}
0.0031415926535897933	475	(1, 1, 1, -1, 1, 1, -1, 1, 1)	4.398517869633146	{'A__K': 3.693215076199121, 'K__A': 3.693215076199121, 'first__last': 5.103820663067172, 'last__first': 5.103820663067172}
0.006283185307179587	475	(1, 1, 1, -1, 1, 1, -1, 1, 1)	7.386738624757148	{'A__K': 7.386738624757148, 'K__A': 7.386738624757148}
1.460840583919254	464	(1, 1, 1, -1, 1, -1, -1, -1, -1)	6.44325330887564	{'F__K': 6.44325330887564, 'K__F': 6.44325330887564}
1.4639821765728436	464	(1, 1, 1, -1, 1, -1, -1, -1, -1)	1.6051646054152346	{'F__K': 1.6051646054152346, 'K__F': 1.6051646054152346}
1.4671237692264334	464	(1, 1, 1, -1, 1, -1, -1, -1, -1)	3.2194755338282204	{'F__K': 3.2194755338282204, 'K__F': 3.2194755338282204}
1.4702653618800232	464	(1, 1, 1, -1, 1, -1, -1, -1, -1)	8.030604477266904	{'F__K': 8.030604477266904, 'K__F': 8.030604477266904}
