0.0	104	(-1, -1, 1, 1, -1, 1, -1, -1, -1)	4.391250374145027e-12	{'A__K': 2.9558577807620168e-12, 'K__A': 2.9558577807620168e-12, 'first__last': 5.826642967528037e-12, 'last__first': 5.826642967528037e-12}
0.0	105	(-1, -1, 1, 1, -1, 1, -1, -1, 1)	4.391250374145027e-12	{'A__K': 2.9558577807620168e-12, 'K__A': 2.9558577807620168e-12, 'first__last': 5.826642967528037e-12, 'last__first': 5.826642967528037e-12}
0.0	106	(-1, -1, 1, 1, -1, 1, -1, 1, -1)	4.391250374145027e-12	{'A__K': 2.9558577807620168e-12, 'K__A': 2.9558577807620168e-12, 'first__last': 5.826642967528037e-12, 'last__first': 5.826642967528037e-12}
0.0	107	(-1, -1, 1, 1, -1, 1, -1, 1, 1)	4.391250374145027e-12	{'A__K': 2.9558577807620168e-12, 'K__A': 2.9558577807620168e-12, 'first__last': 5.826642967528037e-12, 'last__first': 5.826642967528037e-12}
0.0	108	(-1, -1, 1, 1, -1, 1, 1, -1, -1)	4.391250374145027e-12	{'A__K': 2.9558577807620168e-12, 'K__A': 2.9558577807620168e-12, 'first__last': 5.826642967528037e-12, 'last__first': 5.826642967528037e-12}
0.0	109	(-1, -1, 1, 1, -1, 1, 1, -1, 1)	4.391250374145027e-12	{'A__K': 2.9558577807620168e-12, 'K__A': 2.9558577807620168e-12, 'first__last': 5.826642967528037e-12, 'last__first': 5.826642967528037e-12}
0.0	110	(-1, -1, 1, 1, -1, 1, 1, 1, -1)	4.391250374145027e-12	{'A__K': 2.9558577807620168e-12, 'K__A': 2.9558577807620168e-12, 'first__last': 5.826642967528037e-12, 'last__first': 5.826642967528037e-12}
0.0	111	(-1, -1, 1, 1, -1, 1, 1, 1, 1)	4.391250374145027e-12	{'A__K': 2.9558577807620168e-12, 'K__A': 2.9558577807620168e-12, 'first__last': 5.826642967528037e-12, 'last__first': 5.826642967528037e-12}
0.0	112	(-1, -1, 1, 1, 1, -1, -1, -1, -1)	4.391250374145027e-12	{'A__K': 2.9558577807620168e-12, 'K__A': 2.9558577807620168e-12, 'first__last': 5.826642967528037e-12, 'last__first': 5.826642967528037e-12}
0.0	113	(-1, -1, 1, 1, 1, -1, -1, -1, 1)	4.391250374145027e-12	{'A__K': 2.9558577807620168e-12, 'K__A': 2.9558577807620168e-12, 'first__last': 5.826642967528037e-12, 'last__first': 5.826642967528037e-12}
0.0	114	(-1, -1, 1, 1, 1, -1, -1, 1, -1)	4.391250374145027e-12	{'A__K': 2.9558577807620168e-12, 'K__A': 2.9558577807620168e-12, 'first__last': 5.826642967528037e-12, 'last__first': 5.826642967528037e-12}
0.0	115	(-1, -1, 1, 1, 1, -1, -1, 1, 1)	4.391250374145027e-12	{'A__K': 2.9558577807620168e-12, 'K__A': 2.9558577807620168e-12, 'first__last': 5.826642967528037e-12, 'last__first': 5.826642967528037e-12}
0.0	116	(-1, -1, 1, 1, 1, -1, 1, -1, -1)	4.391250374145027e-12	{'A__K': 2.9558577807620168e-12, 'K__A': 2.9558577807620168e-12, 'first__last': 5.826642967528037e-12, 'last__first': 5.826642967528037e-12}
0.0031415926535897933	104	(-1, -1, 1, 1, -1, 1, -1, -1, -1)	4.398488127364126	{'A__K': 3.6931604018217192, 'K__A': 3.6931604018217192, 'first__last': 5.103815852906533, 'last__first': 5.103815852906533}
0.0031415926535897933	105	(-1, -1, 1, 1, -1, 1, -1, -1, 1)	5.539735538738661	{'A__K': 5.97565522457079, 'K__A': 5.97565522457079, 'first__last': 5.103815852906533, 'last__first': 5.103815852906533}
0.0031415926535897933	108	(-1, -1, 1, 1, -1, 1, 1, -1, -1)	4.398595891450578	{'A__K': 3.6933148021306974, 'K__A': 3.6933148021306974, 'first__last': 5.103876980770458, 'last__first': 5.103876980770458}
0.0031415926535897933	109	(-1, -1, 1, 1, -1, 1, 1, -1, 1)	5.53978632176988	{'A__K': 5.9756956627693025, 'K__A': 5.9756956627693025, 'first__last': 5.103876980770458, 'last__first': 5.103876980770458}
0.0031415926535897933	112	(-1, -1, 1, 1, 1, -1, -1, -1, -1)	8.258108473472612	{'first__last': 8.258108473472612, 'last__first': 8.258108473472612}
0.0031415926535897933	113	(-1, -1, 1, 1, 1, -1, -1, -1, 1)	8.258108473472612	{'first__last': 8.258108473472612, 'last__first': 8.258108473472612}
0.0031415926535897933	114	(-1, -1, 1, 1, 1, -1, -1, 1, -1)	4.565036163062715	{'A__K': 5.975675286710803, 'K__A': 5.975675286710803, 'first__last': 3.154397039414627, 'last__first': 3.154397039414627}
0.0031415926535897933	115	(-1, -1, 1, 1, 1, -1, -1, 1, 1)	3.4238457329753125	{'A__K': 3.6932944265359975, 'K__A': 3.6932944265359975, 'first__last': 3.154397039414627, 'last__first': 3.154397039414627}
0.0031415926535897933	116	(-1, -1, 1, 1, 1, -1, 1, -1, -1)	8.258127714136393	{'first__last': 8.258127714136393, 'last__first': 8.258127714136393}
0.006283185307179587	104	(-1, -1, 1, 1, -1, 1, -1, -1, -1)	7.386301246989376	{'A__K': 7.386301246989376, 'K__A': 7.386301246989376}
0.006283185307179587	108	(-1, -1, 1, 1, -1, 1, 1, -1, -1)	7.387536338089987	{'A__K': 7.387536338089987, 'K__A': 7.387536338089987}
0.006283185307179587	114	(-1, -1, 1, 1, 1, -1, -1, 1, -1)	6.309146223432498	{'first__last': 6.309146223432498, 'last__first': 6.309146223432498}
0.006283185307179587	115	(-1, -1, 1, 1, 1, -1, -1, 1, 1)	6.848259785707465	{'A__K': 7.3873733479824315, 'K__A': 7.3873733479824315, 'first__last': 6.309146223432498, 'last__first': 6.309146223432498}
0.00942477796076938	114	(-1, -1, 1, 1, 1, -1, -1, 1, -1)	9.46459957302874	{'first__last': 9.46459957302874, 'last__first': 9.46459957302874}
0.00942477796076938	115	(-1, -1, 1, 1, 1, -1, -1, 1, 1)	9.46459957302874	{'first__last': 9.46459957302874, 'last__first': 9.46459957302874}
1.460840583919254	111	(-1, -1, 1, 1, -1, 1, 1, 1, 1)	6.443253308873046	{'F__K': 6.443253308873046, 'K__F': 6.443253308873046}
1.460840583919254	112	(-1, -1, 1, 1, 1, -1, -1, -1, -1)	6.443253308875308	{'F__K': 6.443253308875308, 'K__F': 6.443253308875308}
1.4639821765728436	111	(-1, -1, 1, 1, -1, 1, 1, 1, 1)	1.605164605412248	{'F__K': 1.605164605412248, 'K__F': 1.605164605412248}
1.4639821765728436	112	(-1, -1, 1, 1, 1, -1, -1, -1, -1)	1.6051646054285458	{'F__K': 1.6051646054285458, 'K__F': 1.6051646054285458}
1.4671237692264334	111	(-1, -1, 1, 1, -1, 1, 1, 1, 1)	3.2194755338426053	{'F__K': 3.2194755338426053, 'K__F': 3.2194755338426053}
1.4671237692264334	112	(-1, -1, 1, 1, 1, -1, -1, -1, -1)	3.2194755338303573	{'F__K': 3.2194755338303573, 'K__F': 3.2194755338303573}
1.4702653618800232	111	(-1, -1, 1, 1, -1, 1, 1, 1, 1)	8.03060447730933	{'F__K': 8.03060447730933, 'K__F': 8.03060447730933}
1.4702653618800232	112	(-1, -1, 1, 1, 1, -1, -1, -1, -1)	8.030604477280482	{'F__K': 8.030604477280482, 'K__F': 8.030604477280482}
