0.0	440	(1, 1, -1, 1, 1, 1, -1, -1, -1)	4.391250374145027e-12	{'A__K': 2.9558577807620168e-12, 'K__A': 2.9558577807620168e-12, 'first__last': 5.826642967528037e-12, 'last__first': 5.826642967528037e-12}
0.0	441	(1, 1, -1, 1, 1, 1, -1, -1, 1)	4.391250374145027e-12	{'A__K': 2.9558577807620168e-12, 'K__A': 2.9558577807620168e-12, 'first__last': 5.826642967528037e-12, 'last__first': 5.826642967528037e-12}
0.0	442	(1, 1, -1, 1, 1, 1, -1, 1, -1)	4.391250374145027e-12	{'A__K': 2.9558577807620168e-12, 'K__A': 2.9558577807620168e-12, 'first__last': 5.826642967528037e-12, 'last__first': 5.826642967528037e-12}
0.0	443	(1, 1, -1, 1, 1, 1, -1, 1, 1)	4.391250374145027e-12	{'A__K': 2.9558577807620168e-12, 'K__A': 2.9558577807620168e-12, 'first__last': 5.826642967528037e-12, 'last__first': 5.826642967528037e-12}
0.0	444	(1, 1, -1, 1, 1, 1, 1, -1, -1)	4.391250374145027e-12	{'A__K': 2.9558577807620168e-12, 'K__A': 2.9558577807620168e-12, 'first__last': 5.826642967528037e-12, 'last__first': 5.826642967528037e-12}
0.0	445	(1, 1, -1, 1, 1, 1, 1, -1, 1)	4.391250374145027e-12	{'A__K': 2.9558577807620168e-12, 'K__A': 2.9558577807620168e-12, 'first__last': 5.826642967528037e-12, 'last__first': 5.826642967528037e-12}
0.0	446	(1, 1, -1, 1, 1, 1, 1, 1, -1)	4.391250374145027e-12	{'A__K': 2.9558577807620168e-12, 'K__A': 2.9558577807620168e-12, 'first__last': 5.826642967528037e-12, 'last__first': 5.826642967528037e-12}
0.0	447	(1, 1, -1, 1, 1, 1, 1, 1, 1)	4.391250374145027e-12	{'A__K': 2.9558577807620168e-12, 'K__A': 2.9558577807620168e-12, 'first__last': 5.826642967528037e-12, 'last__first': 5.826642967528037e-12}
0.0	448	(1, 1, 1, -1, -1, -1, -1, -1, -1)	4.391250374145027e-12	{'A__K': 2.9558577807620168e-12, 'K__A': 2.9558577807620168e-12, 'first__last': 5.826642967528037e-12, 'last__first': 5.826642967528037e-12}
0.0	449	(1, 1, 1, -1, -1, -1, -1, -1, 1)	4.391250374145027e-12	{'A__K': 2.9558577807620168e-12, 'K__A': 2.9558577807620168e-12, 'first__last': 5.826642967528037e-12, 'last__first': 5.826642967528037e-12}
0.0	450	(1, 1, 1, -1, -1, -1, -1, 1, -1)	4.391250374145027e-12	{'A__K': 2.9558577807620168e-12, 'K__A': 2.9558577807620168e-12, 'first__last': 5.826642967528037e-12, 'last__first': 5.826642967528037e-12}
0.0	451	(1, 1, 1, -1, -1, -1, -1, 1, 1)	4.391250374145027e-12	{'A__K': 2.9558577807620168e-12, 'K__A': 2.9558577807620168e-12, 'first__last': 5.826642967528037e-12, 'last__first': 5.826642967528037e-12}
0.0031415926535897933	440	(1, 1, -1, 1, 1, 1, -1, -1, -1)	1.583888375046738	{'A__K': 0.013458241504395441, 'K__A': 0.013458241504395441, 'first__last': 3.1543185085890806, 'last__first': 3.1543185085890806}
0.0031415926535897933	441	(1, 1, -1, 1, 1, 1, -1, -1, 1)	2.7183984718633605	{'A__K': 2.28247843513764, 'K__A': 2.28247843513764, 'first__last': 3.1543185085890806, 'last__first': 3.1543185085890806}
0.0031415926535897933	442	(1, 1, -1, 1, 1, 1, -1, 1, -1)	7.822210218533218	{'A__K': 7.386292723090389, 'K__A': 7.386292723090389, 'first__last': 8.258127713976046, 'last__first': 8.258127713976046}
0.0031415926535897933	443	(1, 1, -1, 1, 1, 1, -1, 1, 1)	8.963456358157405	{'A__K': 9.668785002338762, 'K__A': 9.668785002338762, 'first__last': 8.258127713976046, 'last__first': 8.258127713976046}
0.0031415926535897933	444	(1, 1, -1, 1, 1, 1, 1, -1, -1)	1.596137633745671	{'A__K': 0.03782191231055237, 'K__A': 0.03782191231055237, 'first__last': 3.1544533551807894, 'last__first': 3.1544533551807894}
0.0031415926535897933	445	(1, 1, -1, 1, 1, 1, 1, -1, 1)	2.7185307563297636	{'A__K': 2.2826081574787374, 'K__A': 2.2826081574787374, 'first__last': 3.1544533551807894, 'last__first': 3.1544533551807894}
0.0031415926535897933	446	(1, 1, -1, 1, 1, 1, 1, 1, -1)	7.8221703364997435	{'A__K': 7.386253711220929, 'K__A': 7.386253711220929, 'first__last': 8.258086961778558, 'last__first': 8.258086961778558}
0.0031415926535897933	447	(1, 1, -1, 1, 1, 1, 1, 1, 1)	8.963411049784526	{'A__K': 9.668735137790495, 'K__A': 9.668735137790495, 'first__last': 8.258086961778558, 'last__first': 8.258086961778558}
0.0031415926535897933	450	(1, 1, 1, -1, -1, -1, -1, 1, -1)	8.25824573644745	{'A__K': 8.258241504506566, 'K__A': 8.258241504506566, 'first__last': 8.258249968388332, 'last__first': 8.258249968388332}
0.0031415926535897933	451	(1, 1, 1, -1, -1, -1, -1, 1, 1)	7.117157363227639	{'A__K': 5.976064758066946, 'K__A': 5.976064758066946, 'first__last': 8.258249968388332, 'last__first': 8.258249968388332}
0.006283185307179587	440	(1, 1, -1, 1, 1, 1, -1, -1, -1)	3.1811753757144547	{'A__K': 0.05383274706149216, 'K__A': 0.05383274706149216, 'first__last': 6.308518004367417, 'last__first': 6.308518004367417}
0.006283185307179587	441	(1, 1, -1, 1, 1, 1, -1, -1, 1)	5.436670738932424	{'A__K': 4.56482347349743, 'K__A': 4.56482347349743, 'first__last': 6.308518004367417, 'last__first': 6.308518004367417}
0.006283185307179587	444	(1, 1, -1, 1, 1, 1, 1, -1, -1)	3.230440590257255	{'A__K': 0.15128449526977636, 'K__A': 0.15128449526977636, 'first__last': 6.309596685244733, 'last__first': 6.309596685244733}
0.006283185307179587	445	(1, 1, -1, 1, 1, 1, 1, -1, 1)	5.437728920061078	{'A__K': 4.565861154877422, 'K__A': 4.565861154877422, 'first__last': 6.309596685244733, 'last__first': 6.309596685244733}
0.00942477796076938	440	(1, 1, -1, 1, 1, 1, -1, -1, -1)	4.791801174176562	{'A__K': 0.12112285978426168, 'K__A': 0.12112285978426168, 'first__last': 9.462479488568862, 'last__first': 9.462479488568862}
0.00942477796076938	441	(1, 1, -1, 1, 1, 1, -1, -1, 1)	8.154690611960696	{'A__K': 6.84690173535253, 'K__A': 6.84690173535253, 'first__last': 9.462479488568862, 'last__first': 9.462479488568862}
0.00942477796076938	444	(1, 1, -1, 1, 1, 1, 1, -1, -1)	4.903248903629636	{'A__K': 0.3403782872700854, 'K__A': 0.3403782872700854, 'first__last': 9.466119519989185, 'last__first': 9.466119519989185}
0.00942477796076938	445	(1, 1, -1, 1, 1, 1, 1, -1, 1)	8.15826144130774	{'A__K': 6.850403362626294, 'K__A': 6.850403362626294, 'first__last': 9.466119519989185, 'last__first': 9.466119519989185}
0.012566370614359173	440	(1, 1, -1, 1, 1, 1, -1, -1, -1)	0.2153274847542598	{'A__K': 0.2153274847542598, 'K__A': 0.2153274847542598}
0.012566370614359173	441	(1, 1, -1, 1, 1, 1, -1, -1, 1)	9.128579875081991	{'A__K': 9.128579875081991, 'K__A': 9.128579875081991}
0.012566370614359173	444	(1, 1, -1, 1, 1, 1, 1, -1, -1)	0.6050875200018191	{'A__K': 0.6050875200018191, 'K__A': 0.6050875200018191}
0.012566370614359173	445	(1, 1, -1, 1, 1, 1, 1, -1, 1)	9.136878213141024	{'A__K': 9.136878213141024, 'K__A': 9.136878213141024}
0.015707963267948967	440	(1, 1, -1, 1, 1, 1, -1, -1, -1)	0.3364450888539664	{'A__K': 0.3364450888539664, 'K__A': 0.3364450888539664}
0.015707963267948967	444	(1, 1, -1, 1, 1, 1, 1, -1, -1)	0.9453901200220638	{'A__K': 0.9453901200220638, 'K__A': 0.9453901200220638}
0.01884955592153876	440	(1, 1, -1, 1, 1, 1, -1, -1, -1)	0.4844737005307576	{'A__K': 0.4844737005307576, 'K__A': 0.4844737005307576}
0.01884955592153876	444	(1, 1, -1, 1, 1, 1, 1, -1, -1)	1.3612577109340622	{'A__K': 1.3612577109340622, 'K__A': 1.3612577109340622}
0.021991148575128554	440	(1, 1, -1, 1, 1, 1, -1, -1, -1)	0.6594109095030044	{'A__K': 0.6594109095030044, 'K__A': 0.6594109095030044}
0.021991148575128554	444	(1, 1, -1, 1, 1, 1, 1, -1, -1)	1.8526556161964438	{'A__K': 1.8526556161964438, 'K__A': 1.8526556161964438}
0.025132741228718346	440	(1, 1, -1, 1, 1, 1, -1, -1, -1)	0.861253866410738	{'A__K': 0.861253866410738, 'K__A': 0.861253866410738}
0.025132741228718346	444	(1, 1, -1, 1, 1, 1, 1, -1, -1)	2.4195428625480613	{'A__K': 2.4195428625480613, 'K__A': 2.4195428625480613}
0.02827433388230814	440	(1, 1, -1, 1, 1, 1, -1, -1, -1)	1.0899992823449713	{'A__K': 1.0899992823449713, 'K__A': 1.0899992823449713}
0.02827433388230814	444	(1, 1, -1, 1, 1, 1, 1, -1, -1)	3.0618721840832213	{'A__K': 3.0618721840832213, 'K__A': 3.0618721840832213}
0.031415926535897934	440	(1, 1, -1, 1, 1, 1, -1, -1, -1)	1.345643428409948	{'A__K': 1.345643428409948, 'K__A': 1.345643428409948}
0.031415926535897934	444	(1, 1, -1, 1, 1, 1, 1, -1, -1)	3.7795900269048777	{'A__K': 3.7795900269048777, 'K__A': 3.7795900269048777}
0.034557519189487726	440	(1, 1, -1, 1, 1, 1, -1, -1, -1)	1.6281821351213772	{'A__K': 1.6281821351213772, 'K__A': 1.6281821351213772}
0.034557519189487726	444	(1, 1, -1, 1, 1, 1, 1, -1, -1)	4.572636554431415	{'A__K': 4.572636554431415, 'K__A': 4.572636554431415}
0.03769911184307752	440	(1, 1, -1, 1, 1, 1, -1, -1, -1)	1.9376107170563803	{'A__K': 1.9376107170563803, 'K__A': 1.9376107170563803}
0.03769911184307752	444	(1, 1, -1, 1, 1, 1, 1, -1, -1)	5.4409453049544565	{'A__K': 5.4409453049544565, 'K__A': 5.4409453049544565}
0.04084070449666731	440	(1, 1, -1, 1, 1, 1, -1, -1, -1)	2.273924225051612	{'A__K': 2.273924225051612, 'K__A': 2.273924225051612}
0.04084070449666731	444	(1, 1, -1, 1, 1, 1, 1, -1, -1)	6.384444377053467	{'A__K': 6.384444377053467, 'K__A': 6.384444377053467}
0.04398229715025711	440	(1, 1, -1, 1, 1, 1, -1, -1, -1)	2.6371171136548104	{'A__K': 2.6371171136548104, 'K__A': 2.6371171136548104}
0.04398229715025711	444	(1, 1, -1, 1, 1, 1, 1, -1, -1)	7.40305488996862	{'A__K': 7.40305488996862, 'K__A': 7.40305488996862}
0.0471238898038469	440	(1, 1, -1, 1, 1, 1, -1, -1, -1)	3.027183436736818	{'A__K': 3.027183436736818, 'K__A': 3.027183436736818}
0.0471238898038469	444	(1, 1, -1, 1, 1, 1, 1, -1, -1)	8.496691907355546	{'A__K': 8.496691907355546, 'K__A': 8.496691907355546}
0.05026548245743669	440	(1, 1, -1, 1, 1, 1, -1, -1, -1)	3.44411680208405	{'A__K': 3.44411680208405, 'K__A': 3.44411680208405}
0.05026548245743669	444	(1, 1, -1, 1, 1, 1, 1, -1, -1)	9.66526423778155	{'A__K': 9.66526423778155, 'K__A': 9.66526423778155}
0.053407075111026485	440	(1, 1, -1, 1, 1, 1, -1, -1, -1)	3.8879103701287177	{'A__K': 3.8879103701287177, 'K__A': 3.8879103701287177}
0.05654866776461628	440	(1, 1, -1, 1, 1, 1, -1, -1, -1)	4.358556852660083	{'A__K': 4.358556852660083, 'K__A': 4.358556852660083}
0.059690260418206076	440	(1, 1, -1, 1, 1, 1, -1, -1, -1)	4.856048511517056	{'A__K': 4.856048511517056, 'K__A': 4.856048511517056}
0.06283185307179587	440	(1, 1, -1, 1, 1, 1, -1, -1, -1)	5.380377157020224	{'A__K': 5.380377157020224, 'K__A': 5.380377157020224}
0.06597344572538566	440	(1, 1, -1, 1, 1, 1, -1, -1, -1)	5.931534146552295	{'A__K': 5.931534146552295, 'K__A': 5.931534146552295}
0.06911503837897545	440	(1, 1, -1, 1, 1, 1, -1, -1, -1)	6.509510382835634	{'A__K': 6.509510382835634, 'K__A': 6.509510382835634}
0.07225663103256524	440	(1, 1, -1, 1, 1, 1, -1, -1, -1)	7.114296312304811	{'A__K': 7.114296312304811, 'K__A': 7.114296312304811}
0.07539822368615504	440	(1, 1, -1, 1, 1, 1, -1, -1, -1)	7.7458819232967455	{'A__K': 7.7458819232967455, 'K__A': 7.7458819232967455}
0.07853981633974483	440	(1, 1, -1, 1, 1, 1, -1, -1, -1)	8.404256744208887	{'A__K': 8.404256744208887, 'K__A': 8.404256744208887}
0.08168140899333462	440	(1, 1, -1, 1, 1, 1, -1, -1, -1)	9.089409841521354	{'A__K': 9.089409841521354, 'K__A': 9.089409841521354}
0.08482300164692443	440	(1, 1, -1, 1, 1, 1, -1, -1, -1)	9.80132981784593	{'A__K': 9.80132981784593, 'K__A': 9.80132981784593}
0.8356636458548851	447	(1, 1, -1, 1, 1, 1, 1, 1, 1)	9.173600719304966	{'D__K': 9.173600719304966, 'K__D': 9.173600719304966}
0.8356636458548851	448	(1, 1, 1, -1, -1, -1, -1, -1, -1)	9.173600719285826	{'D__K': 9.173600719285826, 'K__D': 9.173600719285826}
0.8388052385084748	447	(1, 1, -1, 1, 1, 1, 1, 1, 1)	0.8313063440912615	{'D__K': 0.8313063440912615, 'K__D': 0.8313063440912615}
0.8388052385084748	448	(1, 1, 1, -1, -1, -1, -1, -1, -1)	0.8313063441193939	{'D__K': 0.8313063441193939, 'K__D': 0.8313063441193939}
0.8419468311620646	447	(1, 1, -1, 1, 1, 1, 1, 1, 1)	7.4945047015312305	{'D__K': 7.4945047015312305, 'K__D': 7.4945047015312305}
0.8419468311620646	448	(1, 1, 1, -1, -1, -1, -1, -1, -1)	7.494504701538342	{'D__K': 7.494504701538342, 'K__D': 7.494504701538342}
1.1026990214100174	446	(1, 1, -1, 1, 1, 1, 1, 1, -1)	8.576731247862233	{'D__J': 9.54408089491687, 'J__D': 9.54408089491687, 'D_E__last': 7.609381600807596, 'last__D_E': 7.609381600807596}
1.1026990214100174	447	(1, 1, -1, 1, 1, 1, 1, 1, 1)	9.544080894908664	{'D__J': 9.54408089491687, 'E__K': 9.544080894908664, 'J__D': 9.54408089491687, 'K__E': 9.544080894908664, 'D_E__last': 7.609381600807596, 'last__D_E': 7.609381600807596}
1.1026990214100174	448	(1, 1, 1, -1, -1, -1, -1, -1, -1)	9.544080894874048	{'D__J': 9.544080894893694, 'E__K': 9.544080894874048, 'J__D': 9.544080894893694, 'K__E': 9.544080894874048, 'D_E__last': 7.609381600785978, 'last__D_E': 7.609381600785978}
1.1026990214100174	449	(1, 1, 1, -1, -1, -1, -1, -1, 1)	8.576731247839836	{'D__J': 9.544080894893694, 'J__D': 9.544080894893694, 'D_E__last': 7.609381600785978, 'last__D_E': 7.609381600785978}
1.1058406140636072	446	(1, 1, -1, 1, 1, 1, 1, 1, -1)	2.5186616439666905	{'D__J': 2.8020862030927987, 'J__D': 2.8020862030927987, 'D_E__last': 2.235237084840582, 'last__D_E': 2.235237084840582}
1.1058406140636072	447	(1, 1, -1, 1, 1, 1, 1, 1, 1)	2.802086203079489	{'D__J': 2.8020862030927987, 'E__K': 2.802086203079489, 'J__D': 2.8020862030927987, 'K__E': 2.802086203079489, 'D_E__last': 2.235237084840582, 'last__D_E': 2.235237084840582}
1.1058406140636072	448	(1, 1, 1, -1, -1, -1, -1, -1, -1)	2.8020862031197016	{'D__J': 2.8020862031197016, 'E__K': 2.802086203140427, 'J__D': 2.8020862031197016, 'K__E': 2.802086203140427, 'D_E__last': 2.2352370848729777, 'last__D_E': 2.2352370848729777}
1.1058406140636072	449	(1, 1, 1, -1, -1, -1, -1, -1, 1)	2.5186616439963396	{'D__J': 2.8020862031197016, 'J__D': 2.8020862031197016, 'D_E__last': 2.2352370848729777, 'last__D_E': 2.2352370848729777}
1.108982206717197	446	(1, 1, -1, 1, 1, 1, 1, 1, -1)	3.5264523036113973	{'D__J': 3.922371612757131, 'J__D': 3.922371612757131, 'D_E__last': 3.130532994465664, 'last__D_E': 3.130532994465664}
1.108982206717197	447	(1, 1, -1, 1, 1, 1, 1, 1, 1)	3.922371612757131	{'D__J': 3.922371612757131, 'E__K': 3.922371612770149, 'J__D': 3.922371612757131, 'K__E': 3.922371612770149, 'D_E__last': 3.130532994465664, 'last__D_E': 3.130532994465664}
1.108982206717197	448	(1, 1, 1, -1, -1, -1, -1, -1, -1)	3.9223716127599397	{'D__J': 3.9223716127599397, 'E__K': 3.922371612790612, 'J__D': 3.9223716127599397, 'K__E': 3.922371612790612, 'D_E__last': 3.130532994479801, 'last__D_E': 3.130532994479801}
1.108982206717197	449	(1, 1, 1, -1, -1, -1, -1, -1, 1)	3.5264523036198705	{'D__J': 3.9223716127599397, 'J__D': 3.9223716127599397, 'D_E__last': 3.130532994479801, 'last__D_E': 3.130532994479801}
1.1121237993707869	446	(1, 1, -1, 1, 1, 1, 1, 1, -1)	8.487796263302496	{'D_E__last': 8.487796263302496, 'last__D_E': 8.487796263302496}
1.1121237993707869	447	(1, 1, -1, 1, 1, 1, 1, 1, 1)	8.487796263302496	{'D_E__last': 8.487796263302496, 'last__D_E': 8.487796263302496}
1.1121237993707869	448	(1, 1, 1, -1, -1, -1, -1, -1, -1)	8.487796263326281	{'D_E__last': 8.487796263326281, 'last__D_E': 8.487796263326281}
1.1121237993707869	449	(1, 1, 1, -1, -1, -1, -1, -1, 1)	8.487796263326281	{'D_E__last': 8.487796263326281, 'last__D_E': 8.487796263326281}
1.460840583919254	444	(1, 1, -1, 1, 1, 1, 1, -1, -1)	6.443253308934395	{'D__I': 6.443253308934395, 'I__D': 6.443253308934395}
1.460840583919254	445	(1, 1, -1, 1, 1, 1, 1, -1, 1)	6.443253308934395	{'D__I': 6.443253308934395, 'I__D': 6.443253308934395}
1.460840583919254	446	(1, 1, -1, 1, 1, 1, 1, 1, -1)	6.443253308921072	{'D__I': 6.443253308934395, 'E__J': 6.443253308907749, 'I__D': 6.443253308934395, 'J__E': 6.443253308907749}
1.460840583919254	447	(1, 1, -1, 1, 1, 1, 1, 1, 1)	6.443253308907749	{'D__I': 6.443253308934395, 'E__J': 6.443253308907749, 'F__K': 6.443253308903968, 'I__D': 6.443253308934395, 'J__E': 6.443253308907749, 'K__F': 6.443253308903968}
1.460840583919254	448	(1, 1, 1, -1, -1, -1, -1, -1, -1)	6.443253308908728	{'D__I': 6.443253308939637, 'E__J': 6.443253308908728, 'F__K': 6.443253308891142, 'I__D': 6.443253308939637, 'J__E': 6.443253308908728, 'K__F': 6.443253308891142}
1.460840583919254	449	(1, 1, 1, -1, -1, -1, -1, -1, 1)	6.443253308924183	{'D__I': 6.443253308939637, 'E__J': 6.443253308908728, 'I__D': 6.443253308939637, 'J__E': 6.443253308908728}
1.460840583919254	450	(1, 1, 1, -1, -1, -1, -1, 1, -1)	6.443253308939637	{'D__I': 6.443253308939637, 'I__D': 6.443253308939637}
1.460840583919254	451	(1, 1, 1, -1, -1, -1, -1, 1, 1)	6.443253308939637	{'D__I': 6.443253308939637, 'I__D': 6.443253308939637}
1.4639821765728436	444	(1, 1, -1, 1, 1, 1, 1, -1, -1)	1.605164605394422	{'D__I': 1.605164605394422, 'I__D': 1.605164605394422}
1.4639821765728436	445	(1, 1, -1, 1, 1, 1, 1, -1, 1)	1.605164605394422	{'D__I': 1.605164605394422, 'I__D': 1.605164605394422}
1.4639821765728436	446	(1, 1, -1, 1, 1, 1, 1, 1, -1)	1.6051646054022082	{'D__I': 1.605164605394422, 'E__J': 1.6051646054099944, 'I__D': 1.605164605394422, 'J__E': 1.6051646054099944}
1.4639821765728436	447	(1, 1, -1, 1, 1, 1, 1, 1, 1)	1.6051646054099944	{'D__I': 1.605164605394422, 'E__J': 1.6051646054099944, 'F__K': 1.6051646054141702, 'I__D': 1.605164605394422, 'J__E': 1.6051646054099944, 'K__F': 1.6051646054141702}
1.4639821765728436	448	(1, 1, 1, -1, -1, -1, -1, -1, -1)	1.605164605381728	{'D__I': 1.605164605381728, 'E__J': 1.6051646053733335, 'F__K': 1.6051646053984694, 'I__D': 1.605164605381728, 'J__E': 1.6051646053733335, 'K__F': 1.6051646053984694}
1.4639821765728436	449	(1, 1, 1, -1, -1, -1, -1, -1, 1)	1.6051646053775306	{'D__I': 1.605164605381728, 'E__J': 1.6051646053733335, 'I__D': 1.605164605381728, 'J__E': 1.6051646053733335}
1.4639821765728436	450	(1, 1, 1, -1, -1, -1, -1, 1, -1)	1.605164605381728	{'D__I': 1.605164605381728, 'I__D': 1.605164605381728}
1.4639821765728436	451	(1, 1, 1, -1, -1, -1, -1, 1, 1)	1.605164605381728	{'D__I': 1.605164605381728, 'I__D': 1.605164605381728}
1.4671237692264334	444	(1, 1, -1, 1, 1, 1, 1, -1, -1)	3.21947553381409	{'D__I': 3.21947553381409, 'I__D': 3.21947553381409}
1.4671237692264334	445	(1, 1, -1, 1, 1, 1, 1, -1, 1)	3.21947553381409	{'D__I': 3.21947553381409, 'I__D': 3.21947553381409}
1.4671237692264334	446	(1, 1, -1, 1, 1, 1, 1, 1, -1)	3.2194755338182675	{'D__I': 3.21947553381409, 'E__J': 3.219475533822445, 'I__D': 3.21947553381409, 'J__E': 3.219475533822445}
1.4671237692264334	447	(1, 1, -1, 1, 1, 1, 1, 1, 1)	3.21947553381409	{'D__I': 3.21947553381409, 'E__J': 3.219475533822445, 'F__K': 3.2194755338131014, 'I__D': 3.21947553381409, 'J__E': 3.219475533822445, 'K__F': 3.2194755338131014}
1.4671237692264334	448	(1, 1, 1, -1, -1, -1, -1, -1, -1)	3.2194755338307304	{'D__I': 3.2194755338315018, 'E__J': 3.2194755338307304, 'F__K': 3.2194755338024463, 'I__D': 3.2194755338315018, 'J__E': 3.2194755338307304, 'K__F': 3.2194755338024463}
1.4671237692264334	449	(1, 1, 1, -1, -1, -1, -1, -1, 1)	3.2194755338311163	{'D__I': 3.2194755338315018, 'E__J': 3.2194755338307304, 'I__D': 3.2194755338315018, 'J__E': 3.2194755338307304}
1.4671237692264334	450	(1, 1, 1, -1, -1, -1, -1, 1, -1)	3.2194755338315018	{'D__I': 3.2194755338315018, 'I__D': 3.2194755338315018}
1.4671237692264334	451	(1, 1, 1, -1, -1, -1, -1, 1, 1)	3.2194755338315018	{'D__I': 3.2194755338315018, 'I__D': 3.2194755338315018}
1.4702653618800232	444	(1, 1, -1, 1, 1, 1, 1, -1, -1)	8.030604477221825	{'D__I': 8.030604477221825, 'I__D': 8.030604477221825}
1.4702653618800232	445	(1, 1, -1, 1, 1, 1, 1, -1, 1)	8.030604477221825	{'D__I': 8.030604477221825, 'I__D': 8.030604477221825}
1.4702653618800232	446	(1, 1, -1, 1, 1, 1, 1, 1, -1)	8.030604477238786	{'D__I': 8.030604477221825, 'E__J': 8.030604477255745, 'I__D': 8.030604477221825, 'J__E': 8.030604477255745}
1.4702653618800232	447	(1, 1, -1, 1, 1, 1, 1, 1, 1)	8.030604477255745	{'D__I': 8.030604477221825, 'E__J': 8.030604477255745, 'F__K': 8.030604477283195, 'I__D': 8.030604477221825, 'J__E': 8.030604477255745, 'K__F': 8.030604477283195}
1.4702653618800232	448	(1, 1, 1, -1, -1, -1, -1, -1, -1)	8.030604477251652	{'D__I': 8.030604477217429, 'E__J': 8.030604477251652, 'F__K': 8.030604477273927, 'I__D': 8.030604477217429, 'J__E': 8.030604477251652, 'K__F': 8.030604477273927}
1.4702653618800232	449	(1, 1, 1, -1, -1, -1, -1, -1, 1)	8.03060447723454	{'D__I': 8.030604477217429, 'E__J': 8.030604477251652, 'I__D': 8.030604477217429, 'J__E': 8.030604477251652}
1.4702653618800232	450	(1, 1, 1, -1, -1, -1, -1, 1, -1)	8.030604477217429	{'D__I': 8.030604477217429, 'I__D': 8.030604477217429}
1.4702653618800232	451	(1, 1, 1, -1, -1, -1, -1, 1, 1)	8.030604477217429	{'D__I': 8.030604477217429, 'I__D': 8.030604477217429}
