0.0	364	(1, -1, 1, 1, -1, 1, 1, -1, -1)	4.391250374145027e-12	{'A__K': 2.9558577807620168e-12, 'K__A': 2.9558577807620168e-12, 'first__last': 5.826642967528037e-12, 'last__first': 5.826642967528037e-12}
0.0	365	(1, -1, 1, 1, -1, 1, 1, -1, 1)	4.391250374145027e-12	{'A__K': 2.9558577807620168e-12, 'K__A': 2.9558577807620168e-12, 'first__last': 5.826642967528037e-12, 'last__first': 5.826642967528037e-12}
0.0	366	(1, -1, 1, 1, -1, 1, 1, 1, -1)	4.391250374145027e-12	{'A__K': 2.9558577807620168e-12, 'K__A': 2.9558577807620168e-12, 'first__last': 5.826642967528037e-12, 'last__first': 5.826642967528037e-12}
0.0	367	(1, -1, 1, 1, -1, 1, 1, 1, 1)	4.391250374145027e-12	{'A__K': 2.9558577807620168e-12, 'K__A': 2.9558577807620168e-12, 'first__last': 5.826642967528037e-12, 'last__first': 5.826642967528037e-12}
0.0	368	(1, -1, 1, 1, 1, -1, -1, -1, -1)	4.391250374145027e-12	{'A__K': 2.9558577807620168e-12, 'K__A': 2.9558577807620168e-12, 'first__last': 5.826642967528037e-12, 'last__first': 5.826642967528037e-12}
0.0	369	(1, -1, 1, 1, 1, -1, -1, -1, 1)	4.391250374145027e-12	{'A__K': 2.9558577807620168e-12, 'K__A': 2.9558577807620168e-12, 'first__last': 5.826642967528037e-12, 'last__first': 5.826642967528037e-12}
0.0	370	(1, -1, 1, 1, 1, -1, -1, 1, -1)	4.391250374145027e-12	{'A__K': 2.9558577807620168e-12, 'K__A': 2.9558577807620168e-12, 'first__last': 5.826642967528037e-12, 'last__first': 5.826642967528037e-12}
0.0	371	(1, -1, 1, 1, 1, -1, -1, 1, 1)	4.391250374145027e-12	{'A__K': 2.9558577807620168e-12, 'K__A': 2.9558577807620168e-12, 'first__last': 5.826642967528037e-12, 'last__first': 5.826642967528037e-12}
0.0	372	(1, -1, 1, 1, 1, -1, 1, -1, -1)	4.391250374145027e-12	{'A__K': 2.9558577807620168e-12, 'K__A': 2.9558577807620168e-12, 'first__last': 5.826642967528037e-12, 'last__first': 5.826642967528037e-12}
0.0	373	(1, -1, 1, 1, 1, -1, 1, -1, 1)	4.391250374145027e-12	{'A__K': 2.9558577807620168e-12, 'K__A': 2.9558577807620168e-12, 'first__last': 5.826642967528037e-12, 'last__first': 5.826642967528037e-12}
0.0	374	(1, -1, 1, 1, 1, -1, 1, 1, -1)	4.391250374145027e-12	{'A__K': 2.9558577807620168e-12, 'K__A': 2.9558577807620168e-12, 'first__last': 5.826642967528037e-12, 'last__first': 5.826642967528037e-12}
0.0	375	(1, -1, 1, 1, 1, -1, 1, 1, 1)	4.391250374145027e-12	{'A__K': 2.9558577807620168e-12, 'K__A': 2.9558577807620168e-12, 'first__last': 5.826642967528037e-12, 'last__first': 5.826642967528037e-12}
0.0	376	(1, -1, 1, 1, 1, 1, -1, -1, -1)	4.391250374145027e-12	{'A__K': 2.9558577807620168e-12, 'K__A': 2.9558577807620168e-12, 'first__last': 5.826642967528037e-12, 'last__first': 5.826642967528037e-12}
0.0031415926535897933	364	(1, -1, 1, 1, -1, 1, 1, -1, -1)	0.017670105941998276	{'A__K': 0.02296697027546709, 'K__A': 0.02296697027546709, 'first__last': 0.012373241608529467, 'last__first': 0.012373241608529467}
0.0031415926535897933	365	(1, -1, 1, 1, -1, 1, 1, -1, 1)	1.1474616232633226	{'A__K': 2.2825500049181158, 'K__A': 2.2825500049181158, 'first__last': 0.012373241608529467, 'last__first': 0.012373241608529467}
0.0031415926535897933	366	(1, -1, 1, 1, -1, 1, 1, 1, -1)	6.245062373400875	{'A__K': 7.386304083723656, 'K__A': 7.386304083723656, 'first__last': 5.103820663078094, 'last__first': 5.103820663078094}
0.0031415926535897933	367	(1, -1, 1, 1, -1, 1, 1, 1, 1)	7.3863040052662186	{'A__K': 9.668787347454343, 'K__A': 9.668787347454343, 'first__last': 5.103820663078094, 'last__first': 5.103820663078094}
0.0031415926535897933	370	(1, -1, 1, 1, 1, -1, -1, 1, -1)	8.963491672207866	{'A__K': 9.668814878620468, 'K__A': 9.668814878620468, 'first__last': 8.258168465795265, 'last__first': 8.258168465795265}
0.0031415926535897933	371	(1, -1, 1, 1, 1, -1, -1, 1, 1)	7.822277642541668	{'A__K': 7.38638681928807, 'K__A': 7.38638681928807, 'first__last': 8.258168465795265, 'last__first': 8.258168465795265}
0.0031415926535897933	374	(1, -1, 1, 1, 1, -1, 1, 1, -1)	8.96345680601083	{'A__K': 9.668785898067343, 'K__A': 9.668785898067343, 'first__last': 8.258127713954318, 'last__first': 8.258127713954318}
0.0031415926535897933	375	(1, -1, 1, 1, 1, -1, 1, 1, 1)	7.822210423919245	{'A__K': 7.386293133884172, 'K__A': 7.386293133884172, 'first__last': 8.258127713954318, 'last__first': 8.258127713954318}
0.0031415926535897933	376	(1, -1, 1, 1, 1, 1, -1, -1, -1)	6.24506012518812	{'A__K': 7.386296614535935, 'K__A': 7.386296614535935, 'first__last': 5.103823635840305, 'last__first': 5.103823635840305}
0.006283185307179587	364	(1, -1, 1, 1, -1, 1, 1, -1, -1)	0.07067998274010759	{'A__K': 0.09186702608972747, 'K__A': 0.09186702608972747, 'first__last': 0.04949293939048772, 'last__first': 0.04949293939048772}
0.006283185307179587	365	(1, -1, 1, 1, -1, 1, 1, -1, 1)	2.3074444753685284	{'A__K': 4.565396011346569, 'K__A': 4.565396011346569, 'first__last': 0.04949293939048772, 'last__first': 0.04949293939048772}
0.00942477796076938	364	(1, -1, 1, 1, -1, 1, 1, -1, -1)	0.15902830725415162	{'A__K': 0.20669760238749574, 'K__A': 0.20669760238749574, 'first__last': 0.1113590121208075, 'last__first': 0.1113590121208075}
0.00942477796076938	365	(1, -1, 1, 1, -1, 1, 1, -1, 1)	3.4800964740057787	{'A__K': 6.84883393589075, 'K__A': 6.84883393589075, 'first__last': 0.1113590121208075, 'last__first': 0.1113590121208075}
0.012566370614359173	364	(1, -1, 1, 1, -1, 1, 1, -1, -1)	0.28271287432895065	{'A__K': 0.36745442421173596, 'K__A': 0.36745442421173596, 'first__last': 0.1979713244461653, 'last__first': 0.1979713244461653}
0.012566370614359173	365	(1, -1, 1, 1, -1, 1, 1, -1, 1)	4.665565424932838	{'A__K': 9.133159525419511, 'K__A': 9.133159525419511, 'first__last': 0.1979713244461653, 'last__first': 0.1979713244461653}
0.015707963267948967	364	(1, -1, 1, 1, -1, 1, 1, -1, -1)	0.44173059681720217	{'A__K': 0.5741315068717752, 'K__A': 0.5741315068717752, 'first__last': 0.3093296867626291, 'last__first': 0.3093296867626291}
0.015707963267948967	365	(1, -1, 1, 1, -1, 1, 1, -1, 1)	0.3093296867626291	{'first__last': 0.3093296867626291, 'last__first': 0.3093296867626291}
0.01884955592153876	364	(1, -1, 1, 1, -1, 1, 1, -1, -1)	0.636077505641802	{'A__K': 0.8267211560928936, 'K__A': 0.8267211560928936, 'first__last': 0.4454338551907103, 'last__first': 0.4454338551907103}
0.01884955592153876	365	(1, -1, 1, 1, -1, 1, 1, -1, 1)	0.4454338551907103	{'first__last': 0.4454338551907103, 'last__first': 0.4454338551907103}
0.021991148575128554	364	(1, -1, 1, 1, -1, 1, 1, -1, -1)	0.8657487499490073	{'A__K': 1.1252139684438243, 'K__A': 1.1252139684438243, 'first__last': 0.6062835314541903, 'last__first': 0.6062835314541903}
0.021991148575128554	365	(1, -1, 1, 1, -1, 1, 1, -1, 1)	0.6062835314541903	{'first__last': 0.6062835314541903, 'last__first': 0.6062835314541903}
0.025132741228718346	364	(1, -1, 1, 1, -1, 1, 1, -1, -1)	1.1307385971850485	{'A__K': 1.4695988315755852, 'K__A': 1.4695988315755852, 'first__last': 0.791878362794512, 'last__first': 0.791878362794512}
0.025132741228718346	365	(1, -1, 1, 1, -1, 1, 1, -1, 1)	0.791878362794512	{'first__last': 0.791878362794512, 'last__first': 0.791878362794512}
0.02827433388230814	364	(1, -1, 1, 1, -1, 1, 1, -1, -1)	1.4310404332624689	{'A__K': 1.8598629247108147, 'K__A': 1.8598629247108147, 'first__last': 1.0022179418141228, 'last__first': 1.0022179418141228}
0.02827433388230814	365	(1, -1, 1, 1, -1, 1, 1, -1, 1)	1.0022179418141228	{'first__last': 1.0022179418141228, 'last__first': 1.0022179418141228}
0.031415926535897934	364	(1, -1, 1, 1, -1, 1, 1, -1, -1)	1.7666467627346916	{'A__K': 2.2959917191329007, 'K__A': 2.2959917191329007, 'first__last': 1.2373018063364825, 'last__first': 1.2373018063364825}
0.031415926535897934	365	(1, -1, 1, 1, -1, 1, 1, -1, 1)	1.2373018063364825	{'first__last': 1.2373018063364825, 'last__first': 1.2373018063364825}
0.034557519189487726	364	(1, -1, 1, 1, -1, 1, 1, -1, -1)	2.1375492089821955	{'A__K': 2.7779689787392132, 'K__A': 2.7779689787392132, 'first__last': 1.4971294392251777, 'last__first': 1.4971294392251777}
0.034557519189487726	365	(1, -1, 1, 1, -1, 1, 1, -1, 1)	1.4971294392251777	{'first__last': 1.4971294392251777, 'last__first': 1.4971294392251777}
0.03769911184307752	364	(1, -1, 1, 1, -1, 1, 1, -1, -1)	2.5437384158378475	{'A__K': 3.3057766544336875, 'K__A': 3.3057766544336875, 'first__last': 1.7817001772420076, 'last__first': 1.7817001772420076}
0.03769911184307752	365	(1, -1, 1, 1, -1, 1, 1, -1, 1)	1.7817001772420076	{'first__last': 1.7817001772420076, 'last__first': 1.7817001772420076}
0.04084070449666731	364	(1, -1, 1, 1, -1, 1, 1, -1, -1)	2.9852043813816636	{'A__K': 3.879395244186973, 'K__A': 3.879395244186973, 'first__last': 2.0910135185763545, 'last__first': 2.0910135185763545}
0.04084070449666731	365	(1, -1, 1, 1, -1, 1, 1, -1, 1)	2.0910135185763545	{'first__last': 2.0910135185763545, 'last__first': 2.0910135185763545}
0.04398229715025711	364	(1, -1, 1, 1, -1, 1, 1, -1, -1)	3.4619360205828684	{'A__K': 4.49880332234621, 'K__A': 4.49880332234621, 'first__last': 2.425068718819527, 'last__first': 2.425068718819527}
0.04398229715025711	365	(1, -1, 1, 1, -1, 1, 1, -1, 1)	2.425068718819527	{'first__last': 2.425068718819527, 'last__first': 2.425068718819527}
0.0471238898038469	364	(1, -1, 1, 1, -1, 1, 1, -1, -1)	3.9739214247023282	{'A__K': 5.163977819562308, 'K__A': 5.163977819562308, 'first__last': 2.7838650298423486, 'last__first': 2.7838650298423486}
0.0471238898038469	365	(1, -1, 1, 1, -1, 1, 1, -1, 1)	2.7838650298423486	{'first__last': 2.7838650298423486, 'last__first': 2.7838650298423486}
0.05026548245743669	364	(1, -1, 1, 1, -1, 1, 1, -1, -1)	4.521147802795356	{'A__K': 5.874893960390215, 'K__A': 5.874893960390215, 'first__last': 3.1674016452004987, 'last__first': 3.1674016452004987}
0.05026548245743669	365	(1, -1, 1, 1, -1, 1, 1, -1, 1)	3.1674016452004987	{'first__last': 3.1674016452004987, 'last__first': 3.1674016452004987}
0.053407075111026485	364	(1, -1, 1, 1, -1, 1, 1, -1, -1)	5.10360148168513	{'A__K': 6.6315252638272115, 'K__A': 6.6315252638272115, 'first__last': 3.5756776995430495, 'last__first': 3.5756776995430495}
0.053407075111026485	365	(1, -1, 1, 1, -1, 1, 1, -1, 1)	3.5756776995430495	{'first__last': 3.5756776995430495, 'last__first': 3.5756776995430495}
0.05654866776461628	364	(1, -1, 1, 1, -1, 1, 1, -1, -1)	5.7212679059386415	{'A__K': 7.433843543914076, 'K__A': 7.433843543914076, 'first__last': 4.008692267963207, 'last__first': 4.008692267963207}
0.05654866776461628	365	(1, -1, 1, 1, -1, 1, 1, -1, 1)	4.008692267963207	{'first__last': 4.008692267963207, 'last__first': 4.008692267963207}
0.059690260418206076	364	(1, -1, 1, 1, -1, 1, 1, -1, -1)	6.3741316378529564	{'A__K': 8.281818910435653, 'K__A': 8.281818910435653, 'first__last': 4.466444365270259, 'last__first': 4.466444365270259}
0.059690260418206076	365	(1, -1, 1, 1, -1, 1, 1, -1, 1)	4.466444365270259	{'first__last': 4.466444365270259, 'last__first': 4.466444365270259}
0.06283185307179587	364	(1, -1, 1, 1, -1, 1, 1, -1, -1)	7.062176357458867	{'A__K': 9.175419769633155, 'K__A': 9.175419769633155, 'first__last': 4.948932945284578, 'last__first': 4.948932945284578}
0.06283185307179587	365	(1, -1, 1, 1, -1, 1, 1, -1, 1)	4.948932945284578	{'first__last': 4.948932945284578, 'last__first': 4.948932945284578}
0.06597344572538566	364	(1, -1, 1, 1, -1, 1, 1, -1, -1)	5.4561568999683665	{'first__last': 5.4561568999683665, 'last__first': 5.4561568999683665}
0.06597344572538566	365	(1, -1, 1, 1, -1, 1, 1, -1, 1)	5.4561568999683665	{'first__last': 5.4561568999683665, 'last__first': 5.4561568999683665}
0.06911503837897545	364	(1, -1, 1, 1, -1, 1, 1, -1, -1)	5.98811505868796	{'first__last': 5.98811505868796, 'last__first': 5.98811505868796}
0.06911503837897545	365	(1, -1, 1, 1, -1, 1, 1, -1, 1)	5.98811505868796	{'first__last': 5.98811505868796, 'last__first': 5.98811505868796}
0.07225663103256524	364	(1, -1, 1, 1, -1, 1, 1, -1, -1)	6.544806187275486	{'first__last': 6.544806187275486, 'last__first': 6.544806187275486}
0.07225663103256524	365	(1, -1, 1, 1, -1, 1, 1, -1, 1)	6.544806187275486	{'first__last': 6.544806187275486, 'last__first': 6.544806187275486}
0.07539822368615504	364	(1, -1, 1, 1, -1, 1, 1, -1, -1)	7.126228987130881	{'first__last': 7.126228987130881, 'last__first': 7.126228987130881}
0.07539822368615504	365	(1, -1, 1, 1, -1, 1, 1, -1, 1)	7.126228987130881	{'first__last': 7.126228987130881, 'last__first': 7.126228987130881}
0.07853981633974483	364	(1, -1, 1, 1, -1, 1, 1, -1, -1)	7.732382094258387	{'first__last': 7.732382094258387, 'last__first': 7.732382094258387}
0.07853981633974483	365	(1, -1, 1, 1, -1, 1, 1, -1, 1)	7.732382094258387	{'first__last': 7.732382094258387, 'last__first': 7.732382094258387}
0.08168140899333462	364	(1, -1, 1, 1, -1, 1, 1, -1, -1)	8.363264078267012	{'first__last': 8.363264078267012, 'last__first': 8.363264078267012}
0.08168140899333462	365	(1, -1, 1, 1, -1, 1, 1, -1, 1)	8.363264078267012	{'first__last': 8.363264078267012, 'last__first': 8.363264078267012}
0.08482300164692443	364	(1, -1, 1, 1, -1, 1, 1, -1, -1)	9.018873441287813	{'first__last': 9.018873441287813, 'last__first': 9.018873441287813}
0.08482300164692443	365	(1, -1, 1, 1, -1, 1, 1, -1, 1)	9.018873441287813	{'first__last': 9.018873441287813, 'last__first': 9.018873441287813}
0.08796459430051422	364	(1, -1, 1, 1, -1, 1, 1, -1, -1)	9.699208616874888	{'first__last': 9.699208616874888, 'last__first': 9.699208616874888}
0.08796459430051422	365	(1, -1, 1, 1, -1, 1, 1, -1, 1)	9.699208616874888	{'first__last': 9.699208616874888, 'last__first': 9.699208616874888}
