0.0	286	(1, -1, -1, -1, 1, 1, 1, 1, -1)	4.391250374145027e-12	{'A__K': 2.9558577807620168e-12, 'K__A': 2.9558577807620168e-12, 'first__last': 5.826642967528037e-12, 'last__first': 5.826642967528037e-12}
0.0	287	(1, -1, -1, -1, 1, 1, 1, 1, 1)	4.391250374145027e-12	{'A__K': 2.9558577807620168e-12, 'K__A': 2.9558577807620168e-12, 'first__last': 5.826642967528037e-12, 'last__first': 5.826642967528037e-12}
0.0	288	(1, -1, -1, 1, -1, -1, -1, -1, -1)	4.391250374145027e-12	{'A__K': 2.9558577807620168e-12, 'K__A': 2.9558577807620168e-12, 'first__last': 5.826642967528037e-12, 'last__first': 5.826642967528037e-12}
0.0	289	(1, -1, -1, 1, -1, -1, -1, -1, 1)	4.391250374145027e-12	{'A__K': 2.9558577807620168e-12, 'K__A': 2.9558577807620168e-12, 'first__last': 5.826642967528037e-12, 'last__first': 5.826642967528037e-12}
0.0	290	(1, -1, -1, 1, -1, -1, -1, 1, -1)	4.391250374145027e-12	{'A__K': 2.9558577807620168e-12, 'K__A': 2.9558577807620168e-12, 'first__last': 5.826642967528037e-12, 'last__first': 5.826642967528037e-12}
0.0	291	(1, -1, -1, 1, -1, -1, -1, 1, 1)	4.391250374145027e-12	{'A__K': 2.9558577807620168e-12, 'K__A': 2.9558577807620168e-12, 'first__last': 5.826642967528037e-12, 'last__first': 5.826642967528037e-12}
0.0	292	(1, -1, -1, 1, -1, -1, 1, -1, -1)	4.391250374145027e-12	{'A__K': 2.9558577807620168e-12, 'K__A': 2.9558577807620168e-12, 'first__last': 5.826642967528037e-12, 'last__first': 5.826642967528037e-12}
0.0	293	(1, -1, -1, 1, -1, -1, 1, -1, 1)	4.391250374145027e-12	{'A__K': 2.9558577807620168e-12, 'K__A': 2.9558577807620168e-12, 'first__last': 5.826642967528037e-12, 'last__first': 5.826642967528037e-12}
0.0	294	(1, -1, -1, 1, -1, -1, 1, 1, -1)	4.391250374145027e-12	{'A__K': 2.9558577807620168e-12, 'K__A': 2.9558577807620168e-12, 'first__last': 5.826642967528037e-12, 'last__first': 5.826642967528037e-12}
0.0	295	(1, -1, -1, 1, -1, -1, 1, 1, 1)	4.391250374145027e-12	{'A__K': 2.9558577807620168e-12, 'K__A': 2.9558577807620168e-12, 'first__last': 5.826642967528037e-12, 'last__first': 5.826642967528037e-12}
0.0	296	(1, -1, -1, 1, -1, 1, -1, -1, -1)	4.391250374145027e-12	{'A__K': 2.9558577807620168e-12, 'K__A': 2.9558577807620168e-12, 'first__last': 5.826642967528037e-12, 'last__first': 5.826642967528037e-12}
0.0	297	(1, -1, -1, 1, -1, 1, -1, -1, 1)	4.391250374145027e-12	{'A__K': 2.9558577807620168e-12, 'K__A': 2.9558577807620168e-12, 'first__last': 5.826642967528037e-12, 'last__first': 5.826642967528037e-12}
0.0	298	(1, -1, -1, 1, -1, 1, -1, 1, -1)	4.391250374145027e-12	{'A__K': 2.9558577807620168e-12, 'K__A': 2.9558577807620168e-12, 'first__last': 5.826642967528037e-12, 'last__first': 5.826642967528037e-12}
0.0031415926535897933	286	(1, -1, -1, -1, 1, 1, 1, 1, -1)	4.565057673933707	{'A__K': 5.975679394926877, 'K__A': 5.975679394926877, 'first__last': 3.154435952940538, 'last__first': 3.154435952940538}
0.0031415926535897933	287	(1, -1, -1, -1, 1, 1, 1, 1, 1)	5.706301982281629	{'A__K': 8.25816801162272, 'K__A': 8.25816801162272, 'first__last': 3.154435952940538, 'last__first': 3.154435952940538}
0.0031415926535897933	288	(1, -1, -1, 1, -1, -1, -1, -1, -1)	0.022485576755000188	{'A__K': 0.02398225138265124, 'K__A': 0.02398225138265124, 'first__last': 0.02098890212734914, 'last__first': 0.02098890212734914}
0.0031415926535897933	289	(1, -1, -1, 1, -1, -1, -1, -1, 1)	1.151782710885996	{'A__K': 2.2825765196446426, 'K__A': 2.2825765196446426, 'first__last': 0.02098890212734914, 'last__first': 0.02098890212734914}
0.0031415926535897933	290	(1, -1, -1, 1, -1, -1, -1, 1, -1)	6.24507740143861	{'A__K': 7.3863137639099525, 'K__A': 7.3863137639099525, 'first__last': 5.103841038967267, 'last__first': 5.103841038967267}
0.0031415926535897933	291	(1, -1, -1, 1, -1, -1, -1, 1, 1)	7.386316501295459	{'A__K': 9.668791963623653, 'K__A': 9.668791963623653, 'first__last': 5.103841038967267, 'last__first': 5.103841038967267}
0.0031415926535897933	292	(1, -1, -1, 1, -1, -1, 1, -1, -1)	0.014067503293791979	{'A__K': 0.01576176498235925, 'K__A': 0.01576176498235925, 'first__last': 0.012373241605224707, 'last__first': 0.012373241605224707}
0.0031415926535897933	293	(1, -1, -1, 1, -1, -1, 1, -1, 1)	1.1474486194855587	{'A__K': 2.2825239973658924, 'K__A': 2.2825239973658924, 'first__last': 0.012373241605224707, 'last__first': 0.012373241605224707}
0.0031415926535897933	294	(1, -1, -1, 1, -1, -1, 1, 1, -1)	6.245104025449444	{'A__K': 7.386331070139188, 'K__A': 7.386331070139188, 'first__last': 5.1038769807597, 'last__first': 5.1038769807597}
0.0031415926535897933	295	(1, -1, -1, 1, -1, -1, 1, 1, 1)	7.386350292013018	{'A__K': 9.668823603266338, 'K__A': 9.668823603266338, 'first__last': 5.1038769807597, 'last__first': 5.1038769807597}
0.0031415926535897933	296	(1, -1, -1, 1, -1, 1, -1, -1, -1)	8.963511697467407	{'A__K': 9.668820122597168, 'K__A': 9.668820122597168, 'first__last': 8.258203272337644, 'last__first': 8.258203272337644}
0.0031415926535897933	297	(1, -1, -1, 1, -1, 1, -1, -1, 1)	8.258203272337644	{'first__last': 8.258203272337644, 'last__first': 8.258203272337644}
0.006283185307179587	286	(1, -1, -1, -1, 1, 1, 1, 1, -1)	6.309457494112011	{'first__last': 6.309457494112011, 'last__first': 6.309457494112011}
0.006283185307179587	287	(1, -1, -1, -1, 1, 1, 1, 1, 1)	6.309457494112011	{'first__last': 6.309457494112011, 'last__first': 6.309457494112011}
0.006283185307179587	288	(1, -1, -1, 1, -1, -1, -1, -1, -1)	0.08994136193013441	{'A__K': 0.09592789860326872, 'K__A': 0.09592789860326872, 'first__last': 0.0839548252570001, 'last__first': 0.0839548252570001}
0.006283185307179587	289	(1, -1, -1, 1, -1, -1, -1, -1, 1)	2.3247814634535695	{'A__K': 4.565608101650139, 'K__A': 4.565608101650139, 'first__last': 0.0839548252570001, 'last__first': 0.0839548252570001}
0.006283185307179587	292	(1, -1, -1, 1, -1, -1, 1, -1, -1)	0.056270085959065325	{'A__K': 0.06304723252221107, 'K__A': 0.06304723252221107, 'first__last': 0.04949293939591957, 'last__first': 0.04949293939591957}
0.006283185307179587	293	(1, -1, -1, 1, -1, -1, 1, -1, 1)	2.3073404511388107	{'A__K': 4.565187962881702, 'K__A': 4.565187962881702, 'first__last': 0.04949293939591957, 'last__first': 0.04949293939591957}
0.00942477796076938	286	(1, -1, -1, -1, 1, 1, 1, 1, -1)	9.465649900551051	{'first__last': 9.465649900551051, 'last__first': 9.465649900551051}
0.00942477796076938	287	(1, -1, -1, -1, 1, 1, 1, 1, 1)	9.465649900551051	{'first__last': 9.465649900551051, 'last__first': 9.465649900551051}
0.00942477796076938	288	(1, -1, -1, 1, -1, -1, -1, -1, -1)	0.20236452024955143	{'A__K': 0.21583362098947895, 'K__A': 0.21583362098947895, 'first__last': 0.18889541950962394, 'last__first': 0.18889541950962394}
0.00942477796076938	289	(1, -1, -1, 1, -1, -1, -1, -1, 1)	3.519222502739962	{'A__K': 6.8495495859703, 'K__A': 6.8495495859703, 'first__last': 0.18889541950962394, 'last__first': 0.18889541950962394}
0.00942477796076938	292	(1, -1, -1, 1, -1, -1, 1, -1, -1)	0.1266079661874781	{'A__K': 0.1418569202787586, 'K__A': 0.1418569202787586, 'first__last': 0.1113590120961976, 'last__first': 0.1113590120961976}
0.00942477796076938	293	(1, -1, -1, 1, -1, -1, 1, -1, 1)	3.4797454258146843	{'A__K': 6.8481318395331705, 'K__A': 6.8481318395331705, 'first__last': 0.1113590120961976, 'last__first': 0.1113590120961976}
0.012566370614359173	288	(1, -1, -1, 1, -1, -1, -1, -1, -1)	0.3597503263562345	{'A__K': 0.3836938842108897, 'K__A': 0.3836938842108897, 'first__last': 0.3358067685015793, 'last__first': 0.3358067685015793}
0.012566370614359173	289	(1, -1, -1, 1, -1, -1, -1, -1, 1)	4.735331068283914	{'A__K': 9.13485536806625, 'K__A': 9.13485536806625, 'first__last': 0.3358067685015793, 'last__first': 0.3358067685015793}
0.012566370614359173	292	(1, -1, -1, 1, -1, -1, 1, -1, -1)	0.22508150748541744	{'A__K': 0.2521916906415246, 'K__A': 0.2521916906415246, 'first__last': 0.19797132432931028, 'last__first': 0.19797132432931028}
0.012566370614359173	293	(1, -1, -1, 1, -1, -1, 1, -1, 1)	4.6647334221600865	{'A__K': 9.131495519990862, 'K__A': 9.131495519990862, 'first__last': 0.19797132432931028, 'last__first': 0.19797132432931028}
0.015707963267948967	288	(1, -1, -1, 1, -1, -1, -1, -1, -1)	0.5620921648451984	{'A__K': 0.5995009405029843, 'K__A': 0.5995009405029843, 'first__last': 0.5246833891874126, 'last__first': 0.5246833891874126}
0.015707963267948967	289	(1, -1, -1, 1, -1, -1, -1, -1, 1)	0.5246833891874126	{'first__last': 0.5246833891874126, 'last__first': 0.5246833891874126}
0.015707963267948967	292	(1, -1, -1, 1, -1, -1, 1, -1, -1)	0.35169121821397414	{'A__K': 0.3940527501318511, 'K__A': 0.3940527501318511, 'first__last': 0.3093296862960972, 'last__first': 0.3093296862960972}
0.015707963267948967	293	(1, -1, -1, 1, -1, -1, 1, -1, 1)	0.3093296862960972	{'first__last': 0.3093296862960972, 'last__first': 0.3093296862960972}
0.01884955592153876	288	(1, -1, -1, 1, -1, -1, -1, -1, -1)	0.8093815304599735	{'A__K': 0.8632448290696808, 'K__A': 0.8632448290696808, 'first__last': 0.7555182318502662, 'last__first': 0.7555182318502662}
0.01884955592153876	289	(1, -1, -1, 1, -1, -1, -1, -1, 1)	0.7555182318502662	{'first__last': 0.7555182318502662, 'last__first': 0.7555182318502662}
0.01884955592153876	292	(1, -1, -1, 1, -1, -1, 1, -1, -1)	0.5064377511947047	{'A__K': 0.5674416486267129, 'K__A': 0.5674416486267129, 'first__last': 0.4454338537626964, 'last__first': 0.4454338537626964}
0.01884955592153876	293	(1, -1, -1, 1, -1, -1, 1, -1, 1)	0.4454338537626964	{'first__last': 0.4454338537626964, 'last__first': 0.4454338537626964}
0.021991148575128554	288	(1, -1, -1, 1, -1, -1, -1, -1, -1)	1.1016080282629002	{'A__K': 1.1749133764397397, 'K__A': 1.1749133764397397, 'first__last': 1.0283026800860608, 'last__first': 1.0283026800860608}
0.021991148575128554	289	(1, -1, -1, 1, -1, -1, -1, -1, 1)	1.0283026800860608	{'first__last': 1.0283026800860608, 'last__first': 1.0283026800860608}
0.021991148575128554	292	(1, -1, -1, 1, -1, -1, 1, -1, -1)	0.6893219030852882	{'A__K': 0.7723602783057831, 'K__A': 0.7723602783057831, 'first__last': 0.6062835278647931, 'last__first': 0.6062835278647931}
0.021991148575128554	293	(1, -1, -1, 1, -1, -1, 1, -1, 1)	0.6062835278647931	{'first__last': 0.6062835278647931, 'last__first': 0.6062835278647931}
0.025132741228718346	288	(1, -1, -1, 1, -1, -1, -1, -1, -1)	1.4387593738507918	{'A__K': 1.53449219700222, 'K__A': 1.53449219700222, 'first__last': 1.3430265506993635, 'last__first': 1.3430265506993635}
0.025132741228718346	289	(1, -1, -1, 1, -1, -1, -1, -1, 1)	1.3430265506993635	{'first__last': 1.3430265506993635, 'last__first': 1.3430265506993635}
0.025132741228718346	292	(1, -1, -1, 1, -1, -1, 1, -1, -1)	0.90034461360004	{'A__K': 1.0088108723886846, 'K__A': 1.0088108723886846, 'first__last': 0.7918783548113955, 'last__first': 0.7918783548113955}
0.025132741228718346	293	(1, -1, -1, 1, -1, -1, 1, -1, 1)	0.7918783548113955	{'first__last': 0.7918783548113955, 'last__first': 0.7918783548113955}
0.02827433388230814	288	(1, -1, -1, 1, -1, -1, -1, -1, -1)	1.820821393601965	{'A__K': 1.9419646936424373, 'K__A': 1.9419646936424373, 'first__last': 1.6996780935614928, 'last__first': 1.6996780935614928}
0.02827433388230814	289	(1, -1, -1, 1, -1, -1, -1, -1, 1)	1.6996780935614928	{'first__last': 1.6996780935614928, 'last__first': 1.6996780935614928}
0.02827433388230814	292	(1, -1, -1, 1, -1, -1, 1, -1, -1)	1.1395069646386244	{'A__K': 1.2767960036520793, 'K__A': 1.2767960036520793, 'first__last': 1.0022179256251698, 'last__first': 1.0022179256251698}
0.02827433388230814	293	(1, -1, -1, 1, -1, -1, 1, -1, 1)	1.0022179256251698	{'first__last': 1.0022179256251698, 'last__first': 1.0022179256251698}
0.031415926535897934	288	(1, -1, -1, 1, -1, -1, -1, -1, -1)	2.2477780250082477	{'A__K': 2.39731205837727, 'K__A': 2.39731205837727, 'first__last': 2.0982439916392255, 'last__first': 2.0982439916392255}
0.031415926535897934	289	(1, -1, -1, 1, -1, -1, -1, -1, 1)	2.0982439916392255	{'first__last': 2.0982439916392255, 'last__first': 2.0982439916392255}
0.031415926535897934	292	(1, -1, -1, 1, -1, -1, 1, -1, -1)	1.4068101792788466	{'A__K': 1.5763185826822594, 'K__A': 1.5763185826822594, 'first__last': 1.2373017758754334, 'last__first': 1.2373017758754334}
0.031415926535897934	293	(1, -1, -1, 1, -1, -1, 1, -1, 1)	1.2373017758754334	{'first__last': 1.2373017758754334, 'last__first': 1.2373017758754334}
0.034557519189487726	288	(1, -1, -1, 1, -1, -1, -1, -1, -1)	2.7196113170000134	{'A__K': 2.9005132732420775, 'K__A': 2.9005132732420775, 'first__last': 2.5387093607579496, 'last__first': 2.5387093607579496}
0.034557519189487726	289	(1, -1, -1, 1, -1, -1, -1, -1, 1)	2.5387093607579496	{'first__last': 2.5387093607579496, 'last__first': 2.5387093607579496}
0.034557519189487726	292	(1, -1, -1, 1, -1, -1, 1, -1, -1)	1.702255620609899	{'A__K': 1.907381855956832, 'K__A': 1.907381855956832, 'first__last': 1.4971293852629661, 'last__first': 1.4971293852629661}
0.034557519189487726	293	(1, -1, -1, 1, -1, -1, 1, -1, 1)	1.4971293852629661	{'first__last': 1.4971293852629661, 'last__first': 1.4971293852629661}
0.03769911184307752	288	(1, -1, -1, 1, -1, -1, -1, -1, -1)	3.236301430342667	{'A__K': 3.451545111118642, 'K__A': 3.451545111118642, 'first__last': 3.0210577495666917, 'last__first': 3.0210577495666917}
0.03769911184307752	289	(1, -1, -1, 1, -1, -1, -1, -1, 1)	3.0210577495666917	{'first__last': 3.0210577495666917, 'last__first': 3.0210577495666917}
0.03769911184307752	292	(1, -1, -1, 1, -1, -1, 1, -1, -1)	2.0258447904346335	{'A__K': 2.2699894036259716, 'K__A': 2.2699894036259716, 'first__last': 1.7817001772432957, 'last__first': 1.7817001772432957}
0.03769911184307752	293	(1, -1, -1, 1, -1, -1, 1, -1, 1)	1.7817001772432957	{'first__last': 1.7817001772432957, 'last__first': 1.7817001772432957}
0.04084070449666731	288	(1, -1, -1, 1, -1, -1, -1, -1, -1)	3.7978266380560717	{'A__K': 4.05038213675443, 'K__A': 4.05038213675443, 'first__last': 3.545271139357714, 'last__first': 3.545271139357714}
0.04084070449666731	289	(1, -1, -1, 1, -1, -1, -1, -1, 1)	3.545271139357714	{'first__last': 3.545271139357714, 'last__first': 3.545271139357714}
0.04084070449666731	292	(1, -1, -1, 1, -1, -1, 1, -1, -1)	2.3775793278515076	{'A__K': 2.664145137138688, 'K__A': 2.664145137138688, 'first__last': 2.0910135185643273, 'last__first': 2.0910135185643273}
0.04084070449666731	293	(1, -1, -1, 1, -1, -1, 1, -1, 1)	2.0910135185643273	{'first__last': 2.0910135185643273, 'last__first': 2.0910135185643273}
0.04398229715025711	288	(1, -1, -1, 1, -1, -1, -1, -1, -1)	4.404163325880832	{'A__K': 4.696996707798227, 'K__A': 4.696996707798227, 'first__last': 4.111329943963438, 'last__first': 4.111329943963438}
0.04398229715025711	289	(1, -1, -1, 1, -1, -1, -1, -1, 1)	4.111329943963438	{'first__last': 4.111329943963438, 'last__first': 4.111329943963438}
0.04398229715025711	292	(1, -1, -1, 1, -1, -1, 1, -1, -1)	2.757461007697615	{'A__K': 3.089853296573024, 'K__A': 3.089853296573024, 'first__last': 2.4250687188222066, 'last__first': 2.4250687188222066}
0.04398229715025711	293	(1, -1, -1, 1, -1, -1, 1, -1, 1)	2.4250687188222066	{'first__last': 2.4250687188222066, 'last__first': 2.4250687188222066}
0.0471238898038469	288	(1, -1, -1, 1, -1, -1, -1, -1, -1)	5.055285992820464	{'A__K': 5.391358976104592, 'K__A': 5.391358976104592, 'first__last': 4.719213009536335, 'last__first': 4.719213009536335}
0.0471238898038469	289	(1, -1, -1, 1, -1, -1, -1, -1, 1)	4.719213009536335	{'first__last': 4.719213009536335, 'last__first': 4.719213009536335}
0.0471238898038469	292	(1, -1, -1, 1, -1, -1, 1, -1, -1)	3.1654917388291937	{'A__K': 3.547118447820809, 'K__A': 3.547118447820809, 'first__last': 2.7838650298375787, 'last__first': 2.7838650298375787}
0.0471238898038469	293	(1, -1, -1, 1, -1, -1, 1, -1, 1)	2.7838650298375787	{'first__last': 2.7838650298375787, 'last__first': 2.7838650298375787}
0.05026548245743669	288	(1, -1, -1, 1, -1, -1, -1, -1, -1)	5.751167251651239	{'A__K': 6.133436888830381, 'K__A': 6.133436888830381, 'first__last': 5.368897614472097, 'last__first': 5.368897614472097}
0.05026548245743669	289	(1, -1, -1, 1, -1, -1, -1, -1, 1)	5.368897614472097	{'first__last': 5.368897614472097, 'last__first': 5.368897614472097}
0.05026548245743669	292	(1, -1, -1, 1, -1, -1, 1, -1, -1)	3.601673562318389	{'A__K': 4.035945479435748, 'K__A': 4.035945479435748, 'first__last': 3.1674016452010307, 'last__first': 3.1674016452010307}
0.05026548245743669	293	(1, -1, -1, 1, -1, -1, 1, -1, 1)	3.1674016452010307	{'first__last': 3.1674016452010307, 'last__first': 3.1674016452010307}
0.053407075111026485	288	(1, -1, -1, 1, -1, -1, -1, -1, -1)	6.491777829536803	{'A__K': 6.9231961899349574, 'K__A': 6.9231961899349574, 'first__last': 6.060359469138647, 'last__first': 6.060359469138647}
0.053407075111026485	289	(1, -1, -1, 1, -1, -1, -1, -1, 1)	6.060359469138647	{'first__last': 6.060359469138647, 'last__first': 6.060359469138647}
0.053407075111026485	292	(1, -1, -1, 1, -1, -1, 1, -1, -1)	4.066008649458872	{'A__K': 4.556339599376473, 'K__A': 4.556339599376473, 'first__last': 3.57567769954127, 'last__first': 3.57567769954127}
0.053407075111026485	293	(1, -1, -1, 1, -1, -1, 1, -1, 1)	3.57567769954127	{'first__last': 3.57567769954127, 'last__first': 3.57567769954127}
0.05654866776461628	288	(1, -1, -1, 1, -1, -1, -1, -1, -1)	7.277086568705239	{'A__K': 7.76060042160718, 'K__A': 7.76060042160718, 'first__last': 6.793572715803298, 'last__first': 6.793572715803298}
0.05654866776461628	289	(1, -1, -1, 1, -1, -1, -1, -1, 1)	6.793572715803298	{'first__last': 6.793572715803298, 'last__first': 6.793572715803298}
0.05654866776461628	292	(1, -1, -1, 1, -1, -1, 1, -1, -1)	4.558499299700501	{'A__K': 5.108306331424492, 'K__A': 5.108306331424492, 'first__last': 4.00869226797651, 'last__first': 4.00869226797651}
0.05654866776461628	293	(1, -1, -1, 1, -1, -1, 1, -1, 1)	4.00869226797651	{'first__last': 4.00869226797651, 'last__first': 4.00869226797651}
0.059690260418206076	288	(1, -1, -1, 1, -1, -1, -1, -1, -1)	8.107060427055737	{'A__K': 8.645610925805798, 'K__A': 8.645610925805798, 'first__last': 7.5685099283056765, 'last__first': 7.5685099283056765}
0.059690260418206076	289	(1, -1, -1, 1, -1, -1, -1, -1, 1)	7.5685099283056765	{'first__last': 7.5685099283056765, 'last__first': 7.5685099283056765}
0.059690260418206076	292	(1, -1, -1, 1, -1, -1, 1, -1, -1)	5.079147938362702	{'A__K': 5.691851511445458, 'K__A': 5.691851511445458, 'first__last': 4.466444365279947, 'last__first': 4.466444365279947}
0.059690260418206076	293	(1, -1, -1, 1, -1, -1, 1, -1, 1)	4.466444365279947	{'first__last': 4.466444365279947, 'last__first': 4.466444365279947}
0.06283185307179587	288	(1, -1, -1, 1, -1, -1, -1, -1, -1)	8.981664478976114	{'A__K': 9.57818684596616, 'K__A': 9.57818684596616, 'first__last': 8.38514211198607, 'last__first': 8.38514211198607}
0.06283185307179587	289	(1, -1, -1, 1, -1, -1, -1, -1, 1)	8.38514211198607	{'first__last': 8.38514211198607, 'last__first': 8.38514211198607}
0.06283185307179587	292	(1, -1, -1, 1, -1, -1, 1, -1, -1)	5.6279571143348015	{'A__K': 6.30698128338681, 'K__A': 6.30698128338681, 'first__last': 4.948932945282792, 'last__first': 4.948932945282792}
0.06283185307179587	293	(1, -1, -1, 1, -1, -1, 1, -1, 1)	4.948932945282792	{'first__last': 4.948932945282792, 'last__first': 4.948932945282792}
0.06597344572538566	288	(1, -1, -1, 1, -1, -1, -1, -1, -1)	9.243438703417198	{'first__last': 9.243438703417198, 'last__first': 9.243438703417198}
0.06597344572538566	289	(1, -1, -1, 1, -1, -1, -1, -1, 1)	9.243438703417198	{'first__last': 9.243438703417198, 'last__first': 9.243438703417198}
0.06597344572538566	292	(1, -1, -1, 1, -1, -1, 1, -1, -1)	6.204929497517118	{'A__K': 6.953702095063411, 'K__A': 6.953702095063411, 'first__last': 5.456156899970825, 'last__first': 5.456156899970825}
0.06597344572538566	293	(1, -1, -1, 1, -1, -1, 1, -1, 1)	5.456156899970825	{'first__last': 5.456156899970825, 'last__first': 5.456156899970825}
0.06911503837897545	292	(1, -1, -1, 1, -1, -1, 1, -1, -1)	6.810067876210763	{'A__K': 7.632020693736686, 'K__A': 7.632020693736686, 'first__last': 5.988115058684839, 'last__first': 5.988115058684839}
0.06911503837897545	293	(1, -1, -1, 1, -1, -1, 1, -1, 1)	5.988115058684839	{'first__last': 5.988115058684839, 'last__first': 5.988115058684839}
0.07225663103256524	292	(1, -1, -1, 1, -1, -1, 1, -1, -1)	7.443375154365401	{'A__K': 8.341944121452448, 'K__A': 8.341944121452448, 'first__last': 6.544806187278354, 'last__first': 6.544806187278354}
0.07225663103256524	293	(1, -1, -1, 1, -1, -1, 1, -1, 1)	6.544806187278354	{'first__last': 6.544806187278354, 'last__first': 6.544806187278354}
0.07539822368615504	292	(1, -1, -1, 1, -1, -1, 1, -1, -1)	8.104854348641597	{'A__K': 9.083479710149968, 'K__A': 9.083479710149968, 'first__last': 7.126228987133227, 'last__first': 7.126228987133227}
0.07539822368615504	293	(1, -1, -1, 1, -1, -1, 1, -1, 1)	7.126228987133227	{'first__last': 7.126228987133227, 'last__first': 7.126228987133227}
0.07853981633974483	292	(1, -1, -1, 1, -1, -1, 1, -1, -1)	8.794508585432776	{'A__K': 9.856635076599625, 'K__A': 9.856635076599625, 'first__last': 7.73238209426593, 'last__first': 7.73238209426593}
0.07853981633974483	293	(1, -1, -1, 1, -1, -1, 1, -1, 1)	7.73238209426593	{'first__last': 7.73238209426593, 'last__first': 7.73238209426593}
0.08168140899333462	292	(1, -1, -1, 1, -1, -1, 1, -1, -1)	8.363264078271694	{'first__last': 8.363264078271694, 'last__first': 8.363264078271694}
0.08168140899333462	293	(1, -1, -1, 1, -1, -1, 1, -1, 1)	8.363264078271694	{'first__last': 8.363264078271694, 'last__first': 8.363264078271694}
0.08482300164692443	292	(1, -1, -1, 1, -1, -1, 1, -1, -1)	9.018873441277877	{'first__last': 9.018873441277877, 'last__first': 9.018873441277877}
0.08482300164692443	293	(1, -1, -1, 1, -1, -1, 1, -1, 1)	9.018873441277877	{'first__last': 9.018873441277877, 'last__first': 9.018873441277877}
0.08796459430051422	292	(1, -1, -1, 1, -1, -1, 1, -1, -1)	9.699208616876302	{'first__last': 9.699208616876302, 'last__first': 9.699208616876302}
0.08796459430051422	293	(1, -1, -1, 1, -1, -1, 1, -1, 1)	9.699208616876302	{'first__last': 9.699208616876302, 'last__first': 9.699208616876302}
1.1026990214100174	286	(1, -1, -1, -1, 1, 1, 1, 1, -1)	7.609381600791066	{'D_E__last': 7.609381600791066, 'last__D_E': 7.609381600791066}
1.1026990214100174	287	(1, -1, -1, -1, 1, 1, 1, 1, 1)	8.576731247845569	{'E__K': 9.54408089490007, 'K__E': 9.54408089490007, 'D_E__last': 7.609381600791066, 'last__D_E': 7.609381600791066}
1.1026990214100174	288	(1, -1, -1, 1, -1, -1, -1, -1, -1)	8.576731247867453	{'E__K': 9.54408089492429, 'K__E': 9.54408089492429, 'D_E__last': 7.609381600810616, 'last__D_E': 7.609381600810616}
1.1026990214100174	289	(1, -1, -1, 1, -1, -1, -1, -1, 1)	7.609381600810616	{'D_E__last': 7.609381600810616, 'last__D_E': 7.609381600810616}
1.1058406140636072	286	(1, -1, -1, -1, 1, 1, 1, 1, -1)	2.235237084851887	{'D_E__last': 2.235237084851887, 'last__D_E': 2.235237084851887}
1.1058406140636072	287	(1, -1, -1, -1, 1, 1, 1, 1, 1)	2.5186616439777767	{'E__K': 2.8020862031036664, 'K__E': 2.8020862031036664, 'D_E__last': 2.235237084851887, 'last__D_E': 2.235237084851887}
1.1058406140636072	288	(1, -1, -1, 1, -1, -1, -1, -1, -1)	2.5186616439981315	{'E__K': 2.8020862031197207, 'K__E': 2.8020862031197207, 'D_E__last': 2.2352370848765424, 'last__D_E': 2.2352370848765424}
1.1058406140636072	289	(1, -1, -1, 1, -1, -1, -1, -1, 1)	2.2352370848765424	{'D_E__last': 2.2352370848765424, 'last__D_E': 2.2352370848765424}
1.108982206717197	286	(1, -1, -1, -1, 1, 1, 1, 1, -1)	3.1305329944364177	{'D_E__last': 3.1305329944364177, 'last__D_E': 3.1305329944364177}
1.108982206717197	287	(1, -1, -1, -1, 1, 1, 1, 1, 1)	3.526452303579343	{'E__K': 3.9223716127222676, 'K__E': 3.9223716127222676, 'D_E__last': 3.1305329944364177, 'last__D_E': 3.1305329944364177}
1.108982206717197	288	(1, -1, -1, 1, -1, -1, -1, -1, -1)	3.5264523036065323	{'E__K': 3.9223716127508044, 'K__E': 3.9223716127508044, 'D_E__last': 3.13053299446226, 'last__D_E': 3.13053299446226}
1.108982206717197	289	(1, -1, -1, 1, -1, -1, -1, -1, 1)	3.13053299446226	{'D_E__last': 3.13053299446226, 'last__D_E': 3.13053299446226}
1.1121237993707869	286	(1, -1, -1, -1, 1, 1, 1, 1, -1)	8.487796263303963	{'D_E__last': 8.487796263303963, 'last__D_E': 8.487796263303963}
1.1121237993707869	287	(1, -1, -1, -1, 1, 1, 1, 1, 1)	8.487796263303963	{'D_E__last': 8.487796263303963, 'last__D_E': 8.487796263303963}
1.1121237993707869	288	(1, -1, -1, 1, -1, -1, -1, -1, -1)	8.487796263308224	{'D_E__last': 8.487796263308224, 'last__D_E': 8.487796263308224}
1.1121237993707869	289	(1, -1, -1, 1, -1, -1, -1, -1, 1)	8.487796263308224	{'D_E__last': 8.487796263308224, 'last__D_E': 8.487796263308224}
1.140398133253095	286	(1, -1, -1, -1, 1, 1, 1, 1, -1)	4.343386719932711	{'D__K': 4.343386719932711, 'K__D': 4.343386719932711}
1.140398133253095	289	(1, -1, -1, 1, -1, -1, -1, -1, 1)	4.343386719939365	{'D__K': 4.343386719939365, 'K__D': 4.343386719939365}
1.1435397259066848	286	(1, -1, -1, -1, 1, 1, 1, 1, -1)	1.3304941061404494	{'D__K': 1.3304941061404494, 'K__D': 1.3304941061404494}
1.1435397259066848	289	(1, -1, -1, 1, -1, -1, -1, -1, 1)	1.3304941061260354	{'D__K': 1.3304941061260354, 'K__D': 1.3304941061260354}
1.1466813185602747	286	(1, -1, -1, -1, 1, 1, 1, 1, -1)	6.989738564616056	{'D__K': 6.989738564616056, 'K__D': 6.989738564616056}
1.1466813185602747	289	(1, -1, -1, 1, -1, -1, -1, -1, 1)	6.9897385646108425	{'D__K': 6.9897385646108425, 'K__D': 6.9897385646108425}
1.460840583919254	286	(1, -1, -1, -1, 1, 1, 1, 1, -1)	6.443253308900433	{'E__J': 6.443253308900433, 'J__E': 6.443253308900433}
1.460840583919254	287	(1, -1, -1, -1, 1, 1, 1, 1, 1)	6.443253308901072	{'E__J': 6.443253308900433, 'F__K': 6.443253308901711, 'J__E': 6.443253308900433, 'K__F': 6.443253308901711}
1.460840583919254	288	(1, -1, -1, 1, -1, -1, -1, -1, -1)	6.44325330890101	{'E__J': 6.443253308901918, 'F__K': 6.443253308900103, 'J__E': 6.443253308901918, 'K__F': 6.443253308900103}
1.460840583919254	289	(1, -1, -1, 1, -1, -1, -1, -1, 1)	6.443253308901918	{'E__J': 6.443253308901918, 'J__E': 6.443253308901918}
1.4639821765728436	286	(1, -1, -1, -1, 1, 1, 1, 1, -1)	1.6051646054309385	{'E__J': 1.6051646054309385, 'J__E': 1.6051646054309385}
1.4639821765728436	287	(1, -1, -1, -1, 1, 1, 1, 1, 1)	1.6051646054335382	{'E__J': 1.6051646054309385, 'F__K': 1.6051646054361377, 'J__E': 1.6051646054309385, 'K__F': 1.6051646054361377}
1.4639821765728436	288	(1, -1, -1, 1, -1, -1, -1, -1, -1)	1.6051646054634008	{'E__J': 1.605164605467409, 'F__K': 1.6051646054593927, 'J__E': 1.605164605467409, 'K__F': 1.6051646054593927}
1.4639821765728436	289	(1, -1, -1, 1, -1, -1, -1, -1, 1)	1.605164605467409	{'E__J': 1.605164605467409, 'J__E': 1.605164605467409}
1.4671237692264334	286	(1, -1, -1, -1, 1, 1, 1, 1, -1)	3.2194755338456242	{'E__J': 3.2194755338456242, 'J__E': 3.2194755338456242}
1.4671237692264334	287	(1, -1, -1, -1, 1, 1, 1, 1, 1)	3.219475533850577	{'E__J': 3.2194755338456242, 'F__K': 3.2194755338555305, 'J__E': 3.2194755338456242, 'K__F': 3.2194755338555305}
1.4671237692264334	288	(1, -1, -1, 1, -1, -1, -1, -1, -1)	3.219475533826537	{'E__J': 3.21947553382427, 'F__K': 3.219475533828804, 'J__E': 3.21947553382427, 'K__F': 3.219475533828804}
1.4671237692264334	289	(1, -1, -1, 1, -1, -1, -1, -1, 1)	3.21947553382427	{'E__J': 3.21947553382427, 'J__E': 3.21947553382427}
1.4702653618800232	286	(1, -1, -1, -1, 1, 1, 1, 1, -1)	8.030604477283367	{'E__J': 8.030604477283367, 'J__E': 8.030604477283367}
1.4702653618800232	287	(1, -1, -1, -1, 1, 1, 1, 1, 1)	8.030604477283246	{'E__J': 8.030604477283367, 'F__K': 8.030604477283125, 'J__E': 8.030604477283367, 'K__F': 8.030604477283125}
1.4702653618800232	288	(1, -1, -1, 1, -1, -1, -1, -1, -1)	8.030604477277905	{'E__J': 8.03060447727066, 'F__K': 8.030604477285149, 'J__E': 8.03060447727066, 'K__F': 8.030604477285149}
1.4702653618800232	289	(1, -1, -1, 1, -1, -1, -1, -1, 1)	8.03060447727066	{'E__J': 8.03060447727066, 'J__E': 8.03060447727066}
