2.023185668911827	143	(-1, 1, -1, -1, -1, 1, 1, 1, 1)	9.895384822327735	{'C__G': 9.89538482237834, 'F__J': 9.895384822327735, 'G__C': 9.89538482237834, 'G__K': 9.895384822334458, 'J__F': 9.895384822327735, 'K__G': 9.895384822334458, 'B_C__F_G': 9.64256851938545, 'F_G__B_C': 9.64256851938545, 'F_G__last': 9.642568519341081, 'last__F_G': 9.642568519341081}
2.023185668911827	144	(-1, 1, -1, -1, 1, -1, -1, -1, -1)	9.768976670845396	{'F__J': 9.895384822305342, 'G__K': 9.895384822317181, 'J__F': 9.895384822305342, 'K__G': 9.895384822317181, 'B_C__F_G': 9.64256851938545, 'F_G__B_C': 9.64256851938545, 'F_G__last': 9.642568519315054, 'last__F_G': 9.642568519315054}
2.023185668911827	145	(-1, 1, -1, -1, 1, -1, -1, -1, 1)	9.64256851938545	{'F__J': 9.895384822305342, 'J__F': 9.895384822305342, 'B_C__F_G': 9.64256851938545, 'F_G__B_C': 9.64256851938545, 'F_G__last': 9.642568519315054, 'last__F_G': 9.642568519315054}
2.023185668911827	146	(-1, 1, -1, -1, 1, -1, -1, 1, -1)	9.64256851938545	{'B_C__F_G': 9.64256851938545, 'F_G__B_C': 9.64256851938545}
2.023185668911827	147	(-1, 1, -1, -1, 1, -1, -1, 1, 1)	9.64256851938545	{'B_C__F_G': 9.64256851938545, 'F_G__B_C': 9.64256851938545}
2.023185668911827	148	(-1, 1, -1, -1, 1, -1, 1, -1, -1)	9.64256851938545	{'B_C__F_G': 9.64256851938545, 'F_G__B_C': 9.64256851938545}
2.023185668911827	149	(-1, 1, -1, -1, 1, -1, 1, -1, 1)	9.64256851938545	{'B_C__F_G': 9.64256851938545, 'F_G__B_C': 9.64256851938545}
2.023185668911827	150	(-1, 1, -1, -1, 1, -1, 1, 1, -1)	9.642568519363401	{'B_C__F_G': 9.64256851938545, 'F_G__B_C': 9.64256851938545, 'F_G__last': 9.642568519341355, 'last__F_G': 9.642568519341355}
2.023185668911827	151	(-1, 1, -1, -1, 1, -1, 1, 1, 1)	9.64256851938545	{'G__K': 9.895384822335517, 'K__G': 9.895384822335517, 'B_C__F_G': 9.64256851938545, 'F_G__B_C': 9.64256851938545, 'F_G__last': 9.642568519341355, 'last__F_G': 9.642568519341355}
2.023185668911827	152	(-1, 1, -1, -1, 1, 1, -1, -1, -1)	9.64256851938029	{'G__K': 9.895384822320045, 'K__G': 9.895384822320045, 'B_C__F_G': 9.64256851938545, 'B_C__last': 8.50435051478323, 'D_E__H_I': 9.64256851938029, 'F_G__B_C': 9.64256851938545, 'F_G__last': 9.642568519308137, 'H_I__D_E': 9.64256851938029, 'last__B_C': 8.50435051478323, 'last__F_G': 9.642568519308137}
2.023185668911827	153	(-1, 1, -1, -1, 1, 1, -1, -1, 1)	9.642568519344213	{'B_C__F_G': 9.64256851938545, 'B_C__last': 8.50435051478323, 'D_E__H_I': 9.64256851938029, 'F_G__B_C': 9.64256851938545, 'F_G__last': 9.642568519308137, 'H_I__D_E': 9.64256851938029, 'last__B_C': 8.50435051478323, 'last__F_G': 9.642568519308137}
2.023185668911827	154	(-1, 1, -1, -1, 1, 1, -1, 1, -1)	9.64256851938287	{'B_C__F_G': 9.64256851938545, 'D_E__H_I': 9.64256851938029, 'F_G__B_C': 9.64256851938545, 'H_I__D_E': 9.64256851938029}
2.023185668911827	155	(-1, 1, -1, -1, 1, 1, -1, 1, 1)	9.64256851938287	{'B_C__F_G': 9.64256851938545, 'D_E__H_I': 9.64256851938029, 'F_G__B_C': 9.64256851938545, 'H_I__D_E': 9.64256851938029}
2.0263272615654166	143	(-1, 1, -1, -1, -1, 1, 1, 1, 1)	7.122989723930368	{'C__G': 7.122989723956301, 'F__J': 7.122989723935489, 'G__C': 7.122989723956301, 'G__K': 7.122989723930368, 'J__F': 7.122989723935489, 'K__G': 7.122989723930368, 'B_C__F_G': 6.946458368488817, 'F_G__B_C': 6.946458368488817, 'F_G__last': 6.946458368456426, 'last__F_G': 6.946458368456426}
2.0263272615654166	144	(-1, 1, -1, -1, 1, -1, -1, -1, -1)	7.034724046216117	{'F__J': 7.122989723945007, 'G__K': 7.122989723943417, 'J__F': 7.122989723945007, 'K__G': 7.122989723943417, 'B_C__F_G': 6.946458368488817, 'F_G__B_C': 6.946458368488817, 'F_G__last': 6.946458368474481, 'last__F_G': 6.946458368474481}
2.0263272615654166	145	(-1, 1, -1, -1, 1, -1, -1, -1, 1)	6.946458368488817	{'F__J': 7.122989723945007, 'J__F': 7.122989723945007, 'B_C__F_G': 6.946458368488817, 'F_G__B_C': 6.946458368488817, 'F_G__last': 6.946458368474481, 'last__F_G': 6.946458368474481}
2.0263272615654166	146	(-1, 1, -1, -1, 1, -1, -1, 1, -1)	6.946458368488817	{'B_C__F_G': 6.946458368488817, 'F_G__B_C': 6.946458368488817}
2.0263272615654166	147	(-1, 1, -1, -1, 1, -1, -1, 1, 1)	6.946458368488817	{'B_C__F_G': 6.946458368488817, 'F_G__B_C': 6.946458368488817}
2.0263272615654166	148	(-1, 1, -1, -1, 1, -1, 1, -1, -1)	6.946458368488817	{'B_C__F_G': 6.946458368488817, 'F_G__B_C': 6.946458368488817}
2.0263272615654166	149	(-1, 1, -1, -1, 1, -1, 1, -1, 1)	6.946458368488817	{'B_C__F_G': 6.946458368488817, 'F_G__B_C': 6.946458368488817}
2.0263272615654166	150	(-1, 1, -1, -1, 1, -1, 1, 1, -1)	6.946458368488817	{'B_C__F_G': 6.946458368488817, 'B_C__last': 8.984415805946089, 'F_G__B_C': 6.946458368488817, 'F_G__last': 6.9464583684556285, 'last__B_C': 8.984415805946089, 'last__F_G': 6.9464583684556285}
2.0263272615654166	151	(-1, 1, -1, -1, 1, -1, 1, 1, 1)	7.03472404621354	{'G__K': 7.1229897239382645, 'K__G': 7.1229897239382645, 'B_C__F_G': 6.946458368488817, 'B_C__last': 8.984415805946089, 'F_G__B_C': 6.946458368488817, 'F_G__last': 6.9464583684556285, 'last__B_C': 8.984415805946089, 'last__F_G': 6.9464583684556285}
2.0263272615654166	152	(-1, 1, -1, -1, 1, 1, -1, -1, -1)	6.946458368474909	{'G__K': 7.1229897239293125, 'K__G': 7.1229897239293125, 'B_C__F_G': 6.946458368488817, 'B_C__last': 6.150689392304756, 'D_E__H_I': 6.946458368474909, 'F_G__B_C': 6.946458368488817, 'F_G__last': 6.946458368472053, 'H_I__D_E': 6.946458368474909, 'last__B_C': 6.150689392304756, 'last__F_G': 6.946458368472053}
2.0263272615654166	153	(-1, 1, -1, -1, 1, 1, -1, -1, 1)	6.946458368473481	{'B_C__F_G': 6.946458368488817, 'B_C__last': 6.150689392304756, 'D_E__H_I': 6.946458368474909, 'F_G__B_C': 6.946458368488817, 'F_G__last': 6.946458368472053, 'H_I__D_E': 6.946458368474909, 'last__B_C': 6.150689392304756, 'last__F_G': 6.946458368472053}
2.0263272615654166	154	(-1, 1, -1, -1, 1, 1, -1, 1, -1)	6.9464583684818635	{'B_C__F_G': 6.946458368488817, 'D_E__H_I': 6.946458368474909, 'F_G__B_C': 6.946458368488817, 'H_I__D_E': 6.946458368474909}
2.0263272615654166	155	(-1, 1, -1, -1, 1, 1, -1, 1, 1)	6.9464583684818635	{'B_C__F_G': 6.946458368488817, 'D_E__H_I': 6.946458368474909, 'F_G__B_C': 6.946458368488817, 'H_I__D_E': 6.946458368474909}
2.0294688542190067	143	(-1, 1, -1, -1, -1, 1, 1, 1, 1)	4.359189614646373	{'C__G': 4.359189614670528, 'C__K': 6.959975075268199, 'F__J': 4.359189614646373, 'G__C': 4.359189614670528, 'G__K': 4.3591896146355955, 'J__F': 4.359189614646373, 'K__C': 6.959975075268199, 'K__G': 4.3591896146355955, 'B_C__F_G': 4.254494479656205, 'B_C__last': 8.508960160754512, 'F_G__B_C': 4.254494479656205, 'F_G__last': 4.254494479628852, 'last__B_C': 8.508960160754512, 'last__F_G': 4.254494479628852}
2.0294688542190067	144	(-1, 1, -1, -1, 1, -1, -1, -1, -1)	4.359189614646989	{'F__J': 4.359189614646989, 'G__K': 4.35918961466152, 'J__F': 4.359189614646989, 'K__G': 4.35918961466152, 'B_C__F_G': 4.254494479656205, 'B_C__last': 7.241241704073102, 'F_G__B_C': 4.254494479656205, 'F_G__last': 4.25449447963231, 'last__B_C': 7.241241704073102, 'last__F_G': 4.25449447963231}
2.0294688542190067	145	(-1, 1, -1, -1, 1, -1, -1, -1, 1)	4.306842047151597	{'F__J': 4.359189614646989, 'J__F': 4.359189614646989, 'B_C__F_G': 4.254494479656205, 'B_C__last': 7.241241704073102, 'F_G__B_C': 4.254494479656205, 'F_G__last': 4.25449447963231, 'last__B_C': 7.241241704073102, 'last__F_G': 4.25449447963231}
2.0294688542190067	146	(-1, 1, -1, -1, 1, -1, -1, 1, -1)	4.254494479656205	{'B_C__F_G': 4.254494479656205, 'F_G__B_C': 4.254494479656205}
2.0294688542190067	147	(-1, 1, -1, -1, 1, -1, -1, 1, 1)	4.254494479656205	{'B_C__F_G': 4.254494479656205, 'F_G__B_C': 4.254494479656205}
2.0294688542190067	148	(-1, 1, -1, -1, 1, -1, 1, -1, -1)	4.254494479656205	{'B_C__F_G': 4.254494479656205, 'F_G__B_C': 4.254494479656205}
2.0294688542190067	149	(-1, 1, -1, -1, 1, -1, 1, -1, 1)	4.254494479656205	{'B_C__F_G': 4.254494479656205, 'F_G__B_C': 4.254494479656205}
2.0294688542190067	150	(-1, 1, -1, -1, 1, -1, 1, 1, -1)	4.254494479656205	{'B_C__F_G': 4.254494479656205, 'B_C__last': 5.510079827803639, 'F_G__B_C': 4.254494479656205, 'F_G__last': 4.25449447963149, 'last__B_C': 5.510079827803639, 'last__F_G': 4.25449447963149}
2.0294688542190067	151	(-1, 1, -1, -1, 1, -1, 1, 1, 1)	4.306842047146885	{'G__K': 4.359189614637565, 'K__G': 4.359189614637565, 'B_C__F_G': 4.254494479656205, 'B_C__last': 5.510079827803639, 'F_G__B_C': 4.254494479656205, 'F_G__last': 4.25449447963149, 'last__B_C': 5.510079827803639, 'last__F_G': 4.25449447963149}
2.0294688542190067	152	(-1, 1, -1, -1, 1, 1, -1, -1, -1)	4.2544944796383355	{'G__K': 4.359189614673594, 'K__G': 4.359189614673594, 'B_C__F_G': 4.254494479656205, 'B_C__last': 3.781916623078955, 'D_E__H_I': 4.254494479637802, 'F_G__B_C': 4.254494479656205, 'F_G__last': 4.2544944796383355, 'H_I__D_E': 4.254494479637802, 'last__B_C': 3.781916623078955, 'last__F_G': 4.2544944796383355}
2.0294688542190067	153	(-1, 1, -1, -1, 1, 1, -1, -1, 1)	4.254494479638069	{'B_C__F_G': 4.254494479656205, 'B_C__last': 3.781916623078955, 'D_E__H_I': 4.254494479637802, 'F_G__B_C': 4.254494479656205, 'F_G__last': 4.2544944796383355, 'H_I__D_E': 4.254494479637802, 'last__B_C': 3.781916623078955, 'last__F_G': 4.2544944796383355}
2.0294688542190067	154	(-1, 1, -1, -1, 1, 1, -1, 1, -1)	4.254494479647003	{'B_C__F_G': 4.254494479656205, 'D_E__H_I': 4.254494479637802, 'F_G__B_C': 4.254494479656205, 'H_I__D_E': 4.254494479637802}
2.0294688542190067	155	(-1, 1, -1, -1, 1, 1, -1, 1, 1)	4.254494479647003	{'B_C__F_G': 4.254494479656205, 'D_E__H_I': 4.254494479637802, 'F_G__B_C': 4.254494479656205, 'H_I__D_E': 4.254494479637802}
2.0326104468725963	143	(-1, 1, -1, -1, -1, 1, 1, 1, 1)	1.6039967949821634	{'C__G': 1.603996794988908, 'C__K': 2.5621113582159567, 'F__J': 1.6039967949697338, 'G__C': 1.603996794988908, 'G__K': 1.6039967949821634, 'J__F': 1.6039967949697338, 'K__C': 2.5621113582159567, 'K__G': 1.6039967949821634, 'B_C__F_G': 1.5667034214676314, 'B_C__last': 3.1334053928386845, 'F_G__B_C': 1.5667034214676314, 'F_G__last': 1.5667034214119513, 'last__B_C': 3.1334053928386845, 'last__F_G': 1.5667034214119513}
2.0326104468725963	144	(-1, 1, -1, -1, 1, -1, -1, -1, -1)	1.6039967949626717	{'F__J': 1.6039967949731715, 'G__K': 1.6039967949626717, 'J__F': 1.6039967949731715, 'K__G': 1.6039967949626717, 'B_C__F_G': 1.5667034214676314, 'B_C__last': 2.665851857556041, 'F_G__B_C': 1.5667034214676314, 'F_G__last': 1.566703421425555, 'last__B_C': 2.665851857556041, 'last__F_G': 1.566703421425555}
2.0326104468725963	145	(-1, 1, -1, -1, 1, -1, -1, -1, 1)	1.5853501082204016	{'F__J': 1.6039967949731715, 'J__F': 1.6039967949731715, 'B_C__F_G': 1.5667034214676314, 'B_C__last': 2.665851857556041, 'F_G__B_C': 1.5667034214676314, 'F_G__last': 1.566703421425555, 'last__B_C': 2.665851857556041, 'last__F_G': 1.566703421425555}
2.0326104468725963	146	(-1, 1, -1, -1, 1, -1, -1, 1, -1)	1.5667034214676314	{'B_C__F_G': 1.5667034214676314, 'F_G__B_C': 1.5667034214676314}
2.0326104468725963	147	(-1, 1, -1, -1, 1, -1, -1, 1, 1)	1.5667034214676314	{'B_C__F_G': 1.5667034214676314, 'F_G__B_C': 1.5667034214676314}
2.0326104468725963	148	(-1, 1, -1, -1, 1, -1, 1, -1, -1)	1.5667034214676314	{'B_C__F_G': 1.5667034214676314, 'F_G__B_C': 1.5667034214676314}
2.0326104468725963	149	(-1, 1, -1, -1, 1, -1, 1, -1, 1)	1.5667034214676314	{'B_C__F_G': 1.5667034214676314, 'F_G__B_C': 1.5667034214676314}
2.0326104468725963	150	(-1, 1, -1, -1, 1, -1, 1, 1, -1)	1.5667034214676314	{'B_C__F_G': 1.5667034214676314, 'B_C__last': 2.0317877841776872, 'F_G__B_C': 1.5667034214676314, 'F_G__last': 1.5667034214408455, 'last__B_C': 2.0317877841776872, 'last__F_G': 1.5667034214408455}
2.0326104468725963	151	(-1, 1, -1, -1, 1, -1, 1, 1, 1)	1.5853501082291865	{'G__K': 1.6039967949907414, 'K__G': 1.6039967949907414, 'B_C__F_G': 1.5667034214676314, 'B_C__last': 2.0317877841776872, 'F_G__B_C': 1.5667034214676314, 'F_G__last': 1.5667034214408455, 'last__B_C': 2.0317877841776872, 'last__F_G': 1.5667034214408455}
2.0326104468725963	152	(-1, 1, -1, -1, 1, 1, -1, -1, -1)	1.5667034214582563	{'G__K': 1.6039967949744993, 'K__G': 1.6039967949744993, 'B_C__F_G': 1.5667034214676314, 'B_C__last': 1.398125448210294, 'D_E__H_I': 1.5667034214582563, 'F_G__B_C': 1.5667034214676314, 'F_G__last': 1.5667034214230056, 'H_I__D_E': 1.5667034214582563, 'last__B_C': 1.398125448210294, 'last__F_G': 1.5667034214230056}
2.0326104468725963	153	(-1, 1, -1, -1, 1, 1, -1, -1, 1)	1.5667034214406308	{'B_C__F_G': 1.5667034214676314, 'B_C__last': 1.398125448210294, 'D_E__H_I': 1.5667034214582563, 'F_G__B_C': 1.5667034214676314, 'F_G__last': 1.5667034214230056, 'H_I__D_E': 1.5667034214582563, 'last__B_C': 1.398125448210294, 'last__F_G': 1.5667034214230056}
2.0326104468725963	154	(-1, 1, -1, -1, 1, 1, -1, 1, -1)	1.5667034214629438	{'B_C__F_G': 1.5667034214676314, 'D_E__H_I': 1.5667034214582563, 'F_G__B_C': 1.5667034214676314, 'H_I__D_E': 1.5667034214582563}
2.0326104468725963	155	(-1, 1, -1, -1, 1, 1, -1, 1, 1)	1.5667034214629438	{'B_C__F_G': 1.5667034214676314, 'D_E__H_I': 1.5667034214582563, 'F_G__B_C': 1.5667034214676314, 'H_I__D_E': 1.5667034214582563}
2.035752039526186	143	(-1, 1, -1, -1, -1, 1, 1, 1, 1)	1.1425766477024144	{'C__G': 1.1425766477525376, 'C__K': 1.8258839026364884, 'F__J': 1.1425766477024144, 'G__C': 1.1425766477525376, 'G__K': 1.142576647692544, 'J__F': 1.1425766477024144, 'K__C': 1.8258839026364884, 'K__G': 1.142576647692544, 'B_C__F_G': 1.1168882786513594, 'B_C__last': 2.23377602757098, 'F_G__B_C': 1.1168882786513594, 'F_G__last': 1.1168882786107701, 'last__B_C': 2.23377602757098, 'last__F_G': 1.1168882786107701}
2.035752039526186	144	(-1, 1, -1, -1, 1, -1, -1, -1, -1)	1.142576647686583	{'F__J': 1.142576647686583, 'G__K': 1.1425766476966557, 'J__F': 1.142576647686583, 'K__G': 1.1425766476966557, 'B_C__F_G': 1.1168882786513594, 'B_C__last': 1.8999513181906018, 'F_G__B_C': 1.1168882786513594, 'F_G__last': 1.1168882785799348, 'last__B_C': 1.8999513181906018, 'last__F_G': 1.1168882785799348}
2.035752039526186	145	(-1, 1, -1, -1, 1, -1, -1, -1, 1)	1.1297324631689714	{'F__J': 1.142576647686583, 'J__F': 1.142576647686583, 'B_C__F_G': 1.1168882786513594, 'B_C__last': 1.8999513181906018, 'F_G__B_C': 1.1168882786513594, 'F_G__last': 1.1168882785799348, 'last__B_C': 1.8999513181906018, 'last__F_G': 1.1168882785799348}
2.035752039526186	146	(-1, 1, -1, -1, 1, -1, -1, 1, -1)	1.1168882786513594	{'B_C__F_G': 1.1168882786513594, 'F_G__B_C': 1.1168882786513594}
2.035752039526186	147	(-1, 1, -1, -1, 1, -1, -1, 1, 1)	1.1168882786513594	{'B_C__F_G': 1.1168882786513594, 'F_G__B_C': 1.1168882786513594}
2.035752039526186	148	(-1, 1, -1, -1, 1, -1, 1, -1, -1)	1.1168882786513594	{'B_C__F_G': 1.1168882786513594, 'F_G__B_C': 1.1168882786513594}
2.035752039526186	149	(-1, 1, -1, -1, 1, -1, 1, -1, 1)	1.1168882786513594	{'B_C__F_G': 1.1168882786513594, 'F_G__B_C': 1.1168882786513594}
2.035752039526186	150	(-1, 1, -1, -1, 1, -1, 1, 1, -1)	1.1168882786513594	{'B_C__F_G': 1.1168882786513594, 'B_C__last': 1.450377382362465, 'F_G__B_C': 1.1168882786513594, 'F_G__last': 1.1168882786292251, 'last__B_C': 1.450377382362465, 'last__F_G': 1.1168882786292251}
2.035752039526186	151	(-1, 1, -1, -1, 1, -1, 1, 1, 1)	1.1297324631780408	{'G__K': 1.1425766477047221, 'K__G': 1.1425766477047221, 'B_C__F_G': 1.1168882786513594, 'B_C__last': 1.450377382362465, 'F_G__B_C': 1.1168882786513594, 'F_G__last': 1.1168882786292251, 'last__B_C': 1.450377382362465, 'last__F_G': 1.1168882786292251}
2.035752039526186	152	(-1, 1, -1, -1, 1, 1, -1, -1, -1)	1.1168882786475753	{'G__K': 1.1425766476872674, 'K__G': 1.1425766476872674, 'B_C__F_G': 1.1168882786513594, 'B_C__last': 1.0005901668825397, 'D_E__H_I': 1.1168882786475753, 'F_G__B_C': 1.1168882786513594, 'F_G__last': 1.1168882785805605, 'H_I__D_E': 1.1168882786475753, 'last__B_C': 1.0005901668825397, 'last__F_G': 1.1168882785805605}
2.035752039526186	153	(-1, 1, -1, -1, 1, 1, -1, -1, 1)	1.116888278614068	{'B_C__F_G': 1.1168882786513594, 'B_C__last': 1.0005901668825397, 'D_E__H_I': 1.1168882786475753, 'F_G__B_C': 1.1168882786513594, 'F_G__last': 1.1168882785805605, 'H_I__D_E': 1.1168882786475753, 'last__B_C': 1.0005901668825397, 'last__F_G': 1.1168882785805605}
2.035752039526186	154	(-1, 1, -1, -1, 1, 1, -1, 1, -1)	1.1168882786494674	{'B_C__F_G': 1.1168882786513594, 'D_E__H_I': 1.1168882786475753, 'F_G__B_C': 1.1168882786513594, 'H_I__D_E': 1.1168882786475753}
2.035752039526186	155	(-1, 1, -1, -1, 1, 1, -1, 1, 1)	1.1168882786494674	{'B_C__F_G': 1.1168882786513594, 'D_E__H_I': 1.1168882786475753, 'F_G__B_C': 1.1168882786513594, 'H_I__D_E': 1.1168882786475753}
2.038893632179776	143	(-1, 1, -1, -1, -1, 1, 1, 1, 1)	3.880518839340509	{'C__G': 3.8805188392970704, 'C__K': 6.203997457975611, 'F__J': 3.880518839340509, 'G__C': 3.8805188392970704, 'G__K': 3.8805188393495467, 'J__F': 3.880518839340509, 'K__C': 6.203997457975611, 'K__G': 3.8805188393495467, 'B_C__F_G': 3.7962541347351264, 'B_C__last': 7.592487298794041, 'F_G__B_C': 3.7962541347351264, 'F_G__last': 3.7962541347795047, 'last__B_C': 7.592487298794041, 'last__F_G': 3.7962541347795047}
2.038893632179776	144	(-1, 1, -1, -1, 1, -1, -1, -1, -1)	3.880518839311504	{'F__J': 3.8805188393266117, 'G__K': 3.880518839311504, 'J__F': 3.8805188393266117, 'K__G': 3.880518839311504, 'B_C__F_G': 3.7962541347351264, 'B_C__last': 6.4561101693186, 'F_G__B_C': 3.7962541347351264, 'F_G__last': 3.7962541347539505, 'last__B_C': 6.4561101693186, 'last__F_G': 3.7962541347539505}
2.038893632179776	145	(-1, 1, -1, -1, 1, -1, -1, -1, 1)	3.838386487040281	{'F__J': 3.8805188393266117, 'J__F': 3.8805188393266117, 'B_C__F_G': 3.7962541347351264, 'B_C__last': 6.4561101693186, 'F_G__B_C': 3.7962541347351264, 'F_G__last': 3.7962541347539505, 'last__B_C': 6.4561101693186, 'last__F_G': 3.7962541347539505}
2.038893632179776	146	(-1, 1, -1, -1, 1, -1, -1, 1, -1)	3.7962541347351264	{'B_C__F_G': 3.7962541347351264, 'F_G__B_C': 3.7962541347351264}
2.038893632179776	147	(-1, 1, -1, -1, 1, -1, -1, 1, 1)	3.7962541347351264	{'B_C__F_G': 3.7962541347351264, 'F_G__B_C': 3.7962541347351264}
2.038893632179776	148	(-1, 1, -1, -1, 1, -1, 1, -1, -1)	3.7962541347351264	{'B_C__F_G': 3.7962541347351264, 'F_G__B_C': 3.7962541347351264}
2.038893632179776	149	(-1, 1, -1, -1, 1, -1, 1, -1, 1)	3.7962541347351264	{'B_C__F_G': 3.7962541347351264, 'F_G__B_C': 3.7962541347351264}
2.038893632179776	150	(-1, 1, -1, -1, 1, -1, 1, 1, -1)	3.7962541347701317	{'B_C__F_G': 3.7962541347351264, 'B_C__last': 4.936332452469305, 'F_G__B_C': 3.7962541347351264, 'F_G__last': 3.7962541347701317, 'last__B_C': 4.936332452469305, 'last__F_G': 3.7962541347701317}
2.038893632179776	151	(-1, 1, -1, -1, 1, -1, 1, 1, 1)	3.8383864870506152	{'G__K': 3.8805188393310988, 'K__G': 3.8805188393310988, 'B_C__F_G': 3.7962541347351264, 'B_C__last': 4.936332452469305, 'F_G__B_C': 3.7962541347351264, 'F_G__last': 3.7962541347701317, 'last__B_C': 4.936332452469305, 'last__F_G': 3.7962541347701317}
2.038893632179776	152	(-1, 1, -1, -1, 1, 1, -1, -1, -1)	3.796254134753602	{'G__K': 3.880518839318717, 'K__G': 3.880518839318717, 'B_C__F_G': 3.7962541347351264, 'B_C__last': 3.4141355360394203, 'D_E__H_I': 3.796254134758224, 'F_G__B_C': 3.7962541347351264, 'F_G__last': 3.796254134753602, 'H_I__D_E': 3.796254134758224, 'last__B_C': 3.4141355360394203, 'last__F_G': 3.796254134753602}
2.038893632179776	153	(-1, 1, -1, -1, 1, 1, -1, -1, 1)	3.7962541347443644	{'B_C__F_G': 3.7962541347351264, 'B_C__last': 3.4141355360394203, 'D_E__H_I': 3.796254134758224, 'F_G__B_C': 3.7962541347351264, 'F_G__last': 3.796254134753602, 'H_I__D_E': 3.796254134758224, 'last__B_C': 3.4141355360394203, 'last__F_G': 3.796254134753602}
2.038893632179776	154	(-1, 1, -1, -1, 1, 1, -1, 1, -1)	3.7962541347466754	{'B_C__F_G': 3.7962541347351264, 'D_E__H_I': 3.796254134758224, 'F_G__B_C': 3.7962541347351264, 'H_I__D_E': 3.796254134758224}
2.038893632179776	155	(-1, 1, -1, -1, 1, 1, -1, 1, 1)	3.7962541347466754	{'B_C__F_G': 3.7962541347351264, 'D_E__H_I': 3.796254134758224, 'F_G__B_C': 3.7962541347351264, 'H_I__D_E': 3.796254134758224}
2.0420352248333655	143	(-1, 1, -1, -1, -1, 1, 1, 1, 1)	6.609818118112945	{'C__G': 6.609818118112945, 'F__J': 6.609818118118548, 'G__C': 6.609818118112945, 'G__K': 6.609818118118259, 'J__F': 6.609818118118548, 'K__G': 6.609818118118259, 'B_C__F_G': 6.471367702535903, 'F_G__B_C': 6.471367702535903, 'F_G__last': 6.471367702568517, 'last__F_G': 6.471367702568517}
2.0420352248333655	144	(-1, 1, -1, -1, 1, -1, -1, -1, -1)	6.540592910318191	{'F__J': 6.609818118100479, 'G__K': 6.609818118110943, 'J__F': 6.609818118100479, 'K__G': 6.609818118110943, 'B_C__F_G': 6.471367702535903, 'F_G__B_C': 6.471367702535903, 'F_G__last': 6.471367702531175, 'last__F_G': 6.471367702531175}
2.0420352248333655	145	(-1, 1, -1, -1, 1, -1, -1, -1, 1)	6.471367702535903	{'F__J': 6.609818118100479, 'J__F': 6.609818118100479, 'B_C__F_G': 6.471367702535903, 'F_G__B_C': 6.471367702535903, 'F_G__last': 6.471367702531175, 'last__F_G': 6.471367702531175}
2.0420352248333655	146	(-1, 1, -1, -1, 1, -1, -1, 1, -1)	6.471367702535903	{'B_C__F_G': 6.471367702535903, 'F_G__B_C': 6.471367702535903}
2.0420352248333655	147	(-1, 1, -1, -1, 1, -1, -1, 1, 1)	6.471367702535903	{'B_C__F_G': 6.471367702535903, 'F_G__B_C': 6.471367702535903}
2.0420352248333655	148	(-1, 1, -1, -1, 1, -1, 1, -1, -1)	6.471367702535903	{'B_C__F_G': 6.471367702535903, 'F_G__B_C': 6.471367702535903}
2.0420352248333655	149	(-1, 1, -1, -1, 1, -1, 1, -1, 1)	6.471367702535903	{'B_C__F_G': 6.471367702535903, 'F_G__B_C': 6.471367702535903}
2.0420352248333655	150	(-1, 1, -1, -1, 1, -1, 1, 1, -1)	6.471367702558489	{'B_C__F_G': 6.471367702535903, 'B_C__last': 8.425993933986303, 'F_G__B_C': 6.471367702535903, 'F_G__last': 6.471367702558489, 'last__B_C': 8.425993933986303, 'last__F_G': 6.471367702558489}
2.0420352248333655	151	(-1, 1, -1, -1, 1, -1, 1, 1, 1)	6.540592910338752	{'G__K': 6.609818118119015, 'K__G': 6.609818118119015, 'B_C__F_G': 6.471367702535903, 'B_C__last': 8.425993933986303, 'F_G__B_C': 6.471367702535903, 'F_G__last': 6.471367702558489, 'last__B_C': 8.425993933986303, 'last__F_G': 6.471367702558489}
2.0420352248333655	152	(-1, 1, -1, -1, 1, 1, -1, -1, -1)	6.471367702535903	{'G__K': 6.609818118108322, 'K__G': 6.609818118108322, 'B_C__F_G': 6.471367702535903, 'B_C__last': 5.842415255811986, 'D_E__H_I': 6.471367702523656, 'F_G__B_C': 6.471367702535903, 'F_G__last': 6.471367702536333, 'H_I__D_E': 6.471367702523656, 'last__B_C': 5.842415255811986, 'last__F_G': 6.471367702536333}
2.0420352248333655	153	(-1, 1, -1, -1, 1, 1, -1, -1, 1)	6.471367702529779	{'B_C__F_G': 6.471367702535903, 'B_C__last': 5.842415255811986, 'D_E__H_I': 6.471367702523656, 'F_G__B_C': 6.471367702535903, 'F_G__last': 6.471367702536333, 'H_I__D_E': 6.471367702523656, 'last__B_C': 5.842415255811986, 'last__F_G': 6.471367702536333}
2.0420352248333655	154	(-1, 1, -1, -1, 1, 1, -1, 1, -1)	6.471367702529779	{'B_C__F_G': 6.471367702535903, 'D_E__H_I': 6.471367702523656, 'F_G__B_C': 6.471367702535903, 'H_I__D_E': 6.471367702523656}
2.0420352248333655	155	(-1, 1, -1, -1, 1, 1, -1, 1, 1)	6.471367702529779	{'B_C__F_G': 6.471367702535903, 'D_E__H_I': 6.471367702523656, 'F_G__B_C': 6.471367702535903, 'H_I__D_E': 6.471367702523656}
2.0451768174869556	143	(-1, 1, -1, -1, -1, 1, 1, 1, 1)	9.330463035099353	{'C__G': 9.330463035099353, 'F__J': 9.330463035131729, 'G__C': 9.330463035099353, 'G__K': 9.330463035139353, 'J__F': 9.330463035131729, 'K__G': 9.330463035139353, 'B_C__F_G': 9.142202579748538, 'F_G__B_C': 9.142202579748538, 'F_G__last': 9.142202579801628, 'last__F_G': 9.142202579801628}
2.0451768174869556	144	(-1, 1, -1, -1, 1, -1, -1, -1, -1)	9.236332807451783	{'F__J': 9.330463035120594, 'G__K': 9.330463035119449, 'J__F': 9.330463035120594, 'K__G': 9.330463035119449, 'B_C__F_G': 9.142202579748538, 'F_G__B_C': 9.142202579748538, 'F_G__last': 9.142202579784117, 'last__F_G': 9.142202579784117}
2.0451768174869556	145	(-1, 1, -1, -1, 1, -1, -1, -1, 1)	9.142202579784117	{'F__J': 9.330463035120594, 'J__F': 9.330463035120594, 'B_C__F_G': 9.142202579748538, 'F_G__B_C': 9.142202579748538, 'F_G__last': 9.142202579784117, 'last__F_G': 9.142202579784117}
2.0451768174869556	146	(-1, 1, -1, -1, 1, -1, -1, 1, -1)	9.142202579748538	{'B_C__F_G': 9.142202579748538, 'F_G__B_C': 9.142202579748538}
2.0451768174869556	147	(-1, 1, -1, -1, 1, -1, -1, 1, 1)	9.142202579748538	{'B_C__F_G': 9.142202579748538, 'F_G__B_C': 9.142202579748538}
2.0451768174869556	148	(-1, 1, -1, -1, 1, -1, 1, -1, -1)	9.142202579748538	{'B_C__F_G': 9.142202579748538, 'F_G__B_C': 9.142202579748538}
2.0451768174869556	149	(-1, 1, -1, -1, 1, -1, 1, -1, 1)	9.142202579748538	{'B_C__F_G': 9.142202579748538, 'F_G__B_C': 9.142202579748538}
2.0451768174869556	150	(-1, 1, -1, -1, 1, -1, 1, 1, -1)	9.142202579764096	{'B_C__F_G': 9.142202579748538, 'F_G__B_C': 9.142202579748538, 'F_G__last': 9.142202579779655, 'last__F_G': 9.142202579779655}
2.0451768174869556	151	(-1, 1, -1, -1, 1, -1, 1, 1, 1)	9.142202579779655	{'G__K': 9.33046303512142, 'K__G': 9.33046303512142, 'B_C__F_G': 9.142202579748538, 'F_G__B_C': 9.142202579748538, 'F_G__last': 9.142202579779655, 'last__F_G': 9.142202579779655}
2.0451768174869556	152	(-1, 1, -1, -1, 1, 1, -1, -1, -1)	9.142202579767769	{'G__K': 9.330463035108057, 'K__G': 9.330463035108057, 'B_C__F_G': 9.142202579748538, 'B_C__last': 8.285333208955429, 'D_E__H_I': 9.142202579767769, 'F_G__B_C': 9.142202579748538, 'F_G__last': 9.142202579778818, 'H_I__D_E': 9.142202579767769, 'last__B_C': 8.285333208955429, 'last__F_G': 9.142202579778818}
2.0451768174869556	153	(-1, 1, -1, -1, 1, 1, -1, -1, 1)	9.142202579758154	{'B_C__F_G': 9.142202579748538, 'B_C__last': 8.285333208955429, 'D_E__H_I': 9.142202579767769, 'F_G__B_C': 9.142202579748538, 'F_G__last': 9.142202579778818, 'H_I__D_E': 9.142202579767769, 'last__B_C': 8.285333208955429, 'last__F_G': 9.142202579778818}
2.0451768174869556	154	(-1, 1, -1, -1, 1, 1, -1, 1, -1)	9.142202579758154	{'B_C__F_G': 9.142202579748538, 'D_E__H_I': 9.142202579767769, 'F_G__B_C': 9.142202579748538, 'H_I__D_E': 9.142202579767769}
2.0451768174869556	155	(-1, 1, -1, -1, 1, 1, -1, 1, 1)	9.142202579758154	{'B_C__F_G': 9.142202579748538, 'D_E__H_I': 9.142202579767769, 'F_G__B_C': 9.142202579748538, 'H_I__D_E': 9.142202579767769}
2.0797343366764434	144	(-1, 1, -1, -1, 1, -1, -1, -1, -1)	6.867101122726224	{'B__G': 6.867101122726224, 'G__B': 6.867101122726224}
2.0797343366764434	145	(-1, 1, -1, -1, 1, -1, -1, -1, 1)	6.867101122726224	{'B__G': 6.867101122726224, 'G__B': 6.867101122726224}
2.0797343366764434	146	(-1, 1, -1, -1, 1, -1, -1, 1, -1)	6.867101122726224	{'B__G': 6.867101122726224, 'G__B': 6.867101122726224}
2.0797343366764434	147	(-1, 1, -1, -1, 1, -1, -1, 1, 1)	6.867101122726224	{'B__G': 6.867101122726224, 'G__B': 6.867101122726224}
2.0797343366764434	148	(-1, 1, -1, -1, 1, -1, 1, -1, -1)	6.867101122726224	{'B__G': 6.867101122726224, 'G__B': 6.867101122726224}
2.0797343366764434	149	(-1, 1, -1, -1, 1, -1, 1, -1, 1)	6.867101122726224	{'B__G': 6.867101122726224, 'G__B': 6.867101122726224}
2.0797343366764434	150	(-1, 1, -1, -1, 1, -1, 1, 1, -1)	6.86710112269457	{'B__G': 6.867101122726224, 'F__K': 6.867101122662916, 'G__B': 6.867101122726224, 'K__F': 6.867101122662916}
2.0797343366764434	151	(-1, 1, -1, -1, 1, -1, 1, 1, 1)	6.867101122726224	{'B__G': 6.867101122726224, 'G__B': 6.867101122726224}
2.0797343366764434	152	(-1, 1, -1, -1, 1, 1, -1, -1, -1)	6.867101122743785	{'B__G': 6.867101122726224, 'D__I': 6.867101122761346, 'G__B': 6.867101122726224, 'I__D': 6.867101122761346}
2.0797343366764434	153	(-1, 1, -1, -1, 1, 1, -1, -1, 1)	6.867101122732641	{'B__G': 6.867101122726224, 'D__I': 6.867101122761346, 'F__K': 6.867101122732641, 'G__B': 6.867101122726224, 'I__D': 6.867101122761346, 'K__F': 6.867101122732641}
2.0797343366764434	154	(-1, 1, -1, -1, 1, 1, -1, 1, -1)	6.867101122743785	{'B__G': 6.867101122726224, 'D__I': 6.867101122761346, 'G__B': 6.867101122726224, 'I__D': 6.867101122761346}
2.0797343366764434	155	(-1, 1, -1, -1, 1, 1, -1, 1, 1)	6.867101122743785	{'B__G': 6.867101122726224, 'D__I': 6.867101122761346, 'G__B': 6.867101122726224, 'I__D': 6.867101122761346}
2.082875929330033	144	(-1, 1, -1, -1, 1, -1, -1, -1, -1)	2.8606276811648828	{'B__G': 2.8606276811648828, 'G__B': 2.8606276811648828}
2.082875929330033	145	(-1, 1, -1, -1, 1, -1, -1, -1, 1)	2.8606276811648828	{'B__G': 2.8606276811648828, 'G__B': 2.8606276811648828}
2.082875929330033	146	(-1, 1, -1, -1, 1, -1, -1, 1, -1)	2.8606276811648828	{'B__G': 2.8606276811648828, 'G__B': 2.8606276811648828}
2.082875929330033	147	(-1, 1, -1, -1, 1, -1, -1, 1, 1)	2.8606276811648828	{'B__G': 2.8606276811648828, 'G__B': 2.8606276811648828}
2.082875929330033	148	(-1, 1, -1, -1, 1, -1, 1, -1, -1)	2.8606276811648828	{'B__G': 2.8606276811648828, 'G__B': 2.8606276811648828}
2.082875929330033	149	(-1, 1, -1, -1, 1, -1, 1, -1, 1)	2.8606276811648828	{'B__G': 2.8606276811648828, 'G__B': 2.8606276811648828}
2.082875929330033	150	(-1, 1, -1, -1, 1, -1, 1, 1, -1)	2.8606276811602056	{'B__G': 2.8606276811648828, 'F__K': 2.8606276811555285, 'G__B': 2.8606276811648828, 'K__F': 2.8606276811555285}
2.082875929330033	151	(-1, 1, -1, -1, 1, -1, 1, 1, 1)	2.8606276811648828	{'B__G': 2.8606276811648828, 'G__B': 2.8606276811648828}
2.082875929330033	152	(-1, 1, -1, -1, 1, 1, -1, -1, -1)	2.8606276811639373	{'B__G': 2.8606276811648828, 'D__I': 2.860627681162992, 'G__B': 2.8606276811648828, 'I__D': 2.860627681162992}
2.082875929330033	153	(-1, 1, -1, -1, 1, 1, -1, -1, 1)	2.8606276811648828	{'B__G': 2.8606276811648828, 'D__I': 2.860627681162992, 'F__K': 2.860627681203192, 'G__B': 2.8606276811648828, 'I__D': 2.860627681162992, 'K__F': 2.860627681203192}
2.082875929330033	154	(-1, 1, -1, -1, 1, 1, -1, 1, -1)	2.8606276811639373	{'B__G': 2.8606276811648828, 'D__I': 2.860627681162992, 'G__B': 2.8606276811648828, 'I__D': 2.860627681162992}
2.082875929330033	155	(-1, 1, -1, -1, 1, 1, -1, 1, 1)	2.8606276811639373	{'B__G': 2.8606276811648828, 'D__I': 2.860627681162992, 'G__B': 2.8606276811648828, 'I__D': 2.860627681162992}
2.0860175219836226	144	(-1, 1, -1, -1, 1, -1, -1, -1, -1)	1.139999413643474	{'B__G': 1.139999413643474, 'G__B': 1.139999413643474}
2.0860175219836226	145	(-1, 1, -1, -1, 1, -1, -1, -1, 1)	1.139999413643474	{'B__G': 1.139999413643474, 'G__B': 1.139999413643474}
2.0860175219836226	146	(-1, 1, -1, -1, 1, -1, -1, 1, -1)	1.139999413643474	{'B__G': 1.139999413643474, 'G__B': 1.139999413643474}
2.0860175219836226	147	(-1, 1, -1, -1, 1, -1, -1, 1, 1)	1.139999413643474	{'B__G': 1.139999413643474, 'G__B': 1.139999413643474}
2.0860175219836226	148	(-1, 1, -1, -1, 1, -1, 1, -1, -1)	1.139999413643474	{'B__G': 1.139999413643474, 'G__B': 1.139999413643474}
2.0860175219836226	149	(-1, 1, -1, -1, 1, -1, 1, -1, 1)	1.139999413643474	{'B__G': 1.139999413643474, 'G__B': 1.139999413643474}
2.0860175219836226	150	(-1, 1, -1, -1, 1, -1, 1, 1, -1)	1.139999413658801	{'B__G': 1.139999413643474, 'F__K': 1.139999413674128, 'G__B': 1.139999413643474, 'K__F': 1.139999413674128}
2.0860175219836226	151	(-1, 1, -1, -1, 1, -1, 1, 1, 1)	1.139999413643474	{'B__G': 1.139999413643474, 'G__B': 1.139999413643474}
2.0860175219836226	152	(-1, 1, -1, -1, 1, 1, -1, -1, -1)	1.1399994136328027	{'B__G': 1.139999413643474, 'D__I': 1.1399994136221316, 'G__B': 1.139999413643474, 'I__D': 1.1399994136221316}
2.0860175219836226	153	(-1, 1, -1, -1, 1, 1, -1, -1, 1)	1.1399994136221316	{'B__G': 1.139999413643474, 'D__I': 1.1399994136221316, 'F__K': 1.1399994136111062, 'G__B': 1.139999413643474, 'I__D': 1.1399994136221316, 'K__F': 1.1399994136111062}
2.0860175219836226	154	(-1, 1, -1, -1, 1, 1, -1, 1, -1)	1.1399994136328027	{'B__G': 1.139999413643474, 'D__I': 1.1399994136221316, 'G__B': 1.139999413643474, 'I__D': 1.1399994136221316}
2.0860175219836226	155	(-1, 1, -1, -1, 1, 1, -1, 1, 1)	1.1399994136328027	{'B__G': 1.139999413643474, 'D__I': 1.1399994136221316, 'G__B': 1.139999413643474, 'I__D': 1.1399994136221316}
2.0891591146372126	144	(-1, 1, -1, -1, 1, -1, -1, -1, -1)	5.134734183735074	{'B__G': 5.134734183735074, 'G__B': 5.134734183735074}
2.0891591146372126	145	(-1, 1, -1, -1, 1, -1, -1, -1, 1)	5.134734183735074	{'B__G': 5.134734183735074, 'G__B': 5.134734183735074}
2.0891591146372126	146	(-1, 1, -1, -1, 1, -1, -1, 1, -1)	5.134734183735074	{'B__G': 5.134734183735074, 'G__B': 5.134734183735074}
2.0891591146372126	147	(-1, 1, -1, -1, 1, -1, -1, 1, 1)	5.134734183735074	{'B__G': 5.134734183735074, 'G__B': 5.134734183735074}
2.0891591146372126	148	(-1, 1, -1, -1, 1, -1, 1, -1, -1)	5.134734183735074	{'B__G': 5.134734183735074, 'G__B': 5.134734183735074}
2.0891591146372126	149	(-1, 1, -1, -1, 1, -1, 1, -1, 1)	5.134734183735074	{'B__G': 5.134734183735074, 'G__B': 5.134734183735074}
2.0891591146372126	150	(-1, 1, -1, -1, 1, -1, 1, 1, -1)	5.134734183750783	{'B__G': 5.134734183735074, 'F__K': 5.134734183766493, 'G__B': 5.134734183735074, 'K__F': 5.134734183766493}
2.0891591146372126	151	(-1, 1, -1, -1, 1, -1, 1, 1, 1)	5.134734183735074	{'B__G': 5.134734183735074, 'G__B': 5.134734183735074}
2.0891591146372126	152	(-1, 1, -1, -1, 1, 1, -1, -1, -1)	5.134734183729085	{'B__G': 5.134734183735074, 'D__I': 5.134734183723097, 'G__B': 5.134734183735074, 'I__D': 5.134734183723097}
2.0891591146372126	153	(-1, 1, -1, -1, 1, 1, -1, -1, 1)	5.134734183735074	{'B__G': 5.134734183735074, 'D__I': 5.134734183723097, 'F__K': 5.134734183807478, 'G__B': 5.134734183735074, 'I__D': 5.134734183723097, 'K__F': 5.134734183807478}
2.0891591146372126	154	(-1, 1, -1, -1, 1, 1, -1, 1, -1)	5.134734183729085	{'B__G': 5.134734183735074, 'D__I': 5.134734183723097, 'G__B': 5.134734183735074, 'I__D': 5.134734183723097}
2.0891591146372126	155	(-1, 1, -1, -1, 1, 1, -1, 1, 1)	5.134734183729085	{'B__G': 5.134734183735074, 'D__I': 5.134734183723097, 'G__B': 5.134734183735074, 'I__D': 5.134734183723097}
2.092300707290802	144	(-1, 1, -1, -1, 1, -1, -1, -1, -1)	9.123530684852128	{'B__G': 9.123530684852128, 'G__B': 9.123530684852128}
2.092300707290802	145	(-1, 1, -1, -1, 1, -1, -1, -1, 1)	9.123530684852128	{'B__G': 9.123530684852128, 'G__B': 9.123530684852128}
2.092300707290802	146	(-1, 1, -1, -1, 1, -1, -1, 1, -1)	9.123530684852128	{'B__G': 9.123530684852128, 'G__B': 9.123530684852128}
2.092300707290802	147	(-1, 1, -1, -1, 1, -1, -1, 1, 1)	9.123530684852128	{'B__G': 9.123530684852128, 'G__B': 9.123530684852128}
2.092300707290802	148	(-1, 1, -1, -1, 1, -1, 1, -1, -1)	9.123530684852128	{'B__G': 9.123530684852128, 'G__B': 9.123530684852128}
2.092300707290802	149	(-1, 1, -1, -1, 1, -1, 1, -1, 1)	9.123530684852128	{'B__G': 9.123530684852128, 'G__B': 9.123530684852128}
2.092300707290802	150	(-1, 1, -1, -1, 1, -1, 1, 1, -1)	9.123530684846616	{'B__G': 9.123530684852128, 'F__K': 9.123530684841104, 'G__B': 9.123530684852128, 'K__F': 9.123530684841104}
2.092300707290802	151	(-1, 1, -1, -1, 1, -1, 1, 1, 1)	9.123530684852128	{'B__G': 9.123530684852128, 'G__B': 9.123530684852128}
2.092300707290802	152	(-1, 1, -1, -1, 1, 1, -1, -1, -1)	9.123530684849754	{'B__G': 9.123530684852128, 'D__I': 9.12353068484738, 'G__B': 9.123530684852128, 'I__D': 9.12353068484738}
2.092300707290802	153	(-1, 1, -1, -1, 1, 1, -1, -1, 1)	9.123530684852128	{'B__G': 9.123530684852128, 'D__I': 9.12353068484738, 'F__K': 9.123530684912861, 'G__B': 9.123530684852128, 'I__D': 9.12353068484738, 'K__F': 9.123530684912861}
2.092300707290802	154	(-1, 1, -1, -1, 1, 1, -1, 1, -1)	9.123530684849754	{'B__G': 9.123530684852128, 'D__I': 9.12353068484738, 'G__B': 9.123530684852128, 'I__D': 9.12353068484738}
2.092300707290802	155	(-1, 1, -1, -1, 1, 1, -1, 1, 1)	9.123530684849754	{'B__G': 9.123530684852128, 'D__I': 9.12353068484738, 'G__B': 9.123530684852128, 'I__D': 9.12353068484738}
