0.0	312	(1, -1, -1, 1, 1, 1, -1, -1, -1)	4.391250374145027e-12	{'A__K': 2.9558577807620168e-12, 'K__A': 2.9558577807620168e-12, 'first__last': 5.826642967528037e-12, 'last__first': 5.826642967528037e-12}
0.0	313	(1, -1, -1, 1, 1, 1, -1, -1, 1)	4.391250374145027e-12	{'A__K': 2.9558577807620168e-12, 'K__A': 2.9558577807620168e-12, 'first__last': 5.826642967528037e-12, 'last__first': 5.826642967528037e-12}
0.0	314	(1, -1, -1, 1, 1, 1, -1, 1, -1)	4.391250374145027e-12	{'A__K': 2.9558577807620168e-12, 'K__A': 2.9558577807620168e-12, 'first__last': 5.826642967528037e-12, 'last__first': 5.826642967528037e-12}
0.0	315	(1, -1, -1, 1, 1, 1, -1, 1, 1)	4.391250374145027e-12	{'A__K': 2.9558577807620168e-12, 'K__A': 2.9558577807620168e-12, 'first__last': 5.826642967528037e-12, 'last__first': 5.826642967528037e-12}
0.0	316	(1, -1, -1, 1, 1, 1, 1, -1, -1)	4.391250374145027e-12	{'A__K': 2.9558577807620168e-12, 'K__A': 2.9558577807620168e-12, 'first__last': 5.826642967528037e-12, 'last__first': 5.826642967528037e-12}
0.0	317	(1, -1, -1, 1, 1, 1, 1, -1, 1)	4.391250374145027e-12	{'A__K': 2.9558577807620168e-12, 'K__A': 2.9558577807620168e-12, 'first__last': 5.826642967528037e-12, 'last__first': 5.826642967528037e-12}
0.0	318	(1, -1, -1, 1, 1, 1, 1, 1, -1)	4.391250374145027e-12	{'A__K': 2.9558577807620168e-12, 'K__A': 2.9558577807620168e-12, 'first__last': 5.826642967528037e-12, 'last__first': 5.826642967528037e-12}
0.0	319	(1, -1, -1, 1, 1, 1, 1, 1, 1)	4.391250374145027e-12	{'A__K': 2.9558577807620168e-12, 'K__A': 2.9558577807620168e-12, 'first__last': 5.826642967528037e-12, 'last__first': 5.826642967528037e-12}
0.0	320	(1, -1, 1, -1, -1, -1, -1, -1, -1)	4.391250374145027e-12	{'A__K': 2.9558577807620168e-12, 'K__A': 2.9558577807620168e-12, 'first__last': 5.826642967528037e-12, 'last__first': 5.826642967528037e-12}
0.0	321	(1, -1, 1, -1, -1, -1, -1, -1, 1)	4.391250374145027e-12	{'A__K': 2.9558577807620168e-12, 'K__A': 2.9558577807620168e-12, 'first__last': 5.826642967528037e-12, 'last__first': 5.826642967528037e-12}
0.0	322	(1, -1, 1, -1, -1, -1, -1, 1, -1)	4.391250374145027e-12	{'A__K': 2.9558577807620168e-12, 'K__A': 2.9558577807620168e-12, 'first__last': 5.826642967528037e-12, 'last__first': 5.826642967528037e-12}
0.0	323	(1, -1, 1, -1, -1, -1, -1, 1, 1)	4.391250374145027e-12	{'A__K': 2.9558577807620168e-12, 'K__A': 2.9558577807620168e-12, 'first__last': 5.826642967528037e-12, 'last__first': 5.826642967528037e-12}
0.0	324	(1, -1, 1, -1, -1, -1, 1, -1, -1)	4.391250374145027e-12	{'A__K': 2.9558577807620168e-12, 'K__A': 2.9558577807620168e-12, 'first__last': 5.826642967528037e-12, 'last__first': 5.826642967528037e-12}
0.0031415926535897933	312	(1, -1, -1, 1, 1, 1, -1, -1, -1)	2.7185236386738976	{'A__K': 2.2826502379223865, 'K__A': 2.2826502379223865, 'first__last': 3.1543970394254086, 'last__first': 3.1543970394254086}
0.0031415926535897933	313	(1, -1, -1, 1, 1, 1, -1, -1, 1)	3.859698361572434	{'A__K': 4.56499968371946, 'K__A': 4.56499968371946, 'first__last': 3.1543970394254086, 'last__first': 3.1543970394254086}
0.0031415926535897933	314	(1, -1, -1, 1, 1, 1, -1, 1, -1)	8.963479489959916	{'A__K': 9.668790514113768, 'K__A': 9.668790514113768, 'first__last': 8.258168465806062, 'last__first': 8.258168465806062}
0.0031415926535897933	315	(1, -1, -1, 1, 1, 1, -1, 1, 1)	8.258168465806062	{'first__last': 8.258168465806062, 'last__first': 8.258168465806062}
0.0031415926535897933	316	(1, -1, -1, 1, 1, 1, 1, -1, -1)	2.718829328755203	{'A__K': 2.2831519584181863, 'K__A': 2.2831519584181863, 'first__last': 3.15450669909222, 'last__first': 3.15450669909222}
0.0031415926535897933	317	(1, -1, -1, 1, 1, 1, 1, -1, 1)	3.8598139861429743	{'A__K': 4.5651212731937285, 'K__A': 4.5651212731937285, 'first__last': 3.15450669909222, 'last__first': 3.15450669909222}
0.0031415926535897933	318	(1, -1, -1, 1, 1, 1, 1, 1, -1)	8.963435824775896	{'A__K': 9.668734315823043, 'K__A': 9.668734315823043, 'first__last': 8.25813733372875, 'last__first': 8.25813733372875}
0.0031415926535897933	319	(1, -1, -1, 1, 1, 1, 1, 1, 1)	8.25813733372875	{'first__last': 8.25813733372875, 'last__first': 8.25813733372875}
0.0031415926535897933	322	(1, -1, 1, -1, -1, -1, -1, 1, -1)	7.117006194789749	{'A__K': 5.975752800823815, 'K__A': 5.975752800823815, 'first__last': 8.258259588755683, 'last__first': 8.258259588755683}
0.0031415926535897933	323	(1, -1, 1, -1, -1, -1, -1, 1, 1)	5.975958066403084	{'A__K': 3.693656544050486, 'K__A': 3.693656544050486, 'first__last': 8.258259588755683, 'last__first': 8.258259588755683}
0.006283185307179587	312	(1, -1, -1, 1, 1, 1, -1, -1, -1)	5.437671993522926	{'A__K': 4.566197763269514, 'K__A': 4.566197763269514, 'first__last': 6.309146223776339, 'last__first': 6.309146223776339}
0.006283185307179587	313	(1, -1, -1, 1, 1, 1, -1, -1, 1)	7.719567836414875	{'A__K': 9.129989449053411, 'K__A': 9.129989449053411, 'first__last': 6.309146223776339, 'last__first': 6.309146223776339}
0.006283185307179587	316	(1, -1, -1, 1, 1, 1, 1, -1, -1)	5.440116315900868	{'A__K': 4.570209235741787, 'K__A': 4.570209235741787, 'first__last': 6.310023396059948, 'last__first': 6.310023396059948}
0.006283185307179587	317	(1, -1, -1, 1, 1, 1, 1, -1, 1)	7.720492744347419	{'A__K': 9.13096209263489, 'K__A': 9.13096209263489, 'first__last': 6.310023396059948, 'last__first': 6.310023396059948}
0.006283185307179587	323	(1, -1, 1, -1, -1, -1, -1, 1, 1)	7.390269377006261	{'A__K': 7.390269377006261, 'K__A': 7.390269377006261}
0.00942477796076938	312	(1, -1, -1, 1, 1, 1, -1, -1, -1)	8.158069396999451	{'A__K': 6.851539218363999, 'K__A': 6.851539218363999, 'first__last': 9.464599575634903, 'last__first': 9.464599575634903}
0.00942477796076938	313	(1, -1, -1, 1, 1, 1, -1, -1, 1)	9.464599575634903	{'first__last': 9.464599575634903, 'last__first': 9.464599575634903}
0.00942477796076938	316	(1, -1, -1, 1, 1, 1, 1, -1, -1)	8.16631226019203	{'A__K': 6.865065078931451, 'K__A': 6.865065078931451, 'first__last': 9.46755944145261, 'last__first': 9.46755944145261}
0.00942477796076938	317	(1, -1, -1, 1, 1, 1, 1, -1, 1)	9.46755944145261	{'first__last': 9.46755944145261, 'last__first': 9.46755944145261}
0.012566370614359173	312	(1, -1, -1, 1, 1, 1, -1, -1, -1)	9.139569957083935	{'A__K': 9.139569957083935, 'K__A': 9.139569957083935}
0.012566370614359173	316	(1, -1, -1, 1, 1, 1, 1, -1, -1)	9.171588734888036	{'A__K': 9.171588734888036, 'K__A': 9.171588734888036}
