0.0	416	(1, 1, -1, 1, -1, -1, -1, -1, -1)	4.391250374145027e-12	{'A__K': 2.9558577807620168e-12, 'K__A': 2.9558577807620168e-12, 'first__last': 5.826642967528037e-12, 'last__first': 5.826642967528037e-12}
0.0	417	(1, 1, -1, 1, -1, -1, -1, -1, 1)	4.391250374145027e-12	{'A__K': 2.9558577807620168e-12, 'K__A': 2.9558577807620168e-12, 'first__last': 5.826642967528037e-12, 'last__first': 5.826642967528037e-12}
0.0	418	(1, 1, -1, 1, -1, -1, -1, 1, -1)	4.391250374145027e-12	{'A__K': 2.9558577807620168e-12, 'K__A': 2.9558577807620168e-12, 'first__last': 5.826642967528037e-12, 'last__first': 5.826642967528037e-12}
0.0	419	(1, 1, -1, 1, -1, -1, -1, 1, 1)	4.391250374145027e-12	{'A__K': 2.9558577807620168e-12, 'K__A': 2.9558577807620168e-12, 'first__last': 5.826642967528037e-12, 'last__first': 5.826642967528037e-12}
0.0	420	(1, 1, -1, 1, -1, -1, 1, -1, -1)	4.391250374145027e-12	{'A__K': 2.9558577807620168e-12, 'K__A': 2.9558577807620168e-12, 'first__last': 5.826642967528037e-12, 'last__first': 5.826642967528037e-12}
0.0	421	(1, 1, -1, 1, -1, -1, 1, -1, 1)	4.391250374145027e-12	{'A__K': 2.9558577807620168e-12, 'K__A': 2.9558577807620168e-12, 'first__last': 5.826642967528037e-12, 'last__first': 5.826642967528037e-12}
0.0	422	(1, 1, -1, 1, -1, -1, 1, 1, -1)	4.391250374145027e-12	{'A__K': 2.9558577807620168e-12, 'K__A': 2.9558577807620168e-12, 'first__last': 5.826642967528037e-12, 'last__first': 5.826642967528037e-12}
0.0	423	(1, 1, -1, 1, -1, -1, 1, 1, 1)	4.391250374145027e-12	{'A__K': 2.9558577807620168e-12, 'K__A': 2.9558577807620168e-12, 'first__last': 5.826642967528037e-12, 'last__first': 5.826642967528037e-12}
0.0	424	(1, 1, -1, 1, -1, 1, -1, -1, -1)	4.391250374145027e-12	{'A__K': 2.9558577807620168e-12, 'K__A': 2.9558577807620168e-12, 'first__last': 5.826642967528037e-12, 'last__first': 5.826642967528037e-12}
0.0	425	(1, 1, -1, 1, -1, 1, -1, -1, 1)	4.391250374145027e-12	{'A__K': 2.9558577807620168e-12, 'K__A': 2.9558577807620168e-12, 'first__last': 5.826642967528037e-12, 'last__first': 5.826642967528037e-12}
0.0	426	(1, 1, -1, 1, -1, 1, -1, 1, -1)	4.391250374145027e-12	{'A__K': 2.9558577807620168e-12, 'K__A': 2.9558577807620168e-12, 'first__last': 5.826642967528037e-12, 'last__first': 5.826642967528037e-12}
0.0	427	(1, 1, -1, 1, -1, 1, -1, 1, 1)	4.391250374145027e-12	{'A__K': 2.9558577807620168e-12, 'K__A': 2.9558577807620168e-12, 'first__last': 5.826642967528037e-12, 'last__first': 5.826642967528037e-12}
0.0031415926535897933	416	(1, 1, -1, 1, -1, -1, -1, -1, -1)	1.1474752617259287	{'A__K': 2.2825773410245276, 'K__A': 2.2825773410245276, 'first__last': 0.012373182427329947, 'last__first': 0.012373182427329947}
0.0031415926535897933	417	(1, 1, -1, 1, -1, -1, -1, -1, 1)	0.014126704306953872	{'A__K': 0.0158802261865778, 'K__A': 0.0158802261865778, 'first__last': 0.012373182427329947, 'last__first': 0.012373182427329947}
0.0031415926535897933	418	(1, 1, -1, 1, -1, -1, -1, 1, -1)	5.1037957740977	{'A__K': 5.103796071370747, 'K__A': 5.103796071370747, 'first__last': 5.1037954768246525, 'last__first': 5.1037954768246525}
0.0031415926535897933	419	(1, 1, -1, 1, -1, -1, -1, 1, 1)	6.245032836344971	{'A__K': 7.38627019586529, 'K__A': 7.38627019586529, 'first__last': 5.1037954768246525, 'last__first': 5.1037954768246525}
0.0031415926535897933	420	(1, 1, -1, 1, -1, -1, 1, -1, -1)	1.143722925524358	{'A__K': 2.282491028262088, 'K__A': 2.282491028262088, 'first__last': 0.0049548227866278065, 'last__first': 0.0049548227866278065}
0.0031415926535897933	421	(1, 1, -1, 1, -1, -1, 1, -1, 1)	0.003948885726798601	{'A__K': 0.0029429486669693967, 'K__A': 0.0029429486669693967, 'first__last': 0.0049548227866278065, 'last__first': 0.0049548227866278065}
0.0031415926535897933	422	(1, 1, -1, 1, -1, -1, 1, 1, -1)	5.10381830135426	{'A__K': 5.103820749802084, 'K__A': 5.103820749802084, 'first__last': 5.103815852906436, 'last__first': 5.103815852906436}
0.0031415926535897933	423	(1, 1, -1, 1, -1, -1, 1, 1, 1)	6.245061454730857	{'A__K': 7.386307056555278, 'K__A': 7.386307056555278, 'first__last': 5.103815852906436, 'last__first': 5.103815852906436}
0.0031415926535897933	424	(1, 1, -1, 1, -1, 1, -1, -1, -1)	7.822220455076464	{'A__K': 7.386303575888634, 'K__A': 7.386303575888634, 'first__last': 8.258137334264294, 'last__first': 8.258137334264294}
0.0031415926535897933	425	(1, 1, -1, 1, -1, 1, -1, -1, 1)	8.963468891337481	{'A__K': 9.668800448410668, 'K__A': 9.668800448410668, 'first__last': 8.258137334264294, 'last__first': 8.258137334264294}
0.006283185307179587	416	(1, 1, -1, 1, -1, -1, -1, -1, -1)	2.307553328983531	{'A__K': 4.565614665602902, 'K__A': 4.565614665602902, 'first__last': 0.04949199236416028, 'last__first': 0.04949199236416028}
0.006283185307179587	417	(1, 1, -1, 1, -1, -1, -1, -1, 1)	0.056506043124139704	{'A__K': 0.06352009388411914, 'K__A': 0.06352009388411914, 'first__last': 0.04949199236416028, 'last__first': 0.04949199236416028}
0.006283185307179587	420	(1, 1, -1, 1, -1, -1, 1, -1, -1)	2.292371752282815	{'A__K': 4.5649242169812, 'K__A': 4.5649242169812, 'first__last': 0.019819287584430394, 'last__first': 0.019819287584430394}
0.006283185307179587	421	(1, 1, -1, 1, -1, -1, 1, -1, 1)	0.015795484857073664	{'A__K': 0.011771682129716932, 'K__A': 0.011771682129716932, 'first__last': 0.019819287584430394, 'last__first': 0.019819287584430394}
0.00942477796076938	416	(1, 1, -1, 1, -1, -1, -1, -1, -1)	3.4804629586721876	{'A__K': 6.849571699470736, 'K__A': 6.849571699470736, 'first__last': 0.11135421787363958, 'last__first': 0.11135421787363958}
0.00942477796076938	417	(1, 1, -1, 1, -1, -1, -1, -1, 1)	0.12713569423907906	{'A__K': 0.1429171706045185, 'K__A': 0.1429171706045185, 'first__last': 0.11135421787363958, 'last__first': 0.11135421787363958}
0.00942477796076938	420	(1, 1, -1, 1, -1, -1, 1, -1, -1)	3.445917559912224	{'A__K': 6.84724173610415, 'K__A': 6.84724173610415, 'first__last': 0.04459338372029682, 'last__first': 0.04459338372029682}
0.00942477796076938	421	(1, 1, -1, 1, -1, -1, 1, -1, 1)	0.035539623192250736	{'A__K': 0.02648586266420465, 'K__A': 0.02648586266420465, 'first__last': 0.04459338372029682, 'last__first': 0.04459338372029682}
0.012566370614359173	416	(1, 1, -1, 1, -1, -1, -1, -1, -1)	4.666431912788213	{'A__K': 9.134907653110465, 'K__A': 9.134907653110465, 'first__last': 0.19795617246596023, 'last__first': 0.19795617246596023}
0.012566370614359173	417	(1, 1, -1, 1, -1, -1, -1, -1, 1)	0.22601178736655847	{'A__K': 0.25406740226715674, 'K__A': 0.25406740226715674, 'first__last': 0.19795617246596023, 'last__first': 0.19795617246596023}
0.012566370614359173	420	(1, 1, -1, 1, -1, -1, 1, -1, -1)	4.604331434011381	{'A__K': 9.129385774562516, 'K__A': 9.129385774562516, 'first__last': 0.07927709346024445, 'last__first': 0.07927709346024445}
0.012566370614359173	421	(1, 1, -1, 1, -1, -1, 1, -1, 1)	0.06318101052525127	{'A__K': 0.04708492759025808, 'K__A': 0.04708492759025808, 'first__last': 0.07927709346024445, 'last__first': 0.07927709346024445}
0.015707963267948967	416	(1, 1, -1, 1, -1, -1, -1, -1, -1)	0.30929269535916165	{'first__last': 0.30929269535916165, 'last__first': 0.30929269535916165}
0.015707963267948967	417	(1, 1, -1, 1, -1, -1, -1, -1, 1)	0.35312890436233774	{'A__K': 0.3969651133655138, 'K__A': 0.3969651133655138, 'first__last': 0.30929269535916165, 'last__first': 0.30929269535916165}
0.015707963267948967	420	(1, 1, -1, 1, -1, -1, 1, -1, -1)	0.12387039210470614	{'first__last': 0.12387039210470614, 'last__first': 0.12387039210470614}
0.015707963267948967	421	(1, 1, -1, 1, -1, -1, 1, -1, 1)	0.09871924075694324	{'A__K': 0.07356808940918036, 'K__A': 0.07356808940918036, 'first__last': 0.12387039210470614, 'last__first': 0.12387039210470614}
0.01884955592153876	416	(1, 1, -1, 1, -1, -1, -1, -1, -1)	0.4453571516694413	{'first__last': 0.4453571516694413, 'last__first': 0.4453571516694413}
0.01884955592153876	417	(1, 1, -1, 1, -1, -1, -1, -1, 1)	0.5084800794431403	{'A__K': 0.5716030072168394, 'K__A': 0.5716030072168394, 'first__last': 0.4453571516694413, 'last__first': 0.4453571516694413}
0.01884955592153876	420	(1, 1, -1, 1, -1, -1, 1, -1, -1)	0.17837324812728975	{'first__last': 0.17837324812728975, 'last__first': 0.17837324812728975}
0.01884955592153876	421	(1, 1, -1, 1, -1, -1, 1, -1, 1)	0.14215379204984746	{'A__K': 0.1059343359724052, 'K__A': 0.1059343359724052, 'first__last': 0.17837324812728975, 'last__first': 0.17837324812728975}
0.021991148575128554	416	(1, 1, -1, 1, -1, -1, -1, -1, -1)	0.6061414328029258	{'first__last': 0.6061414328029258, 'last__first': 0.6061414328029258}
0.021991148575128554	417	(1, 1, -1, 1, -1, -1, -1, -1, 1)	0.6920567994864391	{'A__K': 0.7779721661699522, 'K__A': 0.7779721661699522, 'first__last': 0.6061414328029258, 'last__first': 0.6061414328029258}
0.021991148575128554	420	(1, 1, -1, 1, -1, -1, 1, -1, -1)	0.24278562328540032	{'first__last': 0.24278562328540032, 'last__first': 0.24278562328540032}
0.021991148575128554	421	(1, 1, -1, 1, -1, -1, 1, -1, 1)	0.19348402711310675	{'A__K': 0.14418243094081318, 'K__A': 0.14418243094081318, 'first__last': 0.24278562328540032, 'last__first': 0.24278562328540032}
0.025132741228718346	416	(1, 1, -1, 1, -1, -1, -1, -1, -1)	0.7916359567938606	{'first__last': 0.7916359567938606, 'last__first': 0.7916359567938606}
0.025132741228718346	417	(1, 1, -1, 1, -1, -1, -1, -1, 1)	0.903849004397536	{'A__K': 1.0160620520012114, 'K__A': 1.0160620520012114, 'first__last': 0.7916359567938606, 'last__first': 0.7916359567938606}
0.025132741228718346	420	(1, 1, -1, 1, -1, -1, 1, -1, -1)	0.31710747291255365	{'first__last': 0.31710747291255365, 'last__first': 0.31710747291255365}
0.025132741228718346	421	(1, 1, -1, 1, -1, -1, 1, -1, 1)	0.2527091934744852	{'A__K': 0.18831091403641684, 'K__A': 0.18831091403641684, 'first__last': 0.31710747291255365, 'last__first': 0.31710747291255365}
0.02827433388230814	416	(1, 1, -1, 1, -1, -1, -1, -1, -1)	1.0018296688790664	{'first__last': 1.0018296688790664, 'last__first': 1.0018296688790664}
0.02827433388230814	417	(1, 1, -1, 1, -1, -1, -1, -1, 1)	1.143845087566854	{'A__K': 1.2858605062546418, 'K__A': 1.2858605062546418, 'first__last': 1.0018296688790664, 'last__first': 1.0018296688790664}
0.02827433388230814	420	(1, 1, -1, 1, -1, -1, 1, -1, -1)	0.4013387460518705	{'first__last': 0.4013387460518705, 'last__first': 0.4013387460518705}
0.02827433388230814	421	(1, 1, -1, 1, -1, -1, 1, -1, 1)	0.31982842382990695	{'A__K': 0.23831810160794348, 'K__A': 0.23831810160794348, 'first__last': 0.4013387460518705, 'last__first': 0.4013387460518705}
0.031415926535897934	416	(1, 1, -1, 1, -1, -1, -1, -1, -1)	1.2367100419550179	{'first__last': 1.2367100419550179, 'last__first': 1.2367100419550179}
0.031415926535897934	417	(1, 1, -1, 1, -1, -1, -1, -1, 1)	1.412031896346504	{'A__K': 1.5873537507379902, 'K__A': 1.5873537507379902, 'first__last': 1.2367100419550179, 'last__first': 1.2367100419550179}
0.031415926535897934	420	(1, 1, -1, 1, -1, -1, 1, -1, -1)	0.4954793857801235	{'first__last': 0.4954793857801235, 'last__first': 0.4954793857801235}
0.031415926535897934	421	(1, 1, -1, 1, -1, -1, 1, -1, 1)	0.3948407364259621	{'A__K': 0.29420208707180073, 'K__A': 0.29420208707180073, 'first__last': 0.4954793857801235, 'last__first': 0.4954793857801235}
0.034557519189487726	416	(1, 1, -1, 1, -1, -1, -1, -1, -1)	1.496263077284919	{'first__last': 1.496263077284919, 'last__first': 1.496263077284919}
0.034557519189487726	417	(1, 1, -1, 1, -1, -1, -1, -1, 1)	1.7083947326520137	{'A__K': 1.9205263880191084, 'K__A': 1.9205263880191084, 'first__last': 1.496263077284919, 'last__first': 1.496263077284919}
0.034557519189487726	420	(1, 1, -1, 1, -1, -1, 1, -1, -1)	0.5995293294943422	{'first__last': 0.5995293294943422, 'last__first': 0.5995293294943422}
0.034557519189487726	421	(1, 1, -1, 1, -1, -1, 1, -1, 1)	0.4777450355313688	{'A__K': 0.3559607415683954, 'K__A': 0.3559607415683954, 'first__last': 0.5995293294943422, 'last__first': 0.5995293294943422}
0.03769911184307752	416	(1, 1, -1, 1, -1, -1, -1, -1, -1)	1.7804735013295458	{'first__last': 1.7804735013295458, 'last__first': 1.7804735013295458}
0.03769911184307752	417	(1, 1, -1, 1, -1, -1, -1, -1, 1)	2.0329175558648793	{'A__K': 2.2853616104002126, 'K__A': 2.2853616104002126, 'first__last': 1.7804735013295458, 'last__first': 1.7804735013295458}
0.03769911184307752	420	(1, 1, -1, 1, -1, -1, 1, -1, -1)	0.7134882703857693	{'first__last': 0.7134882703857693, 'last__first': 0.7134882703857693}
0.03769911184307752	421	(1, 1, -1, 1, -1, -1, 1, -1, 1)	0.5685399335683441	{'A__K': 0.4235915967509189, 'K__A': 0.4235915967509189, 'first__last': 0.7134882703857693, 'last__first': 0.7134882703857693}
0.04084070449666731	416	(1, 1, -1, 1, -1, -1, -1, -1, -1)	2.0893241026624834	{'first__last': 2.0893241026624834, 'last__first': 2.0893241026624834}
0.04084070449666731	417	(1, 1, -1, 1, -1, -1, -1, -1, 1)	2.38558229900179	{'A__K': 2.681840495341097, 'K__A': 2.681840495341097, 'first__last': 2.0893241026624834, 'last__first': 2.0893241026624834}
0.04084070449666731	420	(1, 1, -1, 1, -1, -1, 1, -1, -1)	0.8373564661483583	{'first__last': 0.8373564661483583, 'last__first': 0.8373564661483583}
0.04084070449666731	421	(1, 1, -1, 1, -1, -1, 1, -1, 1)	0.6672243552183054	{'A__K': 0.4970922442882523, 'K__A': 0.4970922442882523, 'first__last': 0.8373564661483583, 'last__first': 0.8373564661483583}
0.04398229715025711	416	(1, 1, -1, 1, -1, -1, -1, -1, -1)	2.4227966039160753	{'first__last': 2.4227966039160753, 'last__first': 2.4227966039160753}
0.04398229715025711	417	(1, 1, -1, 1, -1, -1, -1, -1, 1)	2.766369767688947	{'A__K': 3.1099429314618194, 'K__A': 3.1099429314618194, 'first__last': 2.4227966039160753, 'last__first': 2.4227966039160753}
0.04398229715025711	420	(1, 1, -1, 1, -1, -1, 1, -1, -1)	0.9711336787588195	{'first__last': 0.9711336787588195, 'last__first': 0.9711336787588195}
0.04398229715025711	421	(1, 1, -1, 1, -1, -1, 1, -1, 1)	0.7737967461388693	{'A__K': 0.576459813518919, 'K__A': 0.576459813518919, 'first__last': 0.9711336787588195, 'last__first': 0.9711336787588195}
0.0471238898038469	416	(1, 1, -1, 1, -1, -1, -1, -1, -1)	2.7808711468456817	{'first__last': 2.7808711468456817, 'last__first': 2.7808711468456817}
0.0471238898038469	417	(1, 1, -1, 1, -1, -1, -1, -1, 1)	3.1752591091141733	{'A__K': 3.5696470713826645, 'K__A': 3.5696470713826645, 'first__last': 2.7808711468456817, 'last__first': 2.7808711468456817}
0.0471238898038469	420	(1, 1, -1, 1, -1, -1, 1, -1, -1)	1.114819803036417	{'first__last': 1.114819803036417, 'last__first': 1.114819803036417}
0.0471238898038469	421	(1, 1, -1, 1, -1, -1, 1, -1, 1)	0.8882555425471383	{'A__K': 0.6616912820578597, 'K__A': 0.6616912820578597, 'first__last': 1.114819803036417, 'last__first': 1.114819803036417}
0.05026548245743669	416	(1, 1, -1, 1, -1, -1, -1, -1, -1)	3.163526410440857	{'first__last': 3.163526410440857, 'last__first': 3.163526410440857}
0.05026548245743669	417	(1, 1, -1, 1, -1, -1, -1, -1, 1)	3.6122279336535135	{'A__K': 4.0609294568661705, 'K__A': 4.0609294568661705, 'first__last': 3.163526410440857, 'last__first': 3.163526410440857}
0.05026548245743669	420	(1, 1, -1, 1, -1, -1, 1, -1, -1)	1.2684147245257533	{'first__last': 1.2684147245257533, 'last__first': 1.2684147245257533}
0.05026548245743669	421	(1, 1, -1, 1, -1, -1, 1, -1, 1)	1.0105990655206738	{'A__K': 0.7527834065155944, 'K__A': 0.7527834065155944, 'first__last': 1.2684147245257533, 'last__first': 1.2684147245257533}
0.053407075111026485	416	(1, 1, -1, 1, -1, -1, -1, -1, -1)	3.570739612621603	{'first__last': 3.570739612621603, 'last__first': 3.570739612621603}
0.053407075111026485	417	(1, 1, -1, 1, -1, -1, -1, -1, 1)	4.0772523165315455	{'A__K': 4.583765020441489, 'K__A': 4.583765020441489, 'first__last': 3.570739612621603, 'last__first': 3.570739612621603}
0.053407075111026485	420	(1, 1, -1, 1, -1, -1, 1, -1, -1)	1.4319183191990654	{'first__last': 1.4319183191990654, 'last__first': 1.4319183191990654}
0.053407075111026485	421	(1, 1, -1, 1, -1, -1, 1, -1, 1)	1.1408255211237672	{'A__K': 0.849732723048469, 'K__A': 0.849732723048469, 'first__last': 1.4319183191990654, 'last__first': 1.4319183191990654}
0.05654866776461628	416	(1, 1, -1, 1, -1, -1, -1, -1, -1)	4.002486512148868	{'first__last': 4.002486512148868, 'last__first': 4.002486512148868}
0.05654866776461628	417	(1, 1, -1, 1, -1, -1, -1, -1, 1)	4.570306799626854	{'A__K': 5.13812708710484, 'K__A': 5.13812708710484, 'first__last': 4.002486512148868, 'last__first': 4.002486512148868}
0.05654866776461628	420	(1, 1, -1, 1, -1, -1, 1, -1, -1)	1.6053304531345054	{'first__last': 1.6053304531345054, 'last__first': 1.6053304531345054}
0.05654866776461628	421	(1, 1, -1, 1, -1, -1, 1, -1, 1)	1.2789330005826276	{'A__K': 0.95253554803075, 'K__A': 0.95253554803075, 'first__last': 1.6053304531345054, 'last__first': 1.6053304531345054}
0.059690260418206076	416	(1, 1, -1, 1, -1, -1, -1, -1, -1)	4.458741410625791	{'first__last': 4.458741410625791, 'last__first': 4.458741410625791}
0.059690260418206076	417	(1, 1, -1, 1, -1, -1, -1, -1, 1)	5.0913643933917765	{'A__K': 5.723987376157761, 'K__A': 5.723987376157761, 'first__last': 4.458741410625791, 'last__first': 4.458741410625791}
0.059690260418206076	420	(1, 1, -1, 1, -1, -1, 1, -1, -1)	1.7886509821426597	{'first__last': 1.7886509821426597, 'last__first': 1.7886509821426597}
0.059690260418206076	421	(1, 1, -1, 1, -1, -1, 1, -1, 1)	1.4249194804225493	{'A__K': 1.0611879787024388, 'K__A': 1.0611879787024388, 'first__last': 1.7886509821426597, 'last__first': 1.7886509821426597}
0.06283185307179587	416	(1, 1, -1, 1, -1, -1, -1, -1, -1)	4.939477154564361	{'first__last': 4.939477154564361, 'last__first': 4.939477154564361}
0.06283185307179587	417	(1, 1, -1, 1, -1, -1, -1, -1, 1)	5.64039657883473	{'A__K': 6.341316003105098, 'K__A': 6.341316003105098, 'first__last': 4.939477154564361, 'last__first': 4.939477154564361}
0.06283185307179587	420	(1, 1, -1, 1, -1, -1, 1, -1, -1)	1.9818797514259543	{'first__last': 1.9818797514259543, 'last__first': 1.9818797514259543}
0.06283185307179587	421	(1, 1, -1, 1, -1, -1, 1, -1, 1)	1.5787828227044907	{'A__K': 1.1756858939830268, 'K__A': 1.1756858939830268, 'first__last': 1.9818797514259543, 'last__first': 1.9818797514259543}
0.06597344572538566	416	(1, 1, -1, 1, -1, -1, -1, -1, -1)	5.444665137671342	{'first__last': 5.444665137671342, 'last__first': 5.444665137671342}
0.06597344572538566	417	(1, 1, -1, 1, -1, -1, -1, -1, 1)	6.217373309702914	{'A__K': 6.990081481734485, 'K__A': 6.990081481734485, 'first__last': 5.444665137671342, 'last__first': 5.444665137671342}
0.06597344572538566	420	(1, 1, -1, 1, -1, -1, 1, -1, -1)	2.185016595112863	{'first__last': 2.185016595112863, 'last__first': 2.185016595112863}
0.06597344572538566	421	(1, 1, -1, 1, -1, -1, 1, -1, 1)	1.740520775119991	{'A__K': 1.2960249551271188, 'K__A': 1.2960249551271188, 'first__last': 2.185016595112863, 'last__first': 2.185016595112863}
0.06911503837897545	416	(1, 1, -1, 1, -1, -1, -1, -1, -1)	5.974275303150052	{'first__last': 5.974275303150052, 'last__first': 5.974275303150052}
0.06911503837897545	417	(1, 1, -1, 1, -1, -1, -1, -1, 1)	6.822263014689259	{'A__K': 7.670250726228466, 'K__A': 7.670250726228466, 'first__last': 5.974275303150052, 'last__first': 5.974275303150052}
0.06911503837897545	420	(1, 1, -1, 1, -1, -1, 1, -1, -1)	2.3980613359006915	{'first__last': 2.3980613359006915, 'last__first': 2.3980613359006915}
0.06911503837897545	421	(1, 1, -1, 1, -1, -1, 1, -1, 1)	1.9101309712754948	{'A__K': 1.4222006066502983, 'K__A': 1.4222006066502983, 'first__last': 2.3980613359006915, 'last__first': 2.3980613359006915}
0.07225663103256524	416	(1, 1, -1, 1, -1, -1, -1, -1, -1)	6.528276146200941	{'first__last': 6.528276146200941, 'last__first': 6.528276146200941}
0.07225663103256524	417	(1, 1, -1, 1, -1, -1, -1, -1, 1)	7.455032599824303	{'A__K': 8.381789053447665, 'K__A': 8.381789053447665, 'first__last': 6.528276146200941, 'last__first': 6.528276146200941}
0.07225663103256524	420	(1, 1, -1, 1, -1, -1, 1, -1, -1)	2.6210137845834605	{'first__last': 2.6210137845834605, 'last__first': 2.6210137845834605}
0.07225663103256524	421	(1, 1, -1, 1, -1, -1, 1, -1, 1)	2.087610930834472	{'A__K': 1.5542080770854834, 'K__A': 1.5542080770854834, 'first__last': 2.6210137845834605, 'last__first': 2.6210137845834605}
0.07539822368615504	416	(1, 1, -1, 1, -1, -1, -1, -1, -1)	7.10663471660468	{'first__last': 7.10663471660468, 'last__first': 7.10663471660468}
0.07539822368615504	417	(1, 1, -1, 1, -1, -1, -1, -1, 1)	8.115647450948128	{'A__K': 9.124660185291575, 'K__A': 9.124660185291575, 'first__last': 7.10663471660468, 'last__first': 7.10663471660468}
0.07539822368615504	420	(1, 1, -1, 1, -1, -1, 1, -1, -1)	2.85387373957802	{'first__last': 2.85387373957802, 'last__first': 2.85387373957802}
0.07539822368615504	421	(1, 1, -1, 1, -1, -1, 1, -1, 1)	2.2729580597593286	{'A__K': 1.6920423799406377, 'K__A': 1.6920423799406377, 'first__last': 2.85387373957802, 'last__first': 2.85387373957802}
0.07853981633974483	416	(1, 1, -1, 1, -1, -1, -1, -1, -1)	7.709316621404977	{'first__last': 7.709316621404977, 'last__first': 7.709316621404977}
0.07853981633974483	417	(1, 1, -1, 1, -1, -1, -1, -1, 1)	8.80407143629152	{'A__K': 9.898826251178065, 'K__A': 9.898826251178065, 'first__last': 7.709316621404977, 'last__first': 7.709316621404977}
0.07853981633974483	420	(1, 1, -1, 1, -1, -1, 1, -1, -1)	3.0966409864801183	{'first__last': 3.0966409864801183, 'last__first': 3.0966409864801183}
0.07853981633974483	421	(1, 1, -1, 1, -1, -1, 1, -1, 1)	2.466169650521448	{'A__K': 1.835698314562778, 'K__A': 1.835698314562778, 'first__last': 3.0966409864801183, 'last__first': 3.0966409864801183}
0.08168140899333462	416	(1, 1, -1, 1, -1, -1, -1, -1, -1)	8.336286027784732	{'first__last': 8.336286027784732, 'last__first': 8.336286027784732}
0.08168140899333462	417	(1, 1, -1, 1, -1, -1, -1, -1, 1)	8.336286027784732	{'first__last': 8.336286027784732, 'last__first': 8.336286027784732}
0.08168140899333462	420	(1, 1, -1, 1, -1, -1, 1, -1, -1)	3.3493152974753593	{'first__last': 3.3493152974753593, 'last__first': 3.3493152974753593}
0.08168140899333462	421	(1, 1, -1, 1, -1, -1, 1, -1, 1)	2.6672428823275487	{'A__K': 1.9851704671797379, 'K__A': 1.9851704671797379, 'first__last': 3.3493152974753593, 'last__first': 3.3493152974753593}
0.08482300164692443	416	(1, 1, -1, 1, -1, -1, -1, -1, -1)	8.987505665964262	{'first__last': 8.987505665964262, 'last__first': 8.987505665964262}
0.08482300164692443	417	(1, 1, -1, 1, -1, -1, -1, -1, 1)	8.987505665964262	{'first__last': 8.987505665964262, 'last__first': 8.987505665964262}
0.08482300164692443	420	(1, 1, -1, 1, -1, -1, 1, -1, -1)	3.611896430914827	{'first__last': 3.611896430914827, 'last__first': 3.611896430914827}
0.08482300164692443	421	(1, 1, -1, 1, -1, -1, 1, -1, 1)	2.8761748213935183	{'A__K': 2.14045321187221, 'K__A': 2.14045321187221, 'first__last': 3.611896430914827, 'last__first': 3.611896430914827}
0.08796459430051422	416	(1, 1, -1, 1, -1, -1, -1, -1, -1)	9.662936832314696	{'first__last': 9.662936832314696, 'last__first': 9.662936832314696}
0.08796459430051422	417	(1, 1, -1, 1, -1, -1, -1, -1, 1)	9.662936832314696	{'first__last': 9.662936832314696, 'last__first': 9.662936832314696}
0.08796459430051422	420	(1, 1, -1, 1, -1, -1, 1, -1, -1)	3.8843841306521516	{'first__last': 3.8843841306521516, 'last__first': 3.8843841306521516}
0.08796459430051422	421	(1, 1, -1, 1, -1, -1, 1, -1, 1)	3.0929624211456073	{'A__K': 2.3015407116390634, 'K__A': 2.3015407116390634, 'first__last': 3.8843841306521516, 'last__first': 3.8843841306521516}
0.09110618695410401	420	(1, 1, -1, 1, -1, -1, 1, -1, -1)	4.166778125594861	{'first__last': 4.166778125594861, 'last__first': 4.166778125594861}
0.09110618695410401	421	(1, 1, -1, 1, -1, -1, 1, -1, 1)	3.317602522507263	{'A__K': 2.468426919419666, 'K__A': 2.468426919419666, 'first__last': 4.166778125594861, 'last__first': 4.166778125594861}
0.0942477796076938	420	(1, 1, -1, 1, -1, -1, 1, -1, -1)	4.459078128966435	{'first__last': 4.459078128966435, 'last__first': 4.459078128966435}
0.0942477796076938	421	(1, 1, -1, 1, -1, -1, 1, -1, 1)	3.5500918541660513	{'A__K': 2.641105579365668, 'K__A': 2.641105579365668, 'first__last': 4.459078128966435, 'last__first': 4.459078128966435}
0.0973893722612836	420	(1, 1, -1, 1, -1, -1, 1, -1, -1)	4.761283837823016	{'first__last': 4.761283837823016, 'last__first': 4.761283837823016}
0.0973893722612836	421	(1, 1, -1, 1, -1, -1, 1, -1, 1)	3.790427032836429	{'A__K': 2.819570227849842, 'K__A': 2.819570227849842, 'first__last': 4.761283837823016, 'last__first': 4.761283837823016}
0.10053096491487339	420	(1, 1, -1, 1, -1, -1, 1, -1, -1)	5.073394932300559	{'first__last': 5.073394932300559, 'last__first': 5.073394932300559}
0.10053096491487339	421	(1, 1, -1, 1, -1, -1, 1, -1, 1)	4.038604563537089	{'A__K': 3.0038141947736197, 'K__A': 3.0038141947736197, 'first__last': 5.073394932300559, 'last__first': 5.073394932300559}
0.10367255756846318	420	(1, 1, -1, 1, -1, -1, 1, -1, -1)	5.395411075064657	{'first__last': 5.395411075064657, 'last__first': 5.395411075064657}
0.10367255756846318	421	(1, 1, -1, 1, -1, -1, 1, -1, 1)	4.2946208399251535	{'A__K': 3.193830604785651, 'K__A': 3.193830604785651, 'first__last': 5.395411075064657, 'last__first': 5.395411075064657}
0.10681415022205297	420	(1, 1, -1, 1, -1, -1, 1, -1, -1)	5.727331910510594	{'first__last': 5.727331910510594, 'last__first': 5.727331910510594}
0.10681415022205297	421	(1, 1, -1, 1, -1, -1, 1, -1, 1)	4.558472144517624	{'A__K': 3.389612378524653, 'K__A': 3.389612378524653, 'first__last': 5.727331910510594, 'last__first': 5.727331910510594}
0.10995574287564276	420	(1, 1, -1, 1, -1, -1, 1, -1, -1)	6.069157064148484	{'first__last': 6.069157064148484, 'last__first': 6.069157064148484}
0.10995574287564276	421	(1, 1, -1, 1, -1, -1, 1, -1, 1)	4.830154649077292	{'A__K': 3.591152234006099, 'K__A': 3.591152234006099, 'first__last': 6.069157064148484, 'last__first': 6.069157064148484}
0.11309733552923255	420	(1, 1, -1, 1, -1, -1, 1, -1, -1)	6.420886141894624	{'first__last': 6.420886141894624, 'last__first': 6.420886141894624}
0.11309733552923255	421	(1, 1, -1, 1, -1, -1, 1, -1, 1)	5.109664414913346	{'A__K': 3.7984426879320674, 'K__A': 3.7984426879320674, 'first__last': 6.420886141894624, 'last__first': 6.420886141894624}
0.11623892818282235	420	(1, 1, -1, 1, -1, -1, 1, -1, -1)	6.782518729167387	{'first__last': 6.782518729167387, 'last__first': 6.782518729167387}
0.11623892818282235	421	(1, 1, -1, 1, -1, -1, 1, -1, 1)	5.396997393132961	{'A__K': 4.011476057098534, 'K__A': 4.011476057098534, 'first__last': 6.782518729167387, 'last__first': 6.782518729167387}
0.11938052083641215	420	(1, 1, -1, 1, -1, -1, 1, -1, -1)	7.154054390324429	{'first__last': 7.154054390324429, 'last__first': 7.154054390324429}
0.11938052083641215	421	(1, 1, -1, 1, -1, -1, 1, -1, 1)	5.692149425081842	{'A__K': 4.2302444598392555, 'K__A': 4.2302444598392555, 'first__last': 7.154054390324429, 'last__first': 7.154054390324429}
0.12252211349000194	420	(1, 1, -1, 1, -1, -1, 1, -1, -1)	7.535492667693574	{'first__last': 7.535492667693574, 'last__first': 7.535492667693574}
0.12252211349000194	421	(1, 1, -1, 1, -1, -1, 1, -1, 1)	5.995116242579195	{'A__K': 4.454739817464818, 'K__A': 4.454739817464818, 'first__last': 7.535492667693574, 'last__first': 7.535492667693574}
0.12566370614359174	420	(1, 1, -1, 1, -1, -1, 1, -1, -1)	7.926833080896569	{'first__last': 7.926833080896569, 'last__first': 7.926833080896569}
0.12566370614359174	421	(1, 1, -1, 1, -1, -1, 1, -1, 1)	6.305893468347013	{'A__K': 4.684953855797457, 'K__A': 4.684953855797457, 'first__last': 7.926833080896569, 'last__first': 7.926833080896569}
0.12880529879718153	420	(1, 1, -1, 1, -1, -1, 1, -1, -1)	8.328075125960845	{'first__last': 8.328075125960845, 'last__first': 8.328075125960845}
0.12880529879718153	421	(1, 1, -1, 1, -1, -1, 1, -1, 1)	6.6244766163293445	{'A__K': 4.920878106697843, 'K__A': 4.920878106697843, 'first__last': 8.328075125960845, 'last__first': 8.328075125960845}
0.13194689145077132	420	(1, 1, -1, 1, -1, -1, 1, -1, -1)	8.739218274376865	{'first__last': 8.739218274376865, 'last__first': 8.739218274376865}
0.13194689145077132	421	(1, 1, -1, 1, -1, -1, 1, -1, 1)	6.950861092001322	{'A__K': 5.162503909625778, 'K__A': 5.162503909625778, 'first__last': 8.739218274376865, 'last__first': 8.739218274376865}
0.1350884841043611	420	(1, 1, -1, 1, -1, -1, 1, -1, -1)	9.160261972358473	{'first__last': 9.160261972358473, 'last__first': 9.160261972358473}
0.1350884841043611	421	(1, 1, -1, 1, -1, -1, 1, -1, 1)	7.285042192830586	{'A__K': 5.409822413302699, 'K__A': 5.409822413302699, 'first__last': 9.160261972358473, 'last__first': 9.160261972358473}
0.1382300767579509	420	(1, 1, -1, 1, -1, -1, 1, -1, -1)	9.591205639855325	{'first__last': 9.591205639855325, 'last__first': 9.591205639855325}
0.1382300767579509	421	(1, 1, -1, 1, -1, -1, 1, -1, 1)	7.627015108574192	{'A__K': 5.66282457729306, 'K__A': 5.66282457729306, 'first__last': 9.591205639855325, 'last__first': 9.591205639855325}
0.1413716694115407	421	(1, 1, -1, 1, -1, -1, 1, -1, 1)	5.921501173759274	{'A__K': 5.921501173759274, 'K__A': 5.921501173759274}
0.1445132620651305	421	(1, 1, -1, 1, -1, -1, 1, -1, 1)	6.185842789068601	{'A__K': 6.185842789068601, 'K__A': 6.185842789068601}
0.14765485471872028	421	(1, 1, -1, 1, -1, -1, 1, -1, 1)	6.455839825659762	{'A__K': 6.455839825659762, 'K__A': 6.455839825659762}
0.15079644737231007	421	(1, 1, -1, 1, -1, -1, 1, -1, 1)	6.731482503815783	{'A__K': 6.731482503815783, 'K__A': 6.731482503815783}
0.15393804002589986	421	(1, 1, -1, 1, -1, -1, 1, -1, 1)	7.012760863342586	{'A__K': 7.012760863342586, 'K__A': 7.012760863342586}
0.15707963267948966	421	(1, 1, -1, 1, -1, -1, 1, -1, 1)	7.299664765609947	{'A__K': 7.299664765609947, 'K__A': 7.299664765609947}
0.16022122533307945	421	(1, 1, -1, 1, -1, -1, 1, -1, 1)	7.592183895310445	{'A__K': 7.592183895310445, 'K__A': 7.592183895310445}
0.16336281798666924	421	(1, 1, -1, 1, -1, -1, 1, -1, 1)	7.890307762397603	{'A__K': 7.890307762397603, 'K__A': 7.890307762397603}
0.16650441064025903	421	(1, 1, -1, 1, -1, -1, 1, -1, 1)	8.194025704057983	{'A__K': 8.194025704057983, 'K__A': 8.194025704057983}
0.16964600329384885	421	(1, 1, -1, 1, -1, -1, 1, -1, 1)	8.503326886661705	{'A__K': 8.503326886661705, 'K__A': 8.503326886661705}
0.17278759594743864	421	(1, 1, -1, 1, -1, -1, 1, -1, 1)	8.818200307785865	{'A__K': 8.818200307785865, 'K__A': 8.818200307785865}
0.17592918860102844	421	(1, 1, -1, 1, -1, -1, 1, -1, 1)	9.138634798290143	{'A__K': 9.138634798290143, 'K__A': 9.138634798290143}
0.17907078125461823	421	(1, 1, -1, 1, -1, -1, 1, -1, 1)	9.464619024288572	{'A__K': 9.464619024288572, 'K__A': 9.464619024288572}
0.18221237390820802	421	(1, 1, -1, 1, -1, -1, 1, -1, 1)	9.796141489310891	{'A__K': 9.796141489310891, 'K__A': 9.796141489310891}
1.1026990214100174	416	(1, 1, -1, 1, -1, -1, -1, -1, -1)	8.57673124785073	{'E__K': 9.544080894889401, 'K__E': 9.544080894889401, 'D_E__last': 7.609381600812059, 'last__D_E': 7.609381600812059}
1.1026990214100174	417	(1, 1, -1, 1, -1, -1, -1, -1, 1)	7.609381600812059	{'D_E__last': 7.609381600812059, 'last__D_E': 7.609381600812059}
1.1058406140636072	416	(1, 1, -1, 1, -1, -1, -1, -1, -1)	2.5186616440044243	{'E__K': 2.80208620312919, 'K__E': 2.80208620312919, 'D_E__last': 2.2352370848796586, 'last__D_E': 2.2352370848796586}
1.1058406140636072	417	(1, 1, -1, 1, -1, -1, -1, -1, 1)	2.2352370848796586	{'D_E__last': 2.2352370848796586, 'last__D_E': 2.2352370848796586}
1.108982206717197	416	(1, 1, -1, 1, -1, -1, -1, -1, -1)	3.526452303608277	{'E__K': 3.922371612758209, 'K__E': 3.922371612758209, 'D_E__last': 3.1305329944583447, 'last__D_E': 3.1305329944583447}
1.108982206717197	417	(1, 1, -1, 1, -1, -1, -1, -1, 1)	3.1305329944583447	{'D_E__last': 3.1305329944583447, 'last__D_E': 3.1305329944583447}
1.1121237993707869	416	(1, 1, -1, 1, -1, -1, -1, -1, -1)	8.487796263320961	{'D_E__last': 8.487796263320961, 'last__D_E': 8.487796263320961}
1.1121237993707869	417	(1, 1, -1, 1, -1, -1, -1, -1, 1)	8.487796263320961	{'D_E__last': 8.487796263320961, 'last__D_E': 8.487796263320961}
1.140398133253095	417	(1, 1, -1, 1, -1, -1, -1, -1, 1)	4.343386719936315	{'D__K': 4.343386719936315, 'K__D': 4.343386719936315}
1.1435397259066848	417	(1, 1, -1, 1, -1, -1, -1, -1, 1)	1.3304941060972957	{'D__K': 1.3304941060972957, 'K__D': 1.3304941060972957}
1.1466813185602747	417	(1, 1, -1, 1, -1, -1, -1, -1, 1)	6.989738564631327	{'D__K': 6.989738564631327, 'K__D': 6.989738564631327}
1.460840583919254	416	(1, 1, -1, 1, -1, -1, -1, -1, -1)	6.443253308906794	{'E__J': 6.443253308909007, 'F__K': 6.443253308904581, 'J__E': 6.443253308909007, 'K__F': 6.443253308904581}
1.460840583919254	417	(1, 1, -1, 1, -1, -1, -1, -1, 1)	6.443253308909007	{'E__J': 6.443253308909007, 'J__E': 6.443253308909007}
1.4639821765728436	416	(1, 1, -1, 1, -1, -1, -1, -1, -1)	1.6051646054293471	{'E__J': 1.6051646054265305, 'F__K': 1.6051646054321638, 'J__E': 1.6051646054265305, 'K__F': 1.6051646054321638}
1.4639821765728436	417	(1, 1, -1, 1, -1, -1, -1, -1, 1)	1.6051646054265305	{'E__J': 1.6051646054265305, 'J__E': 1.6051646054265305}
1.4671237692264334	416	(1, 1, -1, 1, -1, -1, -1, -1, -1)	3.219475533834733	{'E__J': 3.219475533842186, 'F__K': 3.21947553382728, 'J__E': 3.219475533842186, 'K__F': 3.21947553382728}
1.4671237692264334	417	(1, 1, -1, 1, -1, -1, -1, -1, 1)	3.219475533842186	{'E__J': 3.219475533842186, 'J__E': 3.219475533842186}
1.4702653618800232	416	(1, 1, -1, 1, -1, -1, -1, -1, -1)	8.030604477271362	{'E__J': 8.030604477259214, 'F__K': 8.03060447728351, 'J__E': 8.030604477259214, 'K__F': 8.03060447728351}
1.4702653618800232	417	(1, 1, -1, 1, -1, -1, -1, -1, 1)	8.030604477259214	{'E__J': 8.030604477259214, 'J__E': 8.030604477259214}
