2.023185668911827	169	(-1, 1, -1, 1, -1, 1, -1, -1, 1)	9.642568519310485	{'F_G__last': 9.642568519310485, 'last__F_G': 9.642568519310485}
2.023185668911827	174	(-1, 1, -1, 1, -1, 1, 1, 1, -1)	9.768976670836238	{'F__J': 9.895384822332694, 'J__F': 9.895384822332694, 'F_G__last': 9.64256851933978, 'last__F_G': 9.64256851933978}
2.023185668911827	175	(-1, 1, -1, 1, -1, 1, 1, 1, 1)	9.895384822325559	{'F__J': 9.895384822332694, 'G__K': 9.895384822325559, 'J__F': 9.895384822332694, 'K__G': 9.895384822325559, 'F_G__last': 9.64256851933978, 'last__F_G': 9.64256851933978}
2.023185668911827	176	(-1, 1, -1, 1, 1, -1, -1, -1, -1)	9.89538482231667	{'F__J': 9.89538482231667, 'G__K': 9.895384822319476, 'J__F': 9.89538482231667, 'K__G': 9.895384822319476, 'F_G__last': 9.642568519317186, 'last__F_G': 9.642568519317186}
2.023185668911827	177	(-1, 1, -1, 1, 1, -1, -1, -1, 1)	9.768976670816928	{'F__J': 9.89538482231667, 'J__F': 9.89538482231667, 'F_G__last': 9.642568519317186, 'last__F_G': 9.642568519317186}
2.0263272615654166	169	(-1, 1, -1, 1, -1, 1, -1, -1, 1)	6.946458368451039	{'F_G__last': 6.946458368451039, 'last__F_G': 6.946458368451039}
2.0263272615654166	174	(-1, 1, -1, 1, -1, 1, 1, 1, -1)	7.034724046179942	{'F__J': 7.122989723914973, 'J__F': 7.122989723914973, 'F_G__last': 6.946458368444912, 'last__F_G': 6.946458368444912}
2.0263272615654166	175	(-1, 1, -1, 1, -1, 1, 1, 1, 1)	7.122989723914973	{'F__J': 7.122989723914973, 'G__K': 7.122989723926404, 'J__F': 7.122989723914973, 'K__G': 7.122989723926404, 'F_G__last': 6.946458368444912, 'last__F_G': 6.946458368444912}
2.0263272615654166	176	(-1, 1, -1, 1, 1, -1, -1, -1, -1)	7.122989723912168	{'F__J': 7.122989723912168, 'G__K': 7.122989723937687, 'J__F': 7.122989723912168, 'K__G': 7.122989723937687, 'F_G__last': 6.946458368447962, 'last__F_G': 6.946458368447962}
2.0263272615654166	177	(-1, 1, -1, 1, 1, -1, -1, -1, 1)	7.034724046180065	{'F__J': 7.122989723912168, 'J__F': 7.122989723912168, 'F_G__last': 6.946458368447962, 'last__F_G': 6.946458368447962}
2.0294688542190067	169	(-1, 1, -1, 1, -1, 1, -1, -1, 1)	4.254494479632304	{'F_G__last': 4.254494479632304, 'last__F_G': 4.254494479632304}
2.0294688542190067	174	(-1, 1, -1, 1, -1, 1, 1, 1, -1)	4.3068420471302336	{'F__J': 4.359189614636047, 'J__F': 4.359189614636047, 'F_G__last': 4.254494479624421, 'last__F_G': 4.254494479624421}
2.0294688542190067	175	(-1, 1, -1, 1, -1, 1, 1, 1, 1)	4.359189614627794	{'F__J': 4.359189614636047, 'G__K': 4.359189614627794, 'J__F': 4.359189614636047, 'K__G': 4.359189614627794, 'F_G__last': 4.254494479624421, 'last__F_G': 4.254494479624421}
2.0294688542190067	176	(-1, 1, -1, 1, 1, -1, -1, -1, -1)	4.359189614637003	{'F__J': 4.359189614637003, 'G__K': 4.359189614645062, 'J__F': 4.359189614637003, 'K__G': 4.359189614645062, 'F_G__last': 4.254494479623143, 'last__F_G': 4.254494479623143}
2.0294688542190067	177	(-1, 1, -1, 1, 1, -1, -1, -1, 1)	4.306842047130074	{'F__J': 4.359189614637003, 'J__F': 4.359189614637003, 'F_G__last': 4.254494479623143, 'last__F_G': 4.254494479623143}
2.0326104468725963	169	(-1, 1, -1, 1, -1, 1, -1, -1, 1)	1.5667034213952014	{'F_G__last': 1.5667034213952014, 'last__F_G': 1.5667034213952014}
2.0326104468725963	174	(-1, 1, -1, 1, -1, 1, 1, 1, -1)	1.5853501082044592	{'F__J': 1.6039967949809828, 'J__F': 1.6039967949809828, 'F_G__last': 1.5667034214279356, 'last__F_G': 1.5667034214279356}
2.0326104468725963	175	(-1, 1, -1, 1, -1, 1, 1, 1, 1)	1.6039967949657756	{'F__J': 1.6039967949809828, 'G__K': 1.6039967949657756, 'J__F': 1.6039967949809828, 'K__G': 1.6039967949657756, 'F_G__last': 1.5667034214279356, 'last__F_G': 1.5667034214279356}
2.0326104468725963	176	(-1, 1, -1, 1, 1, -1, -1, -1, -1)	1.6039967949432996	{'F__J': 1.6039967949432996, 'G__K': 1.6039967949473002, 'J__F': 1.6039967949432996, 'K__G': 1.6039967949473002, 'F_G__last': 1.5667034213956643, 'last__F_G': 1.5667034213956643}
2.0326104468725963	177	(-1, 1, -1, 1, 1, -1, -1, -1, 1)	1.5853501081694819	{'F__J': 1.6039967949432996, 'J__F': 1.6039967949432996, 'F_G__last': 1.5667034213956643, 'last__F_G': 1.5667034213956643}
2.035752039526186	169	(-1, 1, -1, 1, -1, 1, -1, -1, 1)	1.1168882785815377	{'F_G__last': 1.1168882785815377, 'last__F_G': 1.1168882785815377}
2.035752039526186	174	(-1, 1, -1, 1, -1, 1, 1, 1, -1)	1.1297324631635373	{'F__J': 1.1425766477051023, 'J__F': 1.1425766477051023, 'F_G__last': 1.1168882786219723, 'last__F_G': 1.1168882786219723}
2.035752039526186	175	(-1, 1, -1, 1, -1, 1, 1, 1, 1)	1.1425766477051023	{'F__J': 1.1425766477051023, 'G__K': 1.1425766477092567, 'J__F': 1.1425766477051023, 'K__G': 1.1425766477092567, 'F_G__last': 1.1168882786219723, 'last__F_G': 1.1168882786219723}
2.035752039526186	176	(-1, 1, -1, 1, 1, -1, -1, -1, -1)	1.1425766476813608	{'F__J': 1.1425766476813608, 'G__K': 1.1425766476913162, 'J__F': 1.1425766476813608, 'K__G': 1.1425766476913162, 'F_G__last': 1.1168882785761713, 'last__F_G': 1.1168882785761713}
2.035752039526186	177	(-1, 1, -1, 1, 1, -1, -1, -1, 1)	1.1297324631287662	{'F__J': 1.1425766476813608, 'J__F': 1.1425766476813608, 'F_G__last': 1.1168882785761713, 'last__F_G': 1.1168882785761713}
2.038893632179776	169	(-1, 1, -1, 1, -1, 1, -1, -1, 1)	3.796254134777385	{'F_G__last': 3.796254134777385, 'last__F_G': 3.796254134777385}
2.038893632179776	174	(-1, 1, -1, 1, -1, 1, 1, 1, -1)	3.8383864870555815	{'F__J': 3.8805188393397225, 'J__F': 3.8805188393397225, 'F_G__last': 3.796254134771441, 'last__F_G': 3.796254134771441}
2.038893632179776	175	(-1, 1, -1, 1, -1, 1, 1, 1, 1)	3.880518839325046	{'F__J': 3.8805188393397225, 'G__K': 3.880518839325046, 'J__F': 3.8805188393397225, 'K__G': 3.880518839325046, 'F_G__last': 3.796254134771441, 'last__F_G': 3.796254134771441}
2.038893632179776	176	(-1, 1, -1, 1, 1, -1, -1, -1, -1)	3.8805188393261325	{'F__J': 3.880518839346777, 'G__K': 3.8805188393261325, 'J__F': 3.880518839346777, 'K__G': 3.8805188393261325, 'F_G__last': 3.7962541347756393, 'last__F_G': 3.7962541347756393}
2.038893632179776	177	(-1, 1, -1, 1, 1, -1, -1, -1, 1)	3.838386487061208	{'F__J': 3.880518839346777, 'J__F': 3.880518839346777, 'F_G__last': 3.7962541347756393, 'last__F_G': 3.7962541347756393}
2.0420352248333655	169	(-1, 1, -1, 1, -1, 1, -1, -1, 1)	6.4713677025384975	{'F_G__last': 6.4713677025384975, 'last__F_G': 6.4713677025384975}
2.0420352248333655	174	(-1, 1, -1, 1, -1, 1, 1, 1, -1)	6.540592910341491	{'F__J': 6.609818118116877, 'J__F': 6.609818118116877, 'F_G__last': 6.471367702566105, 'last__F_G': 6.471367702566105}
2.0420352248333655	175	(-1, 1, -1, 1, -1, 1, 1, 1, 1)	6.609818118112332	{'F__J': 6.609818118116877, 'G__K': 6.609818118112332, 'J__F': 6.609818118116877, 'K__G': 6.609818118112332, 'F_G__last': 6.471367702566105, 'last__F_G': 6.471367702566105}
2.0420352248333655	176	(-1, 1, -1, 1, 1, -1, -1, -1, -1)	6.609818118100547	{'F__J': 6.609818118100551, 'G__K': 6.609818118100547, 'J__F': 6.609818118100551, 'K__G': 6.609818118100547, 'F_G__last': 6.471367702529163, 'last__F_G': 6.471367702529163}
2.0420352248333655	177	(-1, 1, -1, 1, 1, -1, -1, -1, 1)	6.540592910314857	{'F__J': 6.609818118100551, 'J__F': 6.609818118100551, 'F_G__last': 6.471367702529163, 'last__F_G': 6.471367702529163}
2.0451768174869556	169	(-1, 1, -1, 1, -1, 1, -1, -1, 1)	9.142202579792757	{'F_G__last': 9.142202579792757, 'last__F_G': 9.142202579792757}
2.0451768174869556	174	(-1, 1, -1, 1, -1, 1, 1, 1, -1)	9.23633280745564	{'F__J': 9.33046303512571, 'J__F': 9.33046303512571, 'F_G__last': 9.142202579785566, 'last__F_G': 9.142202579785566}
2.0451768174869556	175	(-1, 1, -1, 1, -1, 1, 1, 1, 1)	9.330463035119001	{'F__J': 9.33046303512571, 'G__K': 9.330463035119001, 'J__F': 9.33046303512571, 'K__G': 9.330463035119001, 'F_G__last': 9.142202579785566, 'last__F_G': 9.142202579785566}
2.0451768174869556	176	(-1, 1, -1, 1, 1, -1, -1, -1, -1)	9.330463035123604	{'F__J': 9.330463035124737, 'G__K': 9.330463035123604, 'J__F': 9.330463035124737, 'K__G': 9.330463035123604, 'F_G__last': 9.142202579779706, 'last__F_G': 9.142202579779706}
2.0451768174869556	177	(-1, 1, -1, 1, 1, -1, -1, -1, 1)	9.236332807452222	{'F__J': 9.330463035124737, 'J__F': 9.330463035124737, 'F_G__last': 9.142202579779706, 'last__F_G': 9.142202579779706}
2.0797343366764434	169	(-1, 1, -1, 1, -1, 1, -1, -1, 1)	6.867101122748904	{'F__K': 6.867101122748904, 'K__F': 6.867101122748904}
2.082875929330033	169	(-1, 1, -1, 1, -1, 1, -1, -1, 1)	2.860627681199233	{'F__K': 2.860627681199233, 'K__F': 2.860627681199233}
2.0860175219836226	169	(-1, 1, -1, 1, -1, 1, -1, -1, 1)	1.1399994135968399	{'F__K': 1.1399994135968399, 'K__F': 1.1399994135968399}
2.0891591146372126	169	(-1, 1, -1, 1, -1, 1, -1, -1, 1)	5.134734183738261	{'F__K': 5.134734183738261, 'K__F': 5.134734183738261}
2.092300707290802	169	(-1, 1, -1, 1, -1, 1, -1, -1, 1)	9.12353068490094	{'F__K': 9.12353068490094, 'K__F': 9.12353068490094}
2.321636971002857	178	(-1, 1, -1, 1, 1, -1, -1, 1, -1)	3.6294062719418525	{'B_C__last': 3.6294062719418525, 'last__B_C': 3.6294062719418525}
2.321636971002857	179	(-1, 1, -1, 1, 1, -1, -1, 1, 1)	2.9682373488401605	{'C__K': 2.307068425738469, 'K__C': 2.307068425738469, 'B_C__last': 3.6294062719418525, 'last__B_C': 3.6294062719418525}
2.324778563656447	178	(-1, 1, -1, 1, 1, -1, -1, 1, -1)	8.422187058650628	{'B_C__last': 8.422187058650628, 'last__B_C': 8.422187058650628}
2.324778563656447	179	(-1, 1, -1, 1, 1, -1, -1, 1, 1)	6.884946450349012	{'C__K': 5.347705842047395, 'K__C': 5.347705842047395, 'B_C__last': 8.422187058650628, 'last__B_C': 8.422187058650628}
2.5132741228718345	172	(-1, 1, -1, 1, -1, 1, 1, -1, -1)	5.635621484337997	{'E__J': 5.635621484337997, 'J__E': 5.635621484337997}
2.5132741228718345	173	(-1, 1, -1, 1, -1, 1, 1, -1, 1)	5.635621484337997	{'E__J': 5.635621484337997, 'J__E': 5.635621484337997}
2.5132741228718345	176	(-1, 1, -1, 1, 1, -1, -1, -1, -1)	5.635621484342444	{'C__H': 5.635621484342444, 'H__C': 5.635621484342444}
2.5132741228718345	177	(-1, 1, -1, 1, 1, -1, -1, -1, 1)	5.635621484342444	{'C__H': 5.635621484342444, 'H__C': 5.635621484342444}
2.5132741228718345	178	(-1, 1, -1, 1, 1, -1, -1, 1, -1)	5.635621484344789	{'C__H': 5.635621484342444, 'E__J': 5.6356214843471335, 'H__C': 5.635621484342444, 'J__E': 5.6356214843471335}
2.5132741228718345	179	(-1, 1, -1, 1, 1, -1, -1, 1, 1)	5.635621484344789	{'C__H': 5.635621484342444, 'E__J': 5.6356214843471335, 'H__C': 5.635621484342444, 'J__E': 5.6356214843471335}
2.5132741228718345	180	(-1, 1, -1, 1, 1, -1, 1, -1, -1)	5.635621484342444	{'C__H': 5.635621484342444, 'H__C': 5.635621484342444}
2.5132741228718345	181	(-1, 1, -1, 1, 1, -1, 1, -1, 1)	5.635621484342444	{'C__H': 5.635621484342444, 'H__C': 5.635621484342444}
2.5164157155254245	172	(-1, 1, -1, 1, -1, 1, 1, -1, -1)	1.2790465827656108	{'E__J': 1.2790465827656108, 'J__E': 1.2790465827656108}
2.5164157155254245	173	(-1, 1, -1, 1, -1, 1, 1, -1, 1)	1.2790465827656108	{'E__J': 1.2790465827656108, 'J__E': 1.2790465827656108}
2.5164157155254245	176	(-1, 1, -1, 1, 1, -1, -1, -1, -1)	1.2790465827831132	{'C__H': 1.2790465827831132, 'H__C': 1.2790465827831132}
2.5164157155254245	177	(-1, 1, -1, 1, 1, -1, -1, -1, 1)	1.2790465827831132	{'C__H': 1.2790465827831132, 'H__C': 1.2790465827831132}
2.5164157155254245	178	(-1, 1, -1, 1, 1, -1, -1, 1, -1)	1.2790465827890665	{'C__H': 1.2790465827831132, 'E__J': 1.2790465827950195, 'H__C': 1.2790465827831132, 'J__E': 1.2790465827950195}
2.5164157155254245	179	(-1, 1, -1, 1, 1, -1, -1, 1, 1)	1.2790465827890665	{'C__H': 1.2790465827831132, 'E__J': 1.2790465827950195, 'H__C': 1.2790465827831132, 'J__E': 1.2790465827950195}
2.5164157155254245	180	(-1, 1, -1, 1, 1, -1, 1, -1, -1)	1.2790465827831132	{'C__H': 1.2790465827831132, 'H__C': 1.2790465827831132}
2.5164157155254245	181	(-1, 1, -1, 1, 1, -1, 1, -1, 1)	1.2790465827831132	{'C__H': 1.2790465827831132, 'H__C': 1.2790465827831132}
2.519557308179014	172	(-1, 1, -1, 1, -1, 1, 1, -1, -1)	8.173555410188053	{'E__J': 8.173555410188053, 'J__E': 8.173555410188053}
2.519557308179014	173	(-1, 1, -1, 1, -1, 1, 1, -1, 1)	8.173555410188053	{'E__J': 8.173555410188053, 'J__E': 8.173555410188053}
2.519557308179014	176	(-1, 1, -1, 1, 1, -1, -1, -1, -1)	8.173555410200862	{'C__H': 8.173555410200862, 'H__C': 8.173555410200862}
2.519557308179014	177	(-1, 1, -1, 1, 1, -1, -1, -1, 1)	8.173555410200862	{'C__H': 8.173555410200862, 'H__C': 8.173555410200862}
2.519557308179014	178	(-1, 1, -1, 1, 1, -1, -1, 1, -1)	8.17355541019553	{'C__H': 8.173555410200862, 'E__J': 8.173555410190199, 'H__C': 8.173555410200862, 'J__E': 8.173555410190199}
2.519557308179014	179	(-1, 1, -1, 1, 1, -1, -1, 1, 1)	8.17355541019553	{'C__H': 8.173555410200862, 'E__J': 8.173555410190199, 'H__C': 8.173555410200862, 'J__E': 8.173555410190199}
2.519557308179014	180	(-1, 1, -1, 1, 1, -1, 1, -1, -1)	8.173555410200862	{'C__H': 8.173555410200862, 'H__C': 8.173555410200862}
2.519557308179014	181	(-1, 1, -1, 1, 1, -1, 1, -1, 1)	8.173555410200862	{'C__H': 8.173555410200862, 'H__C': 8.173555410200862}
2.6640705702441445	172	(-1, 1, -1, 1, -1, 1, 1, -1, -1)	6.144718401040335	{'D_E__last': 6.144718401040335, 'last__D_E': 6.144718401040335}
2.6640705702441445	173	(-1, 1, -1, 1, -1, 1, 1, -1, 1)	6.144718401040335	{'D_E__last': 6.144718401040335, 'last__D_E': 6.144718401040335}
2.6640705702441445	176	(-1, 1, -1, 1, 1, -1, -1, -1, -1)	6.144718401031395	{'B_C__H_I': 6.144718401031395, 'H_I__B_C': 6.144718401031395}
2.6640705702441445	177	(-1, 1, -1, 1, 1, -1, -1, -1, 1)	6.144718401031395	{'B_C__H_I': 6.144718401031395, 'H_I__B_C': 6.144718401031395}
2.6640705702441445	178	(-1, 1, -1, 1, 1, -1, -1, 1, -1)	6.144718401047896	{'B_C__H_I': 6.144718401031395, 'D_E__last': 6.144718401064397, 'H_I__B_C': 6.144718401031395, 'last__D_E': 6.144718401064397}
2.6640705702441445	179	(-1, 1, -1, 1, 1, -1, -1, 1, 1)	6.144718401047896	{'B_C__H_I': 6.144718401031395, 'D_E__last': 6.144718401064397, 'H_I__B_C': 6.144718401031395, 'last__D_E': 6.144718401064397}
2.6640705702441445	180	(-1, 1, -1, 1, 1, -1, 1, -1, -1)	6.144718401031395	{'B_C__H_I': 6.144718401031395, 'H_I__B_C': 6.144718401031395}
2.6640705702441445	181	(-1, 1, -1, 1, 1, -1, 1, -1, 1)	6.144718401031395	{'B_C__H_I': 6.144718401031395, 'H_I__B_C': 6.144718401031395}
2.6672121628977346	172	(-1, 1, -1, 1, -1, 1, 1, -1, -1)	0.40527255829497405	{'D_E__last': 0.40527255829497405, 'last__D_E': 0.40527255829497405}
2.6672121628977346	173	(-1, 1, -1, 1, -1, 1, 1, -1, 1)	0.40527255829497405	{'D_E__last': 0.40527255829497405, 'last__D_E': 0.40527255829497405}
2.6672121628977346	176	(-1, 1, -1, 1, 1, -1, -1, -1, -1)	0.40527255832425024	{'B_C__H_I': 0.40527255832425024, 'H_I__B_C': 0.40527255832425024}
2.6672121628977346	177	(-1, 1, -1, 1, 1, -1, -1, -1, 1)	0.40527255832425024	{'B_C__H_I': 0.40527255832425024, 'H_I__B_C': 0.40527255832425024}
2.6672121628977346	178	(-1, 1, -1, 1, 1, -1, -1, 1, -1)	0.4052725583173852	{'B_C__H_I': 0.40527255832425024, 'D_E__last': 0.4052725583105201, 'H_I__B_C': 0.40527255832425024, 'last__D_E': 0.4052725583105201}
2.6672121628977346	179	(-1, 1, -1, 1, 1, -1, -1, 1, 1)	0.4052725583173852	{'B_C__H_I': 0.40527255832425024, 'D_E__last': 0.4052725583105201, 'H_I__B_C': 0.40527255832425024, 'last__D_E': 0.4052725583105201}
2.6672121628977346	180	(-1, 1, -1, 1, 1, -1, 1, -1, -1)	0.40527255832425024	{'B_C__H_I': 0.40527255832425024, 'H_I__B_C': 0.40527255832425024}
2.6672121628977346	181	(-1, 1, -1, 1, 1, -1, 1, -1, 1)	0.40527255832425024	{'B_C__H_I': 0.40527255832425024, 'H_I__B_C': 0.40527255832425024}
2.670353755551324	172	(-1, 1, -1, 1, -1, 1, 1, -1, -1)	6.923616696048844	{'D_E__last': 6.923616696048844, 'last__D_E': 6.923616696048844}
2.670353755551324	173	(-1, 1, -1, 1, -1, 1, 1, -1, 1)	6.923616696048844	{'D_E__last': 6.923616696048844, 'last__D_E': 6.923616696048844}
2.670353755551324	176	(-1, 1, -1, 1, 1, -1, -1, -1, -1)	6.923616696086835	{'B_C__H_I': 6.923616696086835, 'H_I__B_C': 6.923616696086835}
2.670353755551324	177	(-1, 1, -1, 1, 1, -1, -1, -1, 1)	6.923616696086835	{'B_C__H_I': 6.923616696086835, 'H_I__B_C': 6.923616696086835}
2.670353755551324	178	(-1, 1, -1, 1, 1, -1, -1, 1, -1)	6.923616696079033	{'B_C__H_I': 6.923616696086835, 'D_E__last': 6.92361669607123, 'H_I__B_C': 6.923616696086835, 'last__D_E': 6.92361669607123}
2.670353755551324	179	(-1, 1, -1, 1, 1, -1, -1, 1, 1)	6.923616696079033	{'B_C__H_I': 6.923616696086835, 'D_E__last': 6.92361669607123, 'H_I__B_C': 6.923616696086835, 'last__D_E': 6.92361669607123}
2.670353755551324	180	(-1, 1, -1, 1, 1, -1, 1, -1, -1)	6.923616696086835	{'B_C__H_I': 6.923616696086835, 'H_I__B_C': 6.923616696086835}
2.670353755551324	181	(-1, 1, -1, 1, 1, -1, 1, -1, 1)	6.923616696086835	{'B_C__H_I': 6.923616696086835, 'H_I__B_C': 6.923616696086835}
3.0787608005179976	180	(-1, 1, -1, 1, 1, -1, 1, -1, -1)	9.616669220928058	{'A__K': 9.368839715259524, 'K__A': 9.368839715259524, 'first__last': 9.864498726596592, 'last__first': 9.864498726596592}
3.0787608005179976	181	(-1, 1, -1, 1, 1, -1, 1, -1, 1)	9.864498726596592	{'first__last': 9.864498726596592, 'last__first': 9.864498726596592}
3.081902393171587	180	(-1, 1, -1, 1, 1, -1, 1, -1, -1)	8.679586909782723	{'A__K': 8.456014581308317, 'K__A': 8.456014581308317, 'first__last': 8.903159238257128, 'last__first': 8.903159238257128}
3.081902393171587	181	(-1, 1, -1, 1, 1, -1, 1, -1, 1)	8.903159238257128	{'first__last': 8.903159238257128, 'last__first': 8.903159238257128}
3.0850439858251772	180	(-1, 1, -1, 1, 1, -1, 1, -1, -1)	7.790451735112095	{'A__K': 7.589873942359254, 'K__A': 7.589873942359254, 'first__last': 7.991029527864937, 'last__first': 7.991029527864937}
3.0850439858251772	181	(-1, 1, -1, 1, 1, -1, 1, -1, 1)	7.991029527864937	{'first__last': 7.991029527864937, 'last__first': 7.991029527864937}
3.088185578478767	180	(-1, 1, -1, 1, 1, -1, 1, -1, -1)	6.949280784491577	{'A__K': 6.77043782038918, 'K__A': 6.77043782038918, 'first__last': 7.128123748593975, 'last__first': 7.128123748593975}
3.088185578478767	181	(-1, 1, -1, 1, 1, -1, 1, -1, 1)	7.128123748593975	{'first__last': 7.128123748593975, 'last__first': 7.128123748593975}
3.0913271711323564	180	(-1, 1, -1, 1, 1, -1, 1, -1, -1)	6.156090228255074	{'A__K': 5.997725165693134, 'K__A': 5.997725165693134, 'first__last': 6.3144552908170155, 'last__first': 6.3144552908170155}
3.0913271711323564	181	(-1, 1, -1, 1, 1, -1, 1, -1, 1)	6.3144552908170155	{'first__last': 6.3144552908170155, 'last__first': 6.3144552908170155}
3.0944687637859465	180	(-1, 1, -1, 1, 1, -1, 1, -1, -1)	5.410895318234412	{'A__K': 5.27175385498778, 'K__A': 5.27175385498778, 'first__last': 5.550036781481045, 'last__first': 5.550036781481045}
3.0944687637859465	181	(-1, 1, -1, 1, 1, -1, 1, -1, 1)	5.550036781481045	{'first__last': 5.550036781481045, 'last__first': 5.550036781481045}
3.097610356439536	180	(-1, 1, -1, 1, 1, -1, 1, -1, -1)	4.7137103864472945	{'A__K': 4.592540689485289, 'K__A': 4.592540689485289, 'first__last': 4.834880083409301, 'last__first': 4.834880083409301}
3.097610356439536	181	(-1, 1, -1, 1, 1, -1, 1, -1, 1)	4.834880083409301	{'first__last': 4.834880083409301, 'last__first': 4.834880083409301}
3.100751949093126	180	(-1, 1, -1, 1, 1, -1, 1, -1, -1)	4.064548844721804	{'A__K': 3.9601013937993184, 'K__A': 3.9601013937993184, 'first__last': 4.1689962956442885, 'last__first': 4.1689962956442885}
3.100751949093126	181	(-1, 1, -1, 1, 1, -1, 1, -1, 1)	4.1689962956442885	{'first__last': 4.1689962956442885, 'last__first': 4.1689962956442885}
3.1038935417467157	180	(-1, 1, -1, 1, 1, -1, 1, -1, -1)	3.463423183544613	{'A__K': 3.374450614245013, 'K__A': 3.374450614245013, 'first__last': 3.552395752844213, 'last__first': 3.552395752844213}
3.1038935417467157	181	(-1, 1, -1, 1, 1, -1, 1, -1, 1)	3.552395752844213	{'first__last': 3.552395752844213, 'last__first': 3.552395752844213}
3.1070351344003058	180	(-1, 1, -1, 1, 1, -1, 1, -1, -1)	2.9103449716068495	{'A__K': 2.8356019177953407, 'K__A': 2.8356019177953407, 'first__last': 2.9850880254183587, 'last__first': 2.9850880254183587}
3.1070351344003058	181	(-1, 1, -1, 1, 1, -1, 1, -1, 1)	2.9850880254183587	{'first__last': 2.9850880254183587, 'last__first': 2.9850880254183587}
3.1101767270538954	176	(-1, 1, -1, 1, 1, -1, -1, -1, -1)	9.038553369275906	{'A__K': 9.038553369275906, 'K__A': 9.038553369275906}
3.1101767270538954	180	(-1, 1, -1, 1, 1, -1, 1, -1, -1)	2.405324854538109	{'A__K': 2.3435677904329224, 'K__A': 2.3435677904329224, 'first__last': 2.467081918643295, 'last__first': 2.467081918643295}
3.1101767270538954	181	(-1, 1, -1, 1, 1, -1, 1, -1, 1)	2.467081918643295	{'first__last': 2.467081918643295, 'last__first': 2.467081918643295}
3.113318319707485	176	(-1, 1, -1, 1, 1, -1, -1, -1, -1)	8.08076681038226	{'A__K': 8.08076681038226, 'K__A': 8.08076681038226}
3.113318319707485	180	(-1, 1, -1, 1, 1, -1, 1, -1, -1)	1.9483725545526842	{'A__K': 1.898359636194309, 'K__A': 1.898359636194309, 'first__last': 1.9983854729110597, 'last__first': 1.9983854729110597}
3.113318319707485	181	(-1, 1, -1, 1, 1, -1, 1, -1, 1)	1.9983854729110597	{'first__last': 1.9983854729110597, 'last__first': 1.9983854729110597}
3.116459912361075	176	(-1, 1, -1, 1, 1, -1, -1, -1, -1)	7.139728293121101	{'A__K': 7.139728293121101, 'K__A': 7.139728293121101}
3.116459912361075	180	(-1, 1, -1, 1, 1, -1, 1, -1, -1)	1.5394968699787392	{'A__K': 1.49998777638864, 'K__A': 1.49998777638864, 'first__last': 1.5790059635688385, 'last__first': 1.5790059635688385}
3.116459912361075	181	(-1, 1, -1, 1, 1, -1, 1, -1, 1)	1.5790059635688385	{'first__last': 1.5790059635688385, 'last__first': 1.5790059635688385}
3.1196015050146646	176	(-1, 1, -1, 1, 1, -1, -1, -1, -1)	6.213730534967433	{'A__K': 6.213730534967433, 'K__A': 6.213730534967433}
3.1196015050146646	180	(-1, 1, -1, 1, 1, -1, 1, -1, -1)	1.1787056742604891	{'A__K': 1.1484614481012234, 'K__A': 1.1484614481012234, 'first__last': 1.2089499004197546, 'last__first': 1.2089499004197546}
3.1196015050146646	181	(-1, 1, -1, 1, 1, -1, 1, -1, 1)	1.2089499004197546	{'first__last': 1.2089499004197546, 'last__first': 1.2089499004197546}
3.1227430976682546	176	(-1, 1, -1, 1, 1, -1, -1, -1, -1)	5.301014893449821	{'A__K': 5.301014893449821, 'K__A': 5.301014893449821}
3.1227430976682546	177	(-1, 1, -1, 1, 1, -1, -1, -1, 1)	8.574942097475887	{'A__K': 8.574942097475887, 'K__A': 8.574942097475887}
3.1227430976682546	180	(-1, 1, -1, 1, 1, -1, 1, -1, -1)	0.8660059159888732	{'A__K': 0.8437888039722602, 'K__A': 0.8437888039722602, 'first__last': 0.8882230280054862, 'last__first': 0.8882230280054862}
3.1227430976682546	181	(-1, 1, -1, 1, 1, -1, 1, -1, 1)	0.8882230280054862	{'first__last': 0.8882230280054862, 'last__first': 0.8882230280054862}
3.1258846903218442	176	(-1, 1, -1, 1, 1, -1, -1, -1, -1)	4.399776066664546	{'A__K': 4.399776066664546, 'K__A': 4.399776066664546}
3.1258846903218442	177	(-1, 1, -1, 1, 1, -1, -1, -1, 1)	7.117666085780552	{'A__K': 7.117666085780552, 'K__A': 7.117666085780552}
3.1258846903218442	180	(-1, 1, -1, 1, 1, -1, 1, -1, -1)	0.6014036179556173	{'A__K': 0.585976910913704, 'K__A': 0.585976910913704, 'first__last': 0.6168303249975304, 'last__first': 0.6168303249975304}
3.1258846903218442	181	(-1, 1, -1, 1, 1, -1, 1, -1, 1)	0.6168303249975304	{'first__last': 0.6168303249975304, 'last__first': 0.6168303249975304}
3.1290262829754343	176	(-1, 1, -1, 1, 1, -1, -1, -1, -1)	3.508167422230475	{'A__K': 3.508167422230475, 'K__A': 3.508167422230475}
3.1290262829754343	177	(-1, 1, -1, 1, 1, -1, -1, -1, 1)	5.675657029516589	{'A__K': 5.675657029516589, 'K__A': 5.675657029516589}
3.1290262829754343	179	(-1, 1, -1, 1, 1, -1, -1, 1, 1)	9.130996857545902	{'A__K': 9.130996857545902, 'K__A': 9.130996857545902}
3.1290262829754343	180	(-1, 1, -1, 1, 1, -1, 1, -1, -1)	0.38490387713709967	{'A__K': 0.37503174983145693, 'K__A': 0.37503174983145693, 'first__last': 0.3947760044427424, 'last__first': 0.3947760044427424}
3.1290262829754343	181	(-1, 1, -1, 1, 1, -1, 1, -1, 1)	4.7676442417002	{'A__K': 9.140512478957659, 'K__A': 9.140512478957659, 'first__last': 0.3947760044427424, 'last__first': 0.3947760044427424}
3.132167875629024	172	(-1, 1, -1, 1, -1, 1, 1, -1, -1)	9.467809529886601	{'first__last': 9.467809529886601, 'last__first': 9.467809529886601}
3.132167875629024	173	(-1, 1, -1, 1, -1, 1, 1, -1, 1)	9.467809529886601	{'first__last': 9.467809529886601, 'last__first': 9.467809529886601}
3.132167875629024	176	(-1, 1, -1, 1, 1, -1, -1, -1, -1)	6.045338330702802	{'A__K': 2.6243069051369434, 'K__A': 2.6243069051369434, 'first__last': 9.46636975626866, 'last__first': 9.46636975626866}
3.132167875629024	177	(-1, 1, -1, 1, 1, -1, -1, -1, 1)	6.856150824590388	{'A__K': 4.245931892912117, 'K__A': 4.245931892912117, 'first__last': 9.46636975626866, 'last__first': 9.46636975626866}
3.132167875629024	179	(-1, 1, -1, 1, 1, -1, -1, 1, 1)	6.847921567666076	{'A__K': 6.847921567666076, 'K__A': 6.847921567666076}
3.132167875629024	180	(-1, 1, -1, 1, 1, -1, 1, -1, -1)	0.21651086419139487	{'A__K': 0.21095821491459238, 'K__A': 0.21095821491459238, 'first__last': 0.2220635134681974, 'last__first': 0.2220635134681974}
3.132167875629024	181	(-1, 1, -1, 1, 1, -1, 1, -1, 1)	3.537000282127024	{'A__K': 6.851937050785851, 'K__A': 6.851937050785851, 'first__last': 0.2220635134681974, 'last__first': 0.2220635134681974}
3.135309468282614	172	(-1, 1, -1, 1, -1, 1, 1, -1, -1)	6.310097527023541	{'first__last': 6.310097527023541, 'last__first': 6.310097527023541}
3.135309468282614	173	(-1, 1, -1, 1, -1, 1, 1, -1, 1)	7.720510581374581	{'A__K': 9.130923635725622, 'K__A': 9.130923635725622, 'first__last': 6.310097527023541, 'last__first': 6.310097527023541}
3.135309468282614	176	(-1, 1, -1, 1, 1, -1, -1, -1, -1)	4.027977147292784	{'A__K': 1.7462834588970764, 'K__A': 1.7462834588970764, 'first__last': 6.309670835688491, 'last__first': 6.309670835688491}
3.135309468282614	177	(-1, 1, -1, 1, 1, -1, -1, -1, 1)	4.567566036835528	{'A__K': 2.8254612379825637, 'K__A': 2.8254612379825637, 'first__last': 6.309670835688491, 'last__first': 6.309670835688491}
3.135309468282614	178	(-1, 1, -1, 1, 1, -1, -1, 1, -1)	9.129188836402111	{'A__K': 9.129188836402111, 'K__A': 9.129188836402111}
3.135309468282614	179	(-1, 1, -1, 1, 1, -1, -1, 1, 1)	4.565125681565896	{'A__K': 4.565125681565896, 'K__A': 4.565125681565896}
3.135309468282614	180	(-1, 1, -1, 1, 1, -1, 1, -1, -1)	0.0962278232504629	{'A__K': 0.09376011321380298, 'K__A': 0.09376011321380298, 'first__last': 0.09869553328712283, 'last__first': 0.09869553328712283}
3.135309468282614	181	(-1, 1, -1, 1, 1, -1, 1, -1, 1)	2.332505608241973	{'A__K': 4.566315683196823, 'K__A': 4.566315683196823, 'first__last': 0.09869553328712283, 'last__first': 0.09869553328712283}
3.1384510609362035	169	(-1, 1, -1, 1, -1, 1, -1, -1, 1)	5.872760276677816	{'A__K': 5.436845823983177, 'K__A': 5.436845823983177, 'first__last': 6.3086747293724565, 'last__first': 6.3086747293724565}
3.1384510609362035	171	(-1, 1, -1, 1, -1, 1, -1, 1, 1)	9.130000850075225	{'A__K': 9.130000850075225, 'K__A': 9.130000850075225}
3.1384510609362035	172	(-1, 1, -1, 1, -1, 1, 1, -1, -1)	5.001003397260077	{'A__K': 6.8474908267533, 'K__A': 6.8474908267533, 'first__last': 3.1545159677668546, 'last__first': 3.1545159677668546}
3.1384510609362035	173	(-1, 1, -1, 1, -1, 1, 1, -1, 1)	3.8598162157776867	{'A__K': 4.565116463788519, 'K__A': 4.565116463788519, 'first__last': 3.1545159677668546, 'last__first': 3.1545159677668546}
3.1384510609362035	174	(-1, 1, -1, 1, -1, 1, 1, 1, -1)	8.258134929260622	{'first__last': 8.258134929260622, 'last__first': 8.258134929260622}
3.1384510609362035	175	(-1, 1, -1, 1, -1, 1, 1, 1, 1)	8.258140504256719	{'A__K': 8.258146079252814, 'K__A': 8.258146079252814, 'first__last': 8.258134929260622, 'last__first': 8.258134929260622}
3.1384510609362035	176	(-1, 1, -1, 1, 1, -1, -1, -1, -1)	2.013313251464302	{'A__K': 0.872163878465402, 'K__A': 0.872163878465402, 'first__last': 3.154462624463202, 'last__first': 3.154462624463202}
3.1384510609362035	177	(-1, 1, -1, 1, 1, -1, -1, -1, 1)	2.282821412931844	{'A__K': 1.411180201400486, 'K__A': 1.411180201400486, 'first__last': 3.154462624463202, 'last__first': 3.154462624463202}
3.1384510609362035	178	(-1, 1, -1, 1, 1, -1, -1, 1, -1)	6.4114678127997085	{'A__K': 4.564899604010622, 'K__A': 4.564899604010622, 'first__last': 8.258036021588795, 'last__first': 8.258036021588795}
3.1384510609362035	179	(-1, 1, -1, 1, 1, -1, -1, 1, 1)	5.270276117699856	{'A__K': 2.2825162138109176, 'K__A': 2.2825162138109176, 'first__last': 8.258036021588795, 'last__first': 8.258036021588795}
3.1384510609362035	180	(-1, 1, -1, 1, 1, -1, 1, -1, -1)	0.024057071649544855	{'A__K': 0.02344016425222892, 'K__A': 0.02344016425222892, 'first__last': 0.024673979046860788, 'last__first': 0.024673979046860788}
3.1384510609362035	181	(-1, 1, -1, 1, 1, -1, 1, -1, 1)	1.1536694801183511	{'A__K': 2.2826649811898414, 'K__A': 2.2826649811898414, 'first__last': 0.024673979046860788, 'last__first': 0.024673979046860788}
