0.0	234	(-1, 1, 1, 1, -1, 1, -1, 1, -1)	4.391250374145027e-12	{'A__K': 2.9558577807620168e-12, 'K__A': 2.9558577807620168e-12, 'first__last': 5.826642967528037e-12, 'last__first': 5.826642967528037e-12}
0.0	235	(-1, 1, 1, 1, -1, 1, -1, 1, 1)	4.391250374145027e-12	{'A__K': 2.9558577807620168e-12, 'K__A': 2.9558577807620168e-12, 'first__last': 5.826642967528037e-12, 'last__first': 5.826642967528037e-12}
0.0	236	(-1, 1, 1, 1, -1, 1, 1, -1, -1)	4.391250374145027e-12	{'A__K': 2.9558577807620168e-12, 'K__A': 2.9558577807620168e-12, 'first__last': 5.826642967528037e-12, 'last__first': 5.826642967528037e-12}
0.0	237	(-1, 1, 1, 1, -1, 1, 1, -1, 1)	4.391250374145027e-12	{'A__K': 2.9558577807620168e-12, 'K__A': 2.9558577807620168e-12, 'first__last': 5.826642967528037e-12, 'last__first': 5.826642967528037e-12}
0.0	238	(-1, 1, 1, 1, -1, 1, 1, 1, -1)	4.391250374145027e-12	{'A__K': 2.9558577807620168e-12, 'K__A': 2.9558577807620168e-12, 'first__last': 5.826642967528037e-12, 'last__first': 5.826642967528037e-12}
0.0	239	(-1, 1, 1, 1, -1, 1, 1, 1, 1)	4.391250374145027e-12	{'A__K': 2.9558577807620168e-12, 'K__A': 2.9558577807620168e-12, 'first__last': 5.826642967528037e-12, 'last__first': 5.826642967528037e-12}
0.0	240	(-1, 1, 1, 1, 1, -1, -1, -1, -1)	4.391250374145027e-12	{'A__K': 2.9558577807620168e-12, 'K__A': 2.9558577807620168e-12, 'first__last': 5.826642967528037e-12, 'last__first': 5.826642967528037e-12}
0.0	241	(-1, 1, 1, 1, 1, -1, -1, -1, 1)	4.391250374145027e-12	{'A__K': 2.9558577807620168e-12, 'K__A': 2.9558577807620168e-12, 'first__last': 5.826642967528037e-12, 'last__first': 5.826642967528037e-12}
0.0	242	(-1, 1, 1, 1, 1, -1, -1, 1, -1)	4.391250374145027e-12	{'A__K': 2.9558577807620168e-12, 'K__A': 2.9558577807620168e-12, 'first__last': 5.826642967528037e-12, 'last__first': 5.826642967528037e-12}
0.0	243	(-1, 1, 1, 1, 1, -1, -1, 1, 1)	4.391250374145027e-12	{'A__K': 2.9558577807620168e-12, 'K__A': 2.9558577807620168e-12, 'first__last': 5.826642967528037e-12, 'last__first': 5.826642967528037e-12}
0.0	244	(-1, 1, 1, 1, 1, -1, 1, -1, -1)	4.391250374145027e-12	{'A__K': 2.9558577807620168e-12, 'K__A': 2.9558577807620168e-12, 'first__last': 5.826642967528037e-12, 'last__first': 5.826642967528037e-12}
0.0	245	(-1, 1, 1, 1, 1, -1, 1, -1, 1)	4.391250374145027e-12	{'A__K': 2.9558577807620168e-12, 'K__A': 2.9558577807620168e-12, 'first__last': 5.826642967528037e-12, 'last__first': 5.826642967528037e-12}
0.0	246	(-1, 1, 1, 1, 1, -1, 1, 1, -1)	4.391250374145027e-12	{'A__K': 2.9558577807620168e-12, 'K__A': 2.9558577807620168e-12, 'first__last': 5.826642967528037e-12, 'last__first': 5.826642967528037e-12}
0.0031415926535897933	234	(-1, 1, 1, 1, -1, 1, -1, 1, -1)	8.796951494886553	{'A__K': 8.796951494886553, 'K__A': 8.796951494886553}
0.0031415926535897933	236	(-1, 1, 1, 1, -1, 1, 1, -1, -1)	3.2573685939511785	{'A__K': 1.4108961489350877, 'K__A': 1.4108961489350877, 'first__last': 5.1038410389672695, 'last__first': 5.1038410389672695}
0.0031415926535897933	237	(-1, 1, 1, 1, -1, 1, 1, -1, 1)	4.398509832821983	{'A__K': 3.693178626676697, 'K__A': 3.693178626676697, 'first__last': 5.1038410389672695, 'last__first': 5.1038410389672695}
0.0031415926535897933	238	(-1, 1, 1, 1, -1, 1, 1, 1, -1)	8.796938475378157	{'A__K': 8.796938475378157, 'K__A': 8.796938475378157}
0.0031415926535897933	240	(-1, 1, 1, 1, 1, -1, -1, -1, -1)	8.25824996838846	{'first__last': 8.25824996838846, 'last__first': 8.25824996838846}
0.0031415926535897933	241	(-1, 1, 1, 1, 1, -1, -1, -1, 1)	8.25824996838846	{'first__last': 8.25824996838846, 'last__first': 8.25824996838846}
0.0031415926535897933	242	(-1, 1, 1, 1, 1, -1, -1, 1, -1)	5.706350910466599	{'A__K': 8.258195121841041, 'K__A': 8.258195121841041, 'first__last': 3.1545066990921558, 'last__first': 3.1545066990921558}
0.0031415926535897933	243	(-1, 1, 1, 1, 1, -1, -1, 1, 1)	4.565139781101814	{'A__K': 5.975772863111471, 'K__A': 5.975772863111471, 'first__last': 3.1545066990921558, 'last__first': 3.1545066990921558}
0.0031415926535897933	244	(-1, 1, 1, 1, 1, -1, 1, -1, -1)	8.258259588745055	{'first__last': 8.258259588745055, 'last__first': 8.258259588745055}
0.0031415926535897933	245	(-1, 1, 1, 1, 1, -1, 1, -1, 1)	8.258259588745055	{'first__last': 8.258259588745055, 'last__first': 8.258259588745055}
0.0031415926535897933	246	(-1, 1, 1, 1, 1, -1, 1, 1, -1)	5.706309494301388	{'A__K': 8.258165633432554, 'K__A': 8.258165633432554, 'first__last': 3.1544533551702214, 'last__first': 3.1544533551702214}
0.006283185307179587	236	(-1, 1, 1, 1, -1, 1, 1, -1, -1)	2.8231907082303436	{'A__K': 2.8231907082303436, 'K__A': 2.8231907082303436}
0.006283185307179587	237	(-1, 1, 1, 1, -1, 1, 1, -1, 1)	7.386447041574416	{'A__K': 7.386447041574416, 'K__A': 7.386447041574416}
0.006283185307179587	242	(-1, 1, 1, 1, 1, -1, -1, 1, -1)	6.310023396059733	{'first__last': 6.310023396059733, 'last__first': 6.310023396059733}
0.006283185307179587	243	(-1, 1, 1, 1, 1, -1, -1, 1, 1)	6.310023396059733	{'first__last': 6.310023396059733, 'last__first': 6.310023396059733}
0.006283185307179587	246	(-1, 1, 1, 1, 1, -1, 1, 1, -1)	6.309596684901158	{'first__last': 6.309596684901158, 'last__first': 6.309596684901158}
0.00942477796076938	236	(-1, 1, 1, 1, -1, 1, 1, -1, -1)	4.238279450297604	{'A__K': 4.238279450297604, 'K__A': 4.238279450297604}
0.00942477796076938	242	(-1, 1, 1, 1, 1, -1, -1, 1, -1)	9.467559441452998	{'first__last': 9.467559441452998, 'last__first': 9.467559441452998}
0.00942477796076938	243	(-1, 1, 1, 1, 1, -1, -1, 1, 1)	9.467559441452998	{'first__last': 9.467559441452998, 'last__first': 9.467559441452998}
0.00942477796076938	246	(-1, 1, 1, 1, 1, -1, 1, 1, -1)	9.466119517380225	{'first__last': 9.466119517380225, 'last__first': 9.466119517380225}
0.012566370614359173	236	(-1, 1, 1, 1, -1, 1, 1, -1, -1)	5.657552889976521	{'A__K': 5.657552889976521, 'K__A': 5.657552889976521}
0.015707963267948967	236	(-1, 1, 1, 1, -1, 1, 1, -1, -1)	7.082393701295244	{'A__K': 7.082393701295244, 'K__A': 7.082393701295244}
0.01884955592153876	236	(-1, 1, 1, 1, -1, 1, 1, -1, -1)	8.514174188092971	{'A__K': 8.514174188092971, 'K__A': 8.514174188092971}
0.021991148575128554	236	(-1, 1, 1, 1, -1, 1, 1, -1, -1)	9.95425382523033	{'A__K': 9.95425382523033, 'K__A': 9.95425382523033}
