0.0	156	(-1, 1, -1, -1, 1, 1, 1, -1, -1)	4.391250374145027e-12	{'A__K': 2.9558577807620168e-12, 'K__A': 2.9558577807620168e-12, 'first__last': 5.826642967528037e-12, 'last__first': 5.826642967528037e-12}
0.0	157	(-1, 1, -1, -1, 1, 1, 1, -1, 1)	4.391250374145027e-12	{'A__K': 2.9558577807620168e-12, 'K__A': 2.9558577807620168e-12, 'first__last': 5.826642967528037e-12, 'last__first': 5.826642967528037e-12}
0.0	158	(-1, 1, -1, -1, 1, 1, 1, 1, -1)	4.391250374145027e-12	{'A__K': 2.9558577807620168e-12, 'K__A': 2.9558577807620168e-12, 'first__last': 5.826642967528037e-12, 'last__first': 5.826642967528037e-12}
0.0	159	(-1, 1, -1, -1, 1, 1, 1, 1, 1)	4.391250374145027e-12	{'A__K': 2.9558577807620168e-12, 'K__A': 2.9558577807620168e-12, 'first__last': 5.826642967528037e-12, 'last__first': 5.826642967528037e-12}
0.0	160	(-1, 1, -1, 1, -1, -1, -1, -1, -1)	4.391250374145027e-12	{'A__K': 2.9558577807620168e-12, 'K__A': 2.9558577807620168e-12, 'first__last': 5.826642967528037e-12, 'last__first': 5.826642967528037e-12}
0.0	161	(-1, 1, -1, 1, -1, -1, -1, -1, 1)	4.391250374145027e-12	{'A__K': 2.9558577807620168e-12, 'K__A': 2.9558577807620168e-12, 'first__last': 5.826642967528037e-12, 'last__first': 5.826642967528037e-12}
0.0	162	(-1, 1, -1, 1, -1, -1, -1, 1, -1)	4.391250374145027e-12	{'A__K': 2.9558577807620168e-12, 'K__A': 2.9558577807620168e-12, 'first__last': 5.826642967528037e-12, 'last__first': 5.826642967528037e-12}
0.0	163	(-1, 1, -1, 1, -1, -1, -1, 1, 1)	4.391250374145027e-12	{'A__K': 2.9558577807620168e-12, 'K__A': 2.9558577807620168e-12, 'first__last': 5.826642967528037e-12, 'last__first': 5.826642967528037e-12}
0.0	164	(-1, 1, -1, 1, -1, -1, 1, -1, -1)	4.391250374145027e-12	{'A__K': 2.9558577807620168e-12, 'K__A': 2.9558577807620168e-12, 'first__last': 5.826642967528037e-12, 'last__first': 5.826642967528037e-12}
0.0	165	(-1, 1, -1, 1, -1, -1, 1, -1, 1)	4.391250374145027e-12	{'A__K': 2.9558577807620168e-12, 'K__A': 2.9558577807620168e-12, 'first__last': 5.826642967528037e-12, 'last__first': 5.826642967528037e-12}
0.0	166	(-1, 1, -1, 1, -1, -1, 1, 1, -1)	4.391250374145027e-12	{'A__K': 2.9558577807620168e-12, 'K__A': 2.9558577807620168e-12, 'first__last': 5.826642967528037e-12, 'last__first': 5.826642967528037e-12}
0.0	167	(-1, 1, -1, 1, -1, -1, 1, 1, 1)	4.391250374145027e-12	{'A__K': 2.9558577807620168e-12, 'K__A': 2.9558577807620168e-12, 'first__last': 5.826642967528037e-12, 'last__first': 5.826642967528037e-12}
0.0	168	(-1, 1, -1, 1, -1, 1, -1, -1, -1)	4.391250374145027e-12	{'A__K': 2.9558577807620168e-12, 'K__A': 2.9558577807620168e-12, 'first__last': 5.826642967528037e-12, 'last__first': 5.826642967528037e-12}
0.0031415926535897933	156	(-1, 1, -1, -1, 1, 1, 1, -1, -1)	1.5886825637733597	{'A__K': 0.022966952618369025, 'K__A': 0.022966952618369025, 'first__last': 3.1543981749283505, 'last__first': 3.1543981749283505}
0.0031415926535897933	157	(-1, 1, -1, -1, 1, 1, 1, -1, 1)	2.718471841774223	{'A__K': 2.282545508620095, 'K__A': 2.282545508620095, 'first__last': 3.1543981749283505, 'last__first': 3.1543981749283505}
0.0031415926535897933	158	(-1, 1, -1, -1, 1, 1, 1, 1, -1)	7.8222136506989255	{'A__K': 7.386299587423474, 'K__A': 7.386299587423474, 'first__last': 8.258127713974377, 'last__first': 8.258127713974377}
0.0031415926535897933	159	(-1, 1, -1, -1, 1, 1, 1, 1, 1)	8.963455282570512	{'A__K': 9.668782851166648, 'K__A': 9.668782851166648, 'first__last': 8.258127713974377, 'last__first': 8.258127713974377}
0.0031415926535897933	160	(-1, 1, -1, 1, -1, -1, -1, -1, -1)	3.2573250314113142	{'A__K': 1.4108293996825316, 'K__A': 1.4108293996825316, 'first__last': 5.103820663140096, 'last__first': 5.103820663140096}
0.0031415926535897933	161	(-1, 1, -1, 1, -1, -1, -1, -1, 1)	4.39849882331377	{'A__K': 3.693176983487444, 'K__A': 3.693176983487444, 'first__last': 5.103820663140096, 'last__first': 5.103820663140096}
0.0031415926535897933	162	(-1, 1, -1, 1, -1, -1, -1, 1, -1)	8.796947111125167	{'A__K': 8.796947111125167, 'K__A': 8.796947111125167}
0.0031415926535897933	164	(-1, 1, -1, 1, -1, -1, 1, -1, -1)	3.2573007664740983	{'A__K': 1.4107760596970382, 'K__A': 1.4107760596970382, 'first__last': 5.103825473251158, 'last__first': 5.103825473251158}
0.0031415926535897933	165	(-1, 1, -1, 1, -1, -1, 1, -1, 1)	4.398489964747036	{'A__K': 3.6931544562429126, 'K__A': 3.6931544562429126, 'first__last': 5.103825473251158, 'last__first': 5.103825473251158}
0.0031415926535897933	166	(-1, 1, -1, 1, -1, -1, 1, 1, -1)	8.796957735220772	{'A__K': 8.796957735220772, 'K__A': 8.796957735220772}
0.006283185307179587	156	(-1, 1, -1, -1, 1, 1, 1, -1, -1)	3.2005110253751154	{'A__K': 0.09186674353306483, 'K__A': 0.09186674353306483, 'first__last': 6.309155307217166, 'last__first': 6.309155307217166}
0.006283185307179587	157	(-1, 1, -1, -1, 1, 1, 1, -1, 1)	5.437257674321906	{'A__K': 4.565360041426645, 'K__A': 4.565360041426645, 'first__last': 6.309155307217166, 'last__first': 6.309155307217166}
0.006283185307179587	160	(-1, 1, -1, 1, -1, -1, -1, -1, -1)	2.822656982987217	{'A__K': 2.822656982987217, 'K__A': 2.822656982987217}
0.006283185307179587	161	(-1, 1, -1, 1, -1, -1, -1, -1, 1)	7.386433899928013	{'A__K': 7.386433899928013, 'K__A': 7.386433899928013}
0.006283185307179587	164	(-1, 1, -1, 1, -1, -1, 1, -1, -1)	2.8222303977307264	{'A__K': 2.8222303977307264, 'K__A': 2.8222303977307264}
0.006283185307179587	165	(-1, 1, -1, 1, -1, -1, 1, -1, 1)	7.386253685192742	{'A__K': 7.386253685192742, 'K__A': 7.386253685192742}
0.00942477796076938	156	(-1, 1, -1, -1, 1, 1, 1, -1, -1)	4.8356632004730375	{'A__K': 0.20669617196675352, 'K__A': 0.20669617196675352, 'first__last': 9.464630228979322, 'last__first': 9.464630228979322}
0.00942477796076938	157	(-1, 1, -1, -1, 1, 1, 1, -1, 1)	8.156671384504142	{'A__K': 6.848712540028962, 'K__A': 6.848712540028962, 'first__last': 9.464630228979322, 'last__first': 9.464630228979322}
0.00942477796076938	160	(-1, 1, -1, 1, -1, -1, -1, -1, -1)	4.236479636905131	{'A__K': 4.236479636905131, 'K__A': 4.236479636905131}
0.00942477796076938	164	(-1, 1, -1, 1, -1, -1, 1, -1, -1)	4.235040668014959	{'A__K': 4.235040668014959, 'K__A': 4.235040668014959}
0.012566370614359173	156	(-1, 1, -1, -1, 1, 1, 1, -1, -1)	0.3674499034689388	{'A__K': 0.3674499034689388, 'K__A': 0.3674499034689388}
0.012566370614359173	157	(-1, 1, -1, -1, 1, 1, 1, -1, 1)	9.132871780949758	{'A__K': 9.132871780949758, 'K__A': 9.132871780949758}
0.012566370614359173	160	(-1, 1, -1, 1, -1, -1, -1, -1, -1)	5.653291661578604	{'A__K': 5.653291661578604, 'K__A': 5.653291661578604}
0.012566370614359173	164	(-1, 1, -1, 1, -1, -1, 1, -1, -1)	5.649883277726262	{'A__K': 5.649883277726262, 'K__A': 5.649883277726262}
0.015707963267948967	156	(-1, 1, -1, -1, 1, 1, 1, -1, -1)	0.5741204701816257	{'A__K': 0.5741204701816257, 'K__A': 0.5741204701816257}
0.015707963267948967	160	(-1, 1, -1, 1, -1, -1, -1, -1, -1)	7.07408349284534	{'A__K': 7.07408349284534, 'K__A': 7.07408349284534}
0.015707963267948967	164	(-1, 1, -1, 1, -1, -1, 1, -1, -1)	7.067432769191414	{'A__K': 7.067432769191414, 'K__A': 7.067432769191414}
0.01884955592153876	156	(-1, 1, -1, -1, 1, 1, 1, -1, -1)	0.8266982711430816	{'A__K': 0.8266982711430816, 'K__A': 0.8266982711430816}
0.01884955592153876	160	(-1, 1, -1, 1, -1, -1, -1, -1, -1)	8.499840443765704	{'A__K': 8.499840443765704, 'K__A': 8.499840443765704}
0.01884955592153876	164	(-1, 1, -1, 1, -1, -1, 1, -1, -1)	8.488361208034208	{'A__K': 8.488361208034208, 'K__A': 8.488361208034208}
0.021991148575128554	156	(-1, 1, -1, -1, 1, 1, 1, -1, -1)	1.1251715728295137	{'A__K': 1.1251715728295137, 'K__A': 1.1251715728295137}
0.021991148575128554	160	(-1, 1, -1, 1, -1, -1, -1, -1, -1)	9.931541471087227	{'A__K': 9.931541471087227, 'K__A': 9.931541471087227}
0.021991148575128554	164	(-1, 1, -1, 1, -1, -1, 1, -1, -1)	9.913337579608578	{'A__K': 9.913337579608578, 'K__A': 9.913337579608578}
0.025132741228718346	156	(-1, 1, -1, -1, 1, 1, 1, -1, -1)	1.4695265096350032	{'A__K': 1.4695265096350032, 'K__A': 1.4695265096350032}
0.02827433388230814	156	(-1, 1, -1, -1, 1, 1, 1, -1, -1)	1.859747084604167	{'A__K': 1.859747084604167, 'K__A': 1.859747084604167}
0.031415926535897934	156	(-1, 1, -1, -1, 1, 1, 1, -1, -1)	2.2958151701543494	{'A__K': 2.2958151701543494, 'K__A': 2.2958151701543494}
0.034557519189487726	156	(-1, 1, -1, -1, 1, 1, 1, -1, -1)	2.7777105089975502	{'A__K': 2.7777105089975502, 'K__A': 2.7777105089975502}
0.03769911184307752	156	(-1, 1, -1, -1, 1, 1, 1, -1, -1)	3.3054107905133483	{'A__K': 3.3054107905133483, 'K__A': 3.3054107905133483}
0.04084070449666731	156	(-1, 1, -1, -1, 1, 1, 1, -1, -1)	3.8788913963680995	{'A__K': 3.8788913963680995, 'K__A': 3.8788913963680995}
0.04398229715025711	156	(-1, 1, -1, -1, 1, 1, 1, -1, -1)	4.498125737016315	{'A__K': 4.498125737016315, 'K__A': 4.498125737016315}
0.0471238898038469	156	(-1, 1, -1, -1, 1, 1, 1, -1, -1)	5.163085054348385	{'A__K': 5.163085054348385, 'K__A': 5.163085054348385}
0.05026548245743669	156	(-1, 1, -1, -1, 1, 1, 1, -1, -1)	5.8737384681603455	{'A__K': 5.8737384681603455, 'K__A': 5.8737384681603455}
0.053407075111026485	156	(-1, 1, -1, -1, 1, 1, 1, -1, -1)	6.630052977907992	{'A__K': 6.630052977907992, 'K__A': 6.630052977907992}
0.05654866776461628	156	(-1, 1, -1, -1, 1, 1, 1, -1, -1)	7.431993464544915	{'A__K': 7.431993464544915, 'K__A': 7.431993464544915}
0.059690260418206076	156	(-1, 1, -1, -1, 1, 1, 1, -1, -1)	8.279522692511769	{'A__K': 8.279522692511769, 'K__A': 8.279522692511769}
0.06283185307179587	156	(-1, 1, -1, -1, 1, 1, 1, -1, -1)	9.172601311863996	{'A__K': 9.172601311863996, 'K__A': 9.172601311863996}
