0.11083185307179592	90	(-1, -1, 1, -1, 1, 1, -1, 1, -1)	4.907315932162476
0.11083185307179592	91	(-1, -1, 1, -1, 1, 1, -1, 1, 1)	6.166249508143419
0.11083185307179592	120	(-1, -1, 1, 1, 1, 1, -1, -1, -1)	4.403053710133531
0.11083185307179592	121	(-1, -1, 1, 1, 1, 1, -1, -1, 1)	4.403053710133531
0.11083185307179592	150	(-1, 1, -1, -1, 1, -1, 1, 1, -1)	6.166249508138816
0.11083185307179592	151	(-1, 1, -1, -1, 1, -1, 1, 1, 1)	6.166249508138816
0.11083185307179592	360	(1, -1, 1, 1, -1, 1, -1, -1, -1)	6.166249508138816
0.11083185307179592	361	(1, -1, 1, 1, -1, 1, -1, -1, 1)	6.166249508138816
0.11083185307179592	390	(1, 1, -1, -1, -1, -1, 1, 1, -1)	4.403053710133531
0.11083185307179592	391	(1, 1, -1, -1, -1, -1, 1, 1, 1)	4.403053710133531
0.11083185307179592	420	(1, 1, -1, 1, -1, -1, 1, -1, -1)	6.166249508143419
0.11083185307179592	421	(1, 1, -1, 1, -1, -1, 1, -1, 1)	4.907315932162476
0.11387344572538573	90	(-1, -1, 1, -1, 1, 1, -1, 1, -1)	5.179920722545311
0.11387344572538573	91	(-1, -1, 1, -1, 1, 1, -1, 1, 1)	6.509304064943911
0.11387344572538573	120	(-1, -1, 1, 1, 1, 1, -1, -1, -1)	4.643511017432833
0.11387344572538573	121	(-1, -1, 1, 1, 1, 1, -1, -1, 1)	4.643511017432833
0.11387344572538573	150	(-1, 1, -1, -1, 1, -1, 1, 1, -1)	6.509304064948011
0.11387344572538573	151	(-1, 1, -1, -1, 1, -1, 1, 1, 1)	6.509304064948011
0.11387344572538573	360	(1, -1, 1, 1, -1, 1, -1, -1, -1)	6.509304064948011
0.11387344572538573	361	(1, -1, 1, 1, -1, 1, -1, -1, 1)	6.509304064948011
0.11387344572538573	390	(1, 1, -1, -1, -1, -1, 1, 1, -1)	4.643511017432833
0.11387344572538573	391	(1, 1, -1, -1, -1, -1, 1, 1, 1)	4.643511017432833
0.11387344572538573	420	(1, 1, -1, 1, -1, -1, 1, -1, -1)	6.509304064943911
0.11387344572538573	421	(1, 1, -1, 1, -1, -1, 1, -1, 1)	5.179920722545311
0.11691503837897552	90	(-1, -1, 1, -1, 1, 1, -1, 1, -1)	5.4598576578337426
0.11691503837897552	91	(-1, -1, 1, -1, 1, 1, -1, 1, 1)	6.861641589747849
0.11691503837897552	120	(-1, -1, 1, 1, 1, 1, -1, -1, -1)	4.8899830437830785
0.11691503837897552	121	(-1, -1, 1, 1, 1, 1, -1, -1, 1)	4.8899830437830785
0.11691503837897552	150	(-1, 1, -1, -1, 1, -1, 1, 1, -1)	6.861641589750065
0.11691503837897552	151	(-1, 1, -1, -1, 1, -1, 1, 1, 1)	6.861641589750065
0.11691503837897552	360	(1, -1, 1, 1, -1, 1, -1, -1, -1)	6.861641589750065
0.11691503837897552	361	(1, -1, 1, 1, -1, 1, -1, -1, 1)	6.861641589750065
0.11691503837897552	390	(1, 1, -1, -1, -1, -1, 1, 1, -1)	4.8899830437830785
0.11691503837897552	391	(1, 1, -1, -1, -1, -1, 1, 1, 1)	4.8899830437830785
0.11691503837897552	420	(1, 1, -1, 1, -1, -1, 1, -1, -1)	6.861641589747849
0.11691503837897552	421	(1, 1, -1, 1, -1, -1, 1, -1, 1)	5.4598576578337426
0.1199566310325653	90	(-1, -1, 1, -1, 1, 1, -1, 1, -1)	5.747122940950993
0.1199566310325653	91	(-1, -1, 1, -1, 1, 1, -1, 1, 1)	7.223261682612669
0.1199566310325653	120	(-1, -1, 1, 1, 1, 1, -1, -1, -1)	5.142430443055253
0.1199566310325653	121	(-1, -1, 1, 1, 1, 1, -1, -1, 1)	5.142430443055253
0.1199566310325653	150	(-1, 1, -1, -1, 1, -1, 1, 1, -1)	7.223261682616056
0.1199566310325653	151	(-1, 1, -1, -1, 1, -1, 1, 1, 1)	7.223261682616056
0.1199566310325653	360	(1, -1, 1, 1, -1, 1, -1, -1, -1)	7.223261682616056
0.1199566310325653	361	(1, -1, 1, 1, -1, 1, -1, -1, 1)	7.223261682616056
0.1199566310325653	390	(1, 1, -1, -1, -1, -1, 1, 1, -1)	5.142430443055253
0.1199566310325653	391	(1, 1, -1, -1, -1, -1, 1, 1, 1)	5.142430443055253
0.1199566310325653	420	(1, 1, -1, 1, -1, -1, 1, -1, -1)	7.223261682612669
0.1199566310325653	421	(1, 1, -1, 1, -1, -1, 1, -1, 1)	5.747122940950993
0.12299822368615511	90	(-1, -1, 1, -1, 1, 1, -1, 1, -1)	6.041712678713131
0.12299822368615511	91	(-1, -1, 1, -1, 1, 1, -1, 1, 1)	7.594163924189922
0.12299822368615511	120	(-1, -1, 1, 1, 1, 1, -1, -1, -1)	5.400812872878424
0.12299822368615511	121	(-1, -1, 1, 1, 1, 1, -1, -1, 1)	5.400812872878424
0.12299822368615511	150	(-1, 1, -1, -1, 1, -1, 1, 1, -1)	7.5941639242022605
0.12299822368615511	151	(-1, 1, -1, -1, 1, -1, 1, 1, 1)	7.5941639242022605
0.12299822368615511	360	(1, -1, 1, 1, -1, 1, -1, -1, -1)	7.5941639242022605
0.12299822368615511	361	(1, -1, 1, 1, -1, 1, -1, -1, 1)	7.5941639242022605
0.12299822368615511	390	(1, 1, -1, -1, -1, -1, 1, 1, -1)	5.400812872878424
0.12299822368615511	391	(1, 1, -1, -1, -1, -1, 1, 1, 1)	5.400812872878424
0.12299822368615511	420	(1, 1, -1, 1, -1, -1, 1, -1, -1)	7.594163924189922
0.12299822368615511	421	(1, 1, -1, 1, -1, -1, 1, -1, 1)	6.041712678713131
0.12603981633974493	90	(-1, -1, 1, -1, 1, 1, -1, 1, -1)	6.343622882124217
0.12603981633974493	91	(-1, -1, 1, -1, 1, 1, -1, 1, 1)	7.974347874976842
0.12603981633974493	120	(-1, -1, 1, 1, 1, 1, -1, -1, -1)	5.665088997861743
0.12603981633974493	121	(-1, -1, 1, 1, 1, 1, -1, -1, 1)	5.665088997861743
0.12603981633974493	150	(-1, 1, -1, -1, 1, -1, 1, 1, -1)	7.974347874981132
0.12603981633974493	151	(-1, 1, -1, -1, 1, -1, 1, 1, 1)	7.974347874981132
0.12603981633974493	360	(1, -1, 1, 1, -1, 1, -1, -1, -1)	7.974347874981132
0.12603981633974493	361	(1, -1, 1, 1, -1, 1, -1, -1, 1)	7.974347874981132
0.12603981633974493	390	(1, 1, -1, -1, -1, -1, 1, 1, -1)	5.665088997861743
0.12603981633974493	391	(1, 1, -1, -1, -1, -1, 1, 1, 1)	5.665088997861743
0.12603981633974493	420	(1, 1, -1, 1, -1, -1, 1, -1, -1)	7.974347874976842
0.12603981633974493	421	(1, 1, -1, 1, -1, -1, 1, -1, 1)	6.343622882124217
