0.0	208	(-1, 1, 1, -1, 1, -1, -1, -1, -1)	4.391250374145027e-12	{'A__K': 2.9558577807620168e-12, 'K__A': 2.9558577807620168e-12, 'first__last': 5.826642967528037e-12, 'last__first': 5.826642967528037e-12}
0.0	209	(-1, 1, 1, -1, 1, -1, -1, -1, 1)	4.391250374145027e-12	{'A__K': 2.9558577807620168e-12, 'K__A': 2.9558577807620168e-12, 'first__last': 5.826642967528037e-12, 'last__first': 5.826642967528037e-12}
0.0	210	(-1, 1, 1, -1, 1, -1, -1, 1, -1)	4.391250374145027e-12	{'A__K': 2.9558577807620168e-12, 'K__A': 2.9558577807620168e-12, 'first__last': 5.826642967528037e-12, 'last__first': 5.826642967528037e-12}
0.0	211	(-1, 1, 1, -1, 1, -1, -1, 1, 1)	4.391250374145027e-12	{'A__K': 2.9558577807620168e-12, 'K__A': 2.9558577807620168e-12, 'first__last': 5.826642967528037e-12, 'last__first': 5.826642967528037e-12}
0.0	212	(-1, 1, 1, -1, 1, -1, 1, -1, -1)	4.391250374145027e-12	{'A__K': 2.9558577807620168e-12, 'K__A': 2.9558577807620168e-12, 'first__last': 5.826642967528037e-12, 'last__first': 5.826642967528037e-12}
0.0	213	(-1, 1, 1, -1, 1, -1, 1, -1, 1)	4.391250374145027e-12	{'A__K': 2.9558577807620168e-12, 'K__A': 2.9558577807620168e-12, 'first__last': 5.826642967528037e-12, 'last__first': 5.826642967528037e-12}
0.0	214	(-1, 1, 1, -1, 1, -1, 1, 1, -1)	4.391250374145027e-12	{'A__K': 2.9558577807620168e-12, 'K__A': 2.9558577807620168e-12, 'first__last': 5.826642967528037e-12, 'last__first': 5.826642967528037e-12}
0.0	215	(-1, 1, 1, -1, 1, -1, 1, 1, 1)	4.391250374145027e-12	{'A__K': 2.9558577807620168e-12, 'K__A': 2.9558577807620168e-12, 'first__last': 5.826642967528037e-12, 'last__first': 5.826642967528037e-12}
0.0	216	(-1, 1, 1, -1, 1, 1, -1, -1, -1)	4.391250374145027e-12	{'A__K': 2.9558577807620168e-12, 'K__A': 2.9558577807620168e-12, 'first__last': 5.826642967528037e-12, 'last__first': 5.826642967528037e-12}
0.0	217	(-1, 1, 1, -1, 1, 1, -1, -1, 1)	4.391250374145027e-12	{'A__K': 2.9558577807620168e-12, 'K__A': 2.9558577807620168e-12, 'first__last': 5.826642967528037e-12, 'last__first': 5.826642967528037e-12}
0.0	218	(-1, 1, 1, -1, 1, 1, -1, 1, -1)	4.391250374145027e-12	{'A__K': 2.9558577807620168e-12, 'K__A': 2.9558577807620168e-12, 'first__last': 5.826642967528037e-12, 'last__first': 5.826642967528037e-12}
0.0	219	(-1, 1, 1, -1, 1, 1, -1, 1, 1)	4.391250374145027e-12	{'A__K': 2.9558577807620168e-12, 'K__A': 2.9558577807620168e-12, 'first__last': 5.826642967528037e-12, 'last__first': 5.826642967528037e-12}
0.0	220	(-1, 1, 1, -1, 1, 1, 1, -1, -1)	4.391250374145027e-12	{'A__K': 2.9558577807620168e-12, 'K__A': 2.9558577807620168e-12, 'first__last': 5.826642967528037e-12, 'last__first': 5.826642967528037e-12}
0.0031415926535897933	210	(-1, 1, 1, -1, 1, -1, -1, 1, -1)	8.258259590547011	{'first__last': 8.258259590547011, 'last__first': 8.258259590547011}
0.0031415926535897933	211	(-1, 1, 1, -1, 1, -1, -1, 1, 1)	8.963615982317247	{'A__K': 9.668972374087483, 'K__A': 9.668972374087483, 'first__last': 8.258259590547011, 'last__first': 8.258259590547011}
0.0031415926535897933	214	(-1, 1, 1, -1, 1, -1, 1, 1, -1)	8.258203272337644	{'first__last': 8.258203272337644, 'last__first': 8.258203272337644}
0.0031415926535897933	215	(-1, 1, 1, -1, 1, -1, 1, 1, 1)	8.963511697467407	{'A__K': 9.668820122597168, 'K__A': 9.668820122597168, 'first__last': 8.258203272337644, 'last__first': 8.258203272337644}
0.0031415926535897933	216	(-1, 1, 1, -1, 1, 1, -1, -1, -1)	7.386350292013018	{'A__K': 9.668823603266338, 'K__A': 9.668823603266338, 'first__last': 5.1038769807597, 'last__first': 5.1038769807597}
0.0031415926535897933	217	(-1, 1, 1, -1, 1, 1, -1, -1, 1)	6.245104025449444	{'A__K': 7.386331070139188, 'K__A': 7.386331070139188, 'first__last': 5.1038769807597, 'last__first': 5.1038769807597}
0.0031415926535897933	218	(-1, 1, 1, -1, 1, 1, -1, 1, -1)	1.1474486194855587	{'A__K': 2.2825239973658924, 'K__A': 2.2825239973658924, 'first__last': 0.012373241605224707, 'last__first': 0.012373241605224707}
0.0031415926535897933	219	(-1, 1, 1, -1, 1, 1, -1, 1, 1)	0.014067503293791979	{'A__K': 0.01576176498235925, 'K__A': 0.01576176498235925, 'first__last': 0.012373241605224707, 'last__first': 0.012373241605224707}
0.0031415926535897933	220	(-1, 1, 1, -1, 1, 1, 1, -1, -1)	7.386316501295459	{'A__K': 9.668791963623653, 'K__A': 9.668791963623653, 'first__last': 5.103841038967267, 'last__first': 5.103841038967267}
0.006283185307179587	218	(-1, 1, 1, -1, 1, 1, -1, 1, -1)	2.3073404511388107	{'A__K': 4.565187962881702, 'K__A': 4.565187962881702, 'first__last': 0.04949293939591957, 'last__first': 0.04949293939591957}
0.006283185307179587	219	(-1, 1, 1, -1, 1, 1, -1, 1, 1)	0.056270085959065325	{'A__K': 0.06304723252221107, 'K__A': 0.06304723252221107, 'first__last': 0.04949293939591957, 'last__first': 0.04949293939591957}
0.00942477796076938	218	(-1, 1, 1, -1, 1, 1, -1, 1, -1)	3.4797454258146843	{'A__K': 6.8481318395331705, 'K__A': 6.8481318395331705, 'first__last': 0.1113590120961976, 'last__first': 0.1113590120961976}
0.00942477796076938	219	(-1, 1, 1, -1, 1, 1, -1, 1, 1)	0.1266079661874781	{'A__K': 0.1418569202787586, 'K__A': 0.1418569202787586, 'first__last': 0.1113590120961976, 'last__first': 0.1113590120961976}
0.012566370614359173	218	(-1, 1, 1, -1, 1, 1, -1, 1, -1)	4.6647334221600865	{'A__K': 9.131495519990862, 'K__A': 9.131495519990862, 'first__last': 0.19797132432931028, 'last__first': 0.19797132432931028}
0.012566370614359173	219	(-1, 1, 1, -1, 1, 1, -1, 1, 1)	0.22508150748541744	{'A__K': 0.2521916906415246, 'K__A': 0.2521916906415246, 'first__last': 0.19797132432931028, 'last__first': 0.19797132432931028}
0.015707963267948967	218	(-1, 1, 1, -1, 1, 1, -1, 1, -1)	0.3093296862960972	{'first__last': 0.3093296862960972, 'last__first': 0.3093296862960972}
0.015707963267948967	219	(-1, 1, 1, -1, 1, 1, -1, 1, 1)	0.35169121821397414	{'A__K': 0.3940527501318511, 'K__A': 0.3940527501318511, 'first__last': 0.3093296862960972, 'last__first': 0.3093296862960972}
0.01884955592153876	218	(-1, 1, 1, -1, 1, 1, -1, 1, -1)	0.4454338537626964	{'first__last': 0.4454338537626964, 'last__first': 0.4454338537626964}
0.01884955592153876	219	(-1, 1, 1, -1, 1, 1, -1, 1, 1)	0.5064377511947047	{'A__K': 0.5674416486267129, 'K__A': 0.5674416486267129, 'first__last': 0.4454338537626964, 'last__first': 0.4454338537626964}
0.021991148575128554	218	(-1, 1, 1, -1, 1, 1, -1, 1, -1)	0.6062835278647931	{'first__last': 0.6062835278647931, 'last__first': 0.6062835278647931}
0.021991148575128554	219	(-1, 1, 1, -1, 1, 1, -1, 1, 1)	0.6893219030852882	{'A__K': 0.7723602783057831, 'K__A': 0.7723602783057831, 'first__last': 0.6062835278647931, 'last__first': 0.6062835278647931}
0.025132741228718346	218	(-1, 1, 1, -1, 1, 1, -1, 1, -1)	0.7918783548113955	{'first__last': 0.7918783548113955, 'last__first': 0.7918783548113955}
0.025132741228718346	219	(-1, 1, 1, -1, 1, 1, -1, 1, 1)	0.90034461360004	{'A__K': 1.0088108723886846, 'K__A': 1.0088108723886846, 'first__last': 0.7918783548113955, 'last__first': 0.7918783548113955}
0.02827433388230814	218	(-1, 1, 1, -1, 1, 1, -1, 1, -1)	1.0022179256251698	{'first__last': 1.0022179256251698, 'last__first': 1.0022179256251698}
0.02827433388230814	219	(-1, 1, 1, -1, 1, 1, -1, 1, 1)	1.1395069646386244	{'A__K': 1.2767960036520793, 'K__A': 1.2767960036520793, 'first__last': 1.0022179256251698, 'last__first': 1.0022179256251698}
0.031415926535897934	218	(-1, 1, 1, -1, 1, 1, -1, 1, -1)	1.2373017758754334	{'first__last': 1.2373017758754334, 'last__first': 1.2373017758754334}
0.031415926535897934	219	(-1, 1, 1, -1, 1, 1, -1, 1, 1)	1.4068101792788466	{'A__K': 1.5763185826822594, 'K__A': 1.5763185826822594, 'first__last': 1.2373017758754334, 'last__first': 1.2373017758754334}
0.034557519189487726	218	(-1, 1, 1, -1, 1, 1, -1, 1, -1)	1.4971293852629661	{'first__last': 1.4971293852629661, 'last__first': 1.4971293852629661}
0.034557519189487726	219	(-1, 1, 1, -1, 1, 1, -1, 1, 1)	1.702255620609899	{'A__K': 1.907381855956832, 'K__A': 1.907381855956832, 'first__last': 1.4971293852629661, 'last__first': 1.4971293852629661}
0.03769911184307752	218	(-1, 1, 1, -1, 1, 1, -1, 1, -1)	1.7817001772432957	{'first__last': 1.7817001772432957, 'last__first': 1.7817001772432957}
0.03769911184307752	219	(-1, 1, 1, -1, 1, 1, -1, 1, 1)	2.0258447904346335	{'A__K': 2.2699894036259716, 'K__A': 2.2699894036259716, 'first__last': 1.7817001772432957, 'last__first': 1.7817001772432957}
0.04084070449666731	218	(-1, 1, 1, -1, 1, 1, -1, 1, -1)	2.0910135185643273	{'first__last': 2.0910135185643273, 'last__first': 2.0910135185643273}
0.04084070449666731	219	(-1, 1, 1, -1, 1, 1, -1, 1, 1)	2.3775793278515076	{'A__K': 2.664145137138688, 'K__A': 2.664145137138688, 'first__last': 2.0910135185643273, 'last__first': 2.0910135185643273}
0.04398229715025711	218	(-1, 1, 1, -1, 1, 1, -1, 1, -1)	2.4250687188222066	{'first__last': 2.4250687188222066, 'last__first': 2.4250687188222066}
0.04398229715025711	219	(-1, 1, 1, -1, 1, 1, -1, 1, 1)	2.757461007697615	{'A__K': 3.089853296573024, 'K__A': 3.089853296573024, 'first__last': 2.4250687188222066, 'last__first': 2.4250687188222066}
0.0471238898038469	218	(-1, 1, 1, -1, 1, 1, -1, 1, -1)	2.7838650298375787	{'first__last': 2.7838650298375787, 'last__first': 2.7838650298375787}
0.0471238898038469	219	(-1, 1, 1, -1, 1, 1, -1, 1, 1)	3.1654917388291937	{'A__K': 3.547118447820809, 'K__A': 3.547118447820809, 'first__last': 2.7838650298375787, 'last__first': 2.7838650298375787}
0.05026548245743669	218	(-1, 1, 1, -1, 1, 1, -1, 1, -1)	3.1674016452010307	{'first__last': 3.1674016452010307, 'last__first': 3.1674016452010307}
0.05026548245743669	219	(-1, 1, 1, -1, 1, 1, -1, 1, 1)	3.601673562318389	{'A__K': 4.035945479435748, 'K__A': 4.035945479435748, 'first__last': 3.1674016452010307, 'last__first': 3.1674016452010307}
0.053407075111026485	218	(-1, 1, 1, -1, 1, 1, -1, 1, -1)	3.57567769954127	{'first__last': 3.57567769954127, 'last__first': 3.57567769954127}
0.053407075111026485	219	(-1, 1, 1, -1, 1, 1, -1, 1, 1)	4.066008649458872	{'A__K': 4.556339599376473, 'K__A': 4.556339599376473, 'first__last': 3.57567769954127, 'last__first': 3.57567769954127}
0.05654866776461628	218	(-1, 1, 1, -1, 1, 1, -1, 1, -1)	4.00869226797651	{'first__last': 4.00869226797651, 'last__first': 4.00869226797651}
0.05654866776461628	219	(-1, 1, 1, -1, 1, 1, -1, 1, 1)	4.558499299700501	{'A__K': 5.108306331424492, 'K__A': 5.108306331424492, 'first__last': 4.00869226797651, 'last__first': 4.00869226797651}
0.059690260418206076	218	(-1, 1, 1, -1, 1, 1, -1, 1, -1)	4.466444365279947	{'first__last': 4.466444365279947, 'last__first': 4.466444365279947}
0.059690260418206076	219	(-1, 1, 1, -1, 1, 1, -1, 1, 1)	5.079147938362702	{'A__K': 5.691851511445458, 'K__A': 5.691851511445458, 'first__last': 4.466444365279947, 'last__first': 4.466444365279947}
0.06283185307179587	218	(-1, 1, 1, -1, 1, 1, -1, 1, -1)	4.948932945282792	{'first__last': 4.948932945282792, 'last__first': 4.948932945282792}
0.06283185307179587	219	(-1, 1, 1, -1, 1, 1, -1, 1, 1)	5.6279571143348015	{'A__K': 6.30698128338681, 'K__A': 6.30698128338681, 'first__last': 4.948932945282792, 'last__first': 4.948932945282792}
0.06597344572538566	218	(-1, 1, 1, -1, 1, 1, -1, 1, -1)	5.456156899970825	{'first__last': 5.456156899970825, 'last__first': 5.456156899970825}
0.06597344572538566	219	(-1, 1, 1, -1, 1, 1, -1, 1, 1)	6.204929497517118	{'A__K': 6.953702095063411, 'K__A': 6.953702095063411, 'first__last': 5.456156899970825, 'last__first': 5.456156899970825}
0.06911503837897545	218	(-1, 1, 1, -1, 1, 1, -1, 1, -1)	5.988115058684839	{'first__last': 5.988115058684839, 'last__first': 5.988115058684839}
0.06911503837897545	219	(-1, 1, 1, -1, 1, 1, -1, 1, 1)	6.810067876210763	{'A__K': 7.632020693736686, 'K__A': 7.632020693736686, 'first__last': 5.988115058684839, 'last__first': 5.988115058684839}
0.07225663103256524	218	(-1, 1, 1, -1, 1, 1, -1, 1, -1)	6.544806187278354	{'first__last': 6.544806187278354, 'last__first': 6.544806187278354}
0.07225663103256524	219	(-1, 1, 1, -1, 1, 1, -1, 1, 1)	7.443375154365401	{'A__K': 8.341944121452448, 'K__A': 8.341944121452448, 'first__last': 6.544806187278354, 'last__first': 6.544806187278354}
0.07539822368615504	218	(-1, 1, 1, -1, 1, 1, -1, 1, -1)	7.126228987133227	{'first__last': 7.126228987133227, 'last__first': 7.126228987133227}
0.07539822368615504	219	(-1, 1, 1, -1, 1, 1, -1, 1, 1)	8.104854348641597	{'A__K': 9.083479710149968, 'K__A': 9.083479710149968, 'first__last': 7.126228987133227, 'last__first': 7.126228987133227}
0.07853981633974483	218	(-1, 1, 1, -1, 1, 1, -1, 1, -1)	7.73238209426593	{'first__last': 7.73238209426593, 'last__first': 7.73238209426593}
0.07853981633974483	219	(-1, 1, 1, -1, 1, 1, -1, 1, 1)	8.794508585432776	{'A__K': 9.856635076599625, 'K__A': 9.856635076599625, 'first__last': 7.73238209426593, 'last__first': 7.73238209426593}
0.08168140899333462	218	(-1, 1, 1, -1, 1, 1, -1, 1, -1)	8.363264078271694	{'first__last': 8.363264078271694, 'last__first': 8.363264078271694}
0.08168140899333462	219	(-1, 1, 1, -1, 1, 1, -1, 1, 1)	8.363264078271694	{'first__last': 8.363264078271694, 'last__first': 8.363264078271694}
0.08482300164692443	218	(-1, 1, 1, -1, 1, 1, -1, 1, -1)	9.018873441277877	{'first__last': 9.018873441277877, 'last__first': 9.018873441277877}
0.08482300164692443	219	(-1, 1, 1, -1, 1, 1, -1, 1, 1)	9.018873441277877	{'first__last': 9.018873441277877, 'last__first': 9.018873441277877}
0.08796459430051422	218	(-1, 1, 1, -1, 1, 1, -1, 1, -1)	9.699208616876302	{'first__last': 9.699208616876302, 'last__first': 9.699208616876302}
0.08796459430051422	219	(-1, 1, 1, -1, 1, 1, -1, 1, 1)	9.699208616876302	{'first__last': 9.699208616876302, 'last__first': 9.699208616876302}
1.460840583919254	208	(-1, 1, 1, -1, 1, -1, -1, -1, -1)	6.44325330888106	{'F__K': 6.44325330888106, 'K__F': 6.44325330888106}
1.4639821765728436	208	(-1, 1, 1, -1, 1, -1, -1, -1, -1)	1.60516460544014	{'F__K': 1.60516460544014, 'K__F': 1.60516460544014}
1.4671237692264334	208	(-1, 1, 1, -1, 1, -1, -1, -1, -1)	3.2194755338381	{'F__K': 3.2194755338381, 'K__F': 3.2194755338381}
1.4702653618800232	208	(-1, 1, 1, -1, 1, -1, -1, -1, -1)	8.030604477266962	{'F__K': 8.030604477266962, 'K__F': 8.030604477266962}
