0.0	390	(1, 1, -1, -1, -1, -1, 1, 1, -1)	4.391250374145027e-12	{'A__K': 2.9558577807620168e-12, 'K__A': 2.9558577807620168e-12, 'first__last': 5.826642967528037e-12, 'last__first': 5.826642967528037e-12}
0.0	391	(1, 1, -1, -1, -1, -1, 1, 1, 1)	4.391250374145027e-12	{'A__K': 2.9558577807620168e-12, 'K__A': 2.9558577807620168e-12, 'first__last': 5.826642967528037e-12, 'last__first': 5.826642967528037e-12}
0.0	392	(1, 1, -1, -1, -1, 1, -1, -1, -1)	4.391250374145027e-12	{'A__K': 2.9558577807620168e-12, 'K__A': 2.9558577807620168e-12, 'first__last': 5.826642967528037e-12, 'last__first': 5.826642967528037e-12}
0.0	393	(1, 1, -1, -1, -1, 1, -1, -1, 1)	4.391250374145027e-12	{'A__K': 2.9558577807620168e-12, 'K__A': 2.9558577807620168e-12, 'first__last': 5.826642967528037e-12, 'last__first': 5.826642967528037e-12}
0.0	394	(1, 1, -1, -1, -1, 1, -1, 1, -1)	4.391250374145027e-12	{'A__K': 2.9558577807620168e-12, 'K__A': 2.9558577807620168e-12, 'first__last': 5.826642967528037e-12, 'last__first': 5.826642967528037e-12}
0.0	395	(1, 1, -1, -1, -1, 1, -1, 1, 1)	4.391250374145027e-12	{'A__K': 2.9558577807620168e-12, 'K__A': 2.9558577807620168e-12, 'first__last': 5.826642967528037e-12, 'last__first': 5.826642967528037e-12}
0.0	396	(1, 1, -1, -1, -1, 1, 1, -1, -1)	4.391250374145027e-12	{'A__K': 2.9558577807620168e-12, 'K__A': 2.9558577807620168e-12, 'first__last': 5.826642967528037e-12, 'last__first': 5.826642967528037e-12}
0.0	397	(1, 1, -1, -1, -1, 1, 1, -1, 1)	4.391250374145027e-12	{'A__K': 2.9558577807620168e-12, 'K__A': 2.9558577807620168e-12, 'first__last': 5.826642967528037e-12, 'last__first': 5.826642967528037e-12}
0.0	398	(1, 1, -1, -1, -1, 1, 1, 1, -1)	4.391250374145027e-12	{'A__K': 2.9558577807620168e-12, 'K__A': 2.9558577807620168e-12, 'first__last': 5.826642967528037e-12, 'last__first': 5.826642967528037e-12}
0.0	399	(1, 1, -1, -1, -1, 1, 1, 1, 1)	4.391250374145027e-12	{'A__K': 2.9558577807620168e-12, 'K__A': 2.9558577807620168e-12, 'first__last': 5.826642967528037e-12, 'last__first': 5.826642967528037e-12}
0.0	400	(1, 1, -1, -1, 1, -1, -1, -1, -1)	4.391250374145027e-12	{'A__K': 2.9558577807620168e-12, 'K__A': 2.9558577807620168e-12, 'first__last': 5.826642967528037e-12, 'last__first': 5.826642967528037e-12}
0.0	401	(1, 1, -1, -1, 1, -1, -1, -1, 1)	4.391250374145027e-12	{'A__K': 2.9558577807620168e-12, 'K__A': 2.9558577807620168e-12, 'first__last': 5.826642967528037e-12, 'last__first': 5.826642967528037e-12}
0.0	402	(1, 1, -1, -1, 1, -1, -1, 1, -1)	4.391250374145027e-12	{'A__K': 2.9558577807620168e-12, 'K__A': 2.9558577807620168e-12, 'first__last': 5.826642967528037e-12, 'last__first': 5.826642967528037e-12}
0.0031415926535897933	390	(1, 1, -1, -1, -1, -1, 1, 1, -1)	0.7071423894001845	{'A__K': 1.4106849392238887, 'K__A': 1.4106849392238887, 'first__last': 0.0035998395764803453, 'last__first': 0.0035998395764803453}
0.0031415926535897933	391	(1, 1, -1, -1, -1, -1, 1, 1, 1)	1.8483716729775395	{'A__K': 3.6931435063785987, 'K__A': 3.6931435063785987, 'first__last': 0.0035998395764803453, 'last__first': 0.0035998395764803453}
0.0031415926535897933	392	(1, 1, -1, -1, -1, 1, -1, -1, -1)	3.4237292671435915	{'A__K': 3.6931400257196603, 'K__A': 3.6931400257196603, 'first__last': 3.154318508567523, 'last__first': 3.154318508567523}
0.0031415926535897933	393	(1, 1, -1, -1, -1, 1, -1, -1, 1)	4.564976678515254	{'A__K': 5.975634848462985, 'K__A': 5.975634848462985, 'first__last': 3.154318508567523, 'last__first': 3.154318508567523}
0.0031415926535897933	394	(1, 1, -1, -1, -1, 1, -1, 1, -1)	8.258127714136393	{'first__last': 8.258127714136393, 'last__first': 8.258127714136393}
0.0031415926535897933	395	(1, 1, -1, -1, -1, 1, -1, 1, 1)	8.258127714136393	{'first__last': 8.258127714136393, 'last__first': 8.258127714136393}
0.0031415926535897933	396	(1, 1, -1, -1, -1, 1, 1, -1, -1)	3.4238457329753125	{'A__K': 3.6932944265359975, 'K__A': 3.6932944265359975, 'first__last': 3.154397039414627, 'last__first': 3.154397039414627}
0.0031415926535897933	397	(1, 1, -1, -1, -1, 1, 1, -1, 1)	4.565036163062715	{'A__K': 5.975675286710803, 'K__A': 5.975675286710803, 'first__last': 3.154397039414627, 'last__first': 3.154397039414627}
0.0031415926535897933	398	(1, 1, -1, -1, -1, 1, 1, 1, -1)	8.258108473472612	{'first__last': 8.258108473472612, 'last__first': 8.258108473472612}
0.0031415926535897933	399	(1, 1, -1, -1, -1, 1, 1, 1, 1)	8.258108473472612	{'first__last': 8.258108473472612, 'last__first': 8.258108473472612}
0.0031415926535897933	402	(1, 1, -1, -1, 1, -1, -1, 1, -1)	5.53978632176988	{'A__K': 5.9756956627693025, 'K__A': 5.9756956627693025, 'first__last': 5.103876980770458, 'last__first': 5.103876980770458}
0.006283185307179587	390	(1, 1, -1, -1, -1, -1, 1, 1, -1)	1.4179501516451607	{'A__K': 2.8215015464027573, 'K__A': 2.8215015464027573, 'first__last': 0.014398756887564167, 'last__first': 0.014398756887564167}
0.006283185307179587	391	(1, 1, -1, -1, -1, -1, 1, 1, 1)	3.700282421256209	{'A__K': 7.386166085624854, 'K__A': 7.386166085624854, 'first__last': 0.014398756887564167, 'last__first': 0.014398756887564167}
0.006283185307179587	392	(1, 1, -1, -1, -1, 1, -1, -1, -1)	6.847328122166747	{'A__K': 7.386138240653526, 'K__A': 7.386138240653526, 'first__last': 6.308518003679969, 'last__first': 6.308518003679969}
0.006283185307179587	393	(1, 1, -1, -1, -1, 1, -1, -1, 1)	6.308518003679969	{'first__last': 6.308518003679969, 'last__first': 6.308518003679969}
0.006283185307179587	396	(1, 1, -1, -1, -1, 1, 1, -1, -1)	6.848259785707465	{'A__K': 7.3873733479824315, 'K__A': 7.3873733479824315, 'first__last': 6.309146223432498, 'last__first': 6.309146223432498}
0.006283185307179587	397	(1, 1, -1, -1, -1, 1, 1, -1, 1)	6.309146223432498	{'first__last': 6.309146223432498, 'last__first': 6.309146223432498}
0.00942477796076938	390	(1, 1, -1, -1, -1, -1, 1, 1, -1)	2.1324881873526977	{'A__K': 4.232581426922923, 'K__A': 4.232581426922923, 'first__last': 0.03239494778247213, 'last__first': 0.03239494778247213}
0.00942477796076938	391	(1, 1, -1, -1, -1, -1, 1, 1, 1)	0.03239494778247213	{'first__last': 0.03239494778247213, 'last__first': 0.03239494778247213}
0.00942477796076938	392	(1, 1, -1, -1, -1, 1, -1, -1, -1)	9.46247948335247	{'first__last': 9.46247948335247, 'last__first': 9.46247948335247}
0.00942477796076938	393	(1, 1, -1, -1, -1, 1, -1, -1, 1)	9.46247948335247	{'first__last': 9.46247948335247, 'last__first': 9.46247948335247}
0.00942477796076938	396	(1, 1, -1, -1, -1, 1, 1, -1, -1)	9.46459957302874	{'first__last': 9.46459957302874, 'last__first': 9.46459957302874}
0.00942477796076938	397	(1, 1, -1, -1, -1, 1, 1, -1, 1)	9.46459957302874	{'first__last': 9.46459957302874, 'last__first': 9.46459957302874}
0.012566370614359173	390	(1, 1, -1, -1, -1, -1, 1, 1, -1)	2.850820733259533	{'A__K': 5.644056061082682, 'K__A': 5.644056061082682, 'first__last': 0.057585405436383706, 'last__first': 0.057585405436383706}
0.012566370614359173	391	(1, 1, -1, -1, -1, -1, 1, 1, 1)	0.057585405436383706	{'first__last': 0.057585405436383706, 'last__first': 0.057585405436383706}
0.015707963267948967	390	(1, 1, -1, -1, -1, -1, 1, 1, -1)	3.5730113311528733	{'A__K': 7.0560567416752855, 'K__A': 7.0560567416752855, 'first__last': 0.08996592063046088, 'last__first': 0.08996592063046088}
0.015707963267948967	391	(1, 1, -1, -1, -1, -1, 1, 1, 1)	0.08996592063046088	{'first__last': 0.08996592063046088, 'last__first': 0.08996592063046088}
0.01884955592153876	390	(1, 1, -1, -1, -1, -1, 1, 1, -1)	4.299122796837933	{'A__K': 8.468714511731823, 'K__A': 8.468714511731823, 'first__last': 0.12953108194404206, 'last__first': 0.12953108194404206}
0.01884955592153876	391	(1, 1, -1, -1, -1, -1, 1, 1, 1)	0.12953108194404206	{'first__last': 0.12953108194404206, 'last__first': 0.12953108194404206}
0.021991148575128554	390	(1, 1, -1, -1, -1, -1, 1, 1, -1)	5.029217189344408	{'A__K': 9.88216010245771, 'K__A': 9.88216010245771, 'first__last': 0.1762742762311049, 'last__first': 0.1762742762311049}
0.021991148575128554	391	(1, 1, -1, -1, -1, -1, 1, 1, 1)	0.1762742762311049	{'first__last': 0.1762742762311049, 'last__first': 0.1762742762311049}
0.025132741228718346	390	(1, 1, -1, -1, -1, -1, 1, 1, -1)	0.23018768896728978	{'first__last': 0.23018768896728978, 'last__first': 0.23018768896728978}
0.025132741228718346	391	(1, 1, -1, -1, -1, -1, 1, 1, 1)	0.23018768896728978	{'first__last': 0.23018768896728978, 'last__first': 0.23018768896728978}
0.02827433388230814	390	(1, 1, -1, -1, -1, -1, 1, 1, -1)	0.2912623048948181	{'first__last': 0.2912623048948181, 'last__first': 0.2912623048948181}
0.02827433388230814	391	(1, 1, -1, -1, -1, -1, 1, 1, 1)	0.2912623048948181	{'first__last': 0.2912623048948181, 'last__first': 0.2912623048948181}
0.031415926535897934	390	(1, 1, -1, -1, -1, -1, 1, 1, -1)	0.3594879085189632	{'first__last': 0.3594879085189632, 'last__first': 0.3594879085189632}
0.031415926535897934	391	(1, 1, -1, -1, -1, -1, 1, 1, 1)	0.3594879085189632	{'first__last': 0.3594879085189632, 'last__first': 0.3594879085189632}
0.034557519189487726	390	(1, 1, -1, -1, -1, -1, 1, 1, -1)	0.4348530849123414	{'first__last': 0.4348530849123414, 'last__first': 0.4348530849123414}
0.034557519189487726	391	(1, 1, -1, -1, -1, -1, 1, 1, 1)	0.4348530849123414	{'first__last': 0.4348530849123414, 'last__first': 0.4348530849123414}
0.03769911184307752	390	(1, 1, -1, -1, -1, -1, 1, 1, -1)	0.5173452952020262	{'first__last': 0.5173452952020262, 'last__first': 0.5173452952020262}
0.03769911184307752	391	(1, 1, -1, -1, -1, -1, 1, 1, 1)	0.5173452952020262	{'first__last': 0.5173452952020262, 'last__first': 0.5173452952020262}
0.04084070449666731	390	(1, 1, -1, -1, -1, -1, 1, 1, -1)	0.6069506244314369	{'first__last': 0.6069506244314369, 'last__first': 0.6069506244314369}
0.04084070449666731	391	(1, 1, -1, -1, -1, -1, 1, 1, 1)	0.6069506244314369	{'first__last': 0.6069506244314369, 'last__first': 0.6069506244314369}
0.04398229715025711	390	(1, 1, -1, -1, -1, -1, 1, 1, -1)	0.7036541144781039	{'first__last': 0.7036541144781039, 'last__first': 0.7036541144781039}
0.04398229715025711	391	(1, 1, -1, -1, -1, -1, 1, 1, 1)	0.7036541144781039	{'first__last': 0.7036541144781039, 'last__first': 0.7036541144781039}
0.0471238898038469	390	(1, 1, -1, -1, -1, -1, 1, 1, -1)	0.8074395685137639	{'first__last': 0.8074395685137639, 'last__first': 0.8074395685137639}
0.0471238898038469	391	(1, 1, -1, -1, -1, -1, 1, 1, 1)	0.8074395685137639	{'first__last': 0.8074395685137639, 'last__first': 0.8074395685137639}
0.05026548245743669	390	(1, 1, -1, -1, -1, -1, 1, 1, -1)	0.9182895967265291	{'first__last': 0.9182895967265291, 'last__first': 0.9182895967265291}
0.05026548245743669	391	(1, 1, -1, -1, -1, -1, 1, 1, 1)	0.9182895967265291	{'first__last': 0.9182895967265291, 'last__first': 0.9182895967265291}
0.053407075111026485	390	(1, 1, -1, -1, -1, -1, 1, 1, -1)	1.03618561773403	{'first__last': 1.03618561773403, 'last__first': 1.03618561773403}
0.053407075111026485	391	(1, 1, -1, -1, -1, -1, 1, 1, 1)	1.03618561773403	{'first__last': 1.03618561773403, 'last__first': 1.03618561773403}
0.05654866776461628	390	(1, 1, -1, -1, -1, -1, 1, 1, -1)	1.1611078601752411	{'first__last': 1.1611078601752411, 'last__first': 1.1611078601752411}
0.05654866776461628	391	(1, 1, -1, -1, -1, -1, 1, 1, 1)	1.1611078601752411	{'first__last': 1.1611078601752411, 'last__first': 1.1611078601752411}
0.059690260418206076	390	(1, 1, -1, -1, -1, -1, 1, 1, -1)	1.2930353643436496	{'first__last': 1.2930353643436496, 'last__first': 1.2930353643436496}
0.059690260418206076	391	(1, 1, -1, -1, -1, -1, 1, 1, 1)	1.2930353643436496	{'first__last': 1.2930353643436496, 'last__first': 1.2930353643436496}
0.06283185307179587	390	(1, 1, -1, -1, -1, -1, 1, 1, -1)	1.4319459839273336	{'first__last': 1.4319459839273336, 'last__first': 1.4319459839273336}
0.06283185307179587	391	(1, 1, -1, -1, -1, -1, 1, 1, 1)	1.4319459839273336	{'first__last': 1.4319459839273336, 'last__first': 1.4319459839273336}
0.06597344572538566	390	(1, 1, -1, -1, -1, -1, 1, 1, -1)	1.577816387883955	{'first__last': 1.577816387883955, 'last__first': 1.577816387883955}
0.06597344572538566	391	(1, 1, -1, -1, -1, -1, 1, 1, 1)	1.577816387883955	{'first__last': 1.577816387883955, 'last__first': 1.577816387883955}
0.06911503837897545	390	(1, 1, -1, -1, -1, -1, 1, 1, -1)	1.7306220623428397	{'first__last': 1.7306220623428397, 'last__first': 1.7306220623428397}
0.06911503837897545	391	(1, 1, -1, -1, -1, -1, 1, 1, 1)	1.7306220623428397	{'first__last': 1.7306220623428397, 'last__first': 1.7306220623428397}
0.07225663103256524	390	(1, 1, -1, -1, -1, -1, 1, 1, -1)	1.8903373127004726	{'first__last': 1.8903373127004726, 'last__first': 1.8903373127004726}
0.07225663103256524	391	(1, 1, -1, -1, -1, -1, 1, 1, 1)	1.8903373127004726	{'first__last': 1.8903373127004726, 'last__first': 1.8903373127004726}
0.07539822368615504	390	(1, 1, -1, -1, -1, -1, 1, 1, -1)	2.0569352657250994	{'first__last': 2.0569352657250994, 'last__first': 2.0569352657250994}
0.07539822368615504	391	(1, 1, -1, -1, -1, -1, 1, 1, 1)	2.0569352657250994	{'first__last': 2.0569352657250994, 'last__first': 2.0569352657250994}
0.07853981633974483	390	(1, 1, -1, -1, -1, -1, 1, 1, -1)	2.2303878718206023	{'first__last': 2.2303878718206023, 'last__first': 2.2303878718206023}
0.07853981633974483	391	(1, 1, -1, -1, -1, -1, 1, 1, 1)	2.2303878718206023	{'first__last': 2.2303878718206023, 'last__first': 2.2303878718206023}
0.08168140899333462	390	(1, 1, -1, -1, -1, -1, 1, 1, -1)	2.410665907366663	{'first__last': 2.410665907366663, 'last__first': 2.410665907366663}
0.08168140899333462	391	(1, 1, -1, -1, -1, -1, 1, 1, 1)	2.410665907366663	{'first__last': 2.410665907366663, 'last__first': 2.410665907366663}
0.08482300164692443	390	(1, 1, -1, -1, -1, -1, 1, 1, -1)	2.59773897717837	{'first__last': 2.59773897717837, 'last__first': 2.59773897717837}
0.08482300164692443	391	(1, 1, -1, -1, -1, -1, 1, 1, 1)	2.59773897717837	{'first__last': 2.59773897717837, 'last__first': 2.59773897717837}
0.08796459430051422	390	(1, 1, -1, -1, -1, -1, 1, 1, -1)	2.791575517018943	{'first__last': 2.791575517018943, 'last__first': 2.791575517018943}
0.08796459430051422	391	(1, 1, -1, -1, -1, -1, 1, 1, 1)	2.791575517018943	{'first__last': 2.791575517018943, 'last__first': 2.791575517018943}
0.09110618695410401	390	(1, 1, -1, -1, -1, -1, 1, 1, -1)	2.992142796234924	{'first__last': 2.992142796234924, 'last__first': 2.992142796234924}
0.09110618695410401	391	(1, 1, -1, -1, -1, -1, 1, 1, 1)	2.992142796234924	{'first__last': 2.992142796234924, 'last__first': 2.992142796234924}
0.0942477796076938	390	(1, 1, -1, -1, -1, -1, 1, 1, -1)	3.1994069205333973	{'first__last': 3.1994069205333973, 'last__first': 3.1994069205333973}
0.0942477796076938	391	(1, 1, -1, -1, -1, -1, 1, 1, 1)	3.1994069205333973	{'first__last': 3.1994069205333973, 'last__first': 3.1994069205333973}
0.0973893722612836	390	(1, 1, -1, -1, -1, -1, 1, 1, -1)	3.413332834750768	{'first__last': 3.413332834750768, 'last__first': 3.413332834750768}
0.0973893722612836	391	(1, 1, -1, -1, -1, -1, 1, 1, 1)	3.413332834750768	{'first__last': 3.413332834750768, 'last__first': 3.413332834750768}
0.10053096491487339	390	(1, 1, -1, -1, -1, -1, 1, 1, -1)	3.633884325889261	{'first__last': 3.633884325889261, 'last__first': 3.633884325889261}
0.10053096491487339	391	(1, 1, -1, -1, -1, -1, 1, 1, 1)	3.633884325889261	{'first__last': 3.633884325889261, 'last__first': 3.633884325889261}
0.10367255756846318	390	(1, 1, -1, -1, -1, -1, 1, 1, -1)	3.861024026022549	{'first__last': 3.861024026022549, 'last__first': 3.861024026022549}
0.10367255756846318	391	(1, 1, -1, -1, -1, -1, 1, 1, 1)	3.861024026022549	{'first__last': 3.861024026022549, 'last__first': 3.861024026022549}
0.10681415022205297	390	(1, 1, -1, -1, -1, -1, 1, 1, -1)	4.094713415539225	{'first__last': 4.094713415539225, 'last__first': 4.094713415539225}
0.10681415022205297	391	(1, 1, -1, -1, -1, -1, 1, 1, 1)	4.094713415539225	{'first__last': 4.094713415539225, 'last__first': 4.094713415539225}
0.10995574287564276	390	(1, 1, -1, -1, -1, -1, 1, 1, -1)	4.334912826285683	{'first__last': 4.334912826285683, 'last__first': 4.334912826285683}
0.10995574287564276	391	(1, 1, -1, -1, -1, -1, 1, 1, 1)	4.334912826285683	{'first__last': 4.334912826285683, 'last__first': 4.334912826285683}
0.11309733552923255	390	(1, 1, -1, -1, -1, -1, 1, 1, -1)	4.581581444929297	{'first__last': 4.581581444929297, 'last__first': 4.581581444929297}
0.11309733552923255	391	(1, 1, -1, -1, -1, -1, 1, 1, 1)	4.581581444929297	{'first__last': 4.581581444929297, 'last__first': 4.581581444929297}
0.11623892818282235	390	(1, 1, -1, -1, -1, -1, 1, 1, -1)	4.834677316389994	{'first__last': 4.834677316389994, 'last__first': 4.834677316389994}
0.11623892818282235	391	(1, 1, -1, -1, -1, -1, 1, 1, 1)	4.834677316389994	{'first__last': 4.834677316389994, 'last__first': 4.834677316389994}
0.11938052083641215	390	(1, 1, -1, -1, -1, -1, 1, 1, -1)	5.094157347335228	{'first__last': 5.094157347335228, 'last__first': 5.094157347335228}
0.11938052083641215	391	(1, 1, -1, -1, -1, -1, 1, 1, 1)	5.094157347335228	{'first__last': 5.094157347335228, 'last__first': 5.094157347335228}
0.12252211349000194	390	(1, 1, -1, -1, -1, -1, 1, 1, -1)	5.35997730979237	{'first__last': 5.35997730979237, 'last__first': 5.35997730979237}
0.12252211349000194	391	(1, 1, -1, -1, -1, -1, 1, 1, 1)	5.35997730979237	{'first__last': 5.35997730979237, 'last__first': 5.35997730979237}
0.12566370614359174	390	(1, 1, -1, -1, -1, -1, 1, 1, -1)	5.632091844883376	{'first__last': 5.632091844883376, 'last__first': 5.632091844883376}
0.12566370614359174	391	(1, 1, -1, -1, -1, -1, 1, 1, 1)	5.632091844883376	{'first__last': 5.632091844883376, 'last__first': 5.632091844883376}
0.12880529879718153	390	(1, 1, -1, -1, -1, -1, 1, 1, -1)	5.910454466598147	{'first__last': 5.910454466598147, 'last__first': 5.910454466598147}
0.12880529879718153	391	(1, 1, -1, -1, -1, -1, 1, 1, 1)	5.910454466598147	{'first__last': 5.910454466598147, 'last__first': 5.910454466598147}
0.13194689145077132	390	(1, 1, -1, -1, -1, -1, 1, 1, -1)	6.195017565775531	{'first__last': 6.195017565775531, 'last__first': 6.195017565775531}
0.13194689145077132	391	(1, 1, -1, -1, -1, -1, 1, 1, 1)	6.195017565775531	{'first__last': 6.195017565775531, 'last__first': 6.195017565775531}
0.1350884841043611	390	(1, 1, -1, -1, -1, -1, 1, 1, -1)	6.485732414011229	{'first__last': 6.485732414011229, 'last__first': 6.485732414011229}
0.1350884841043611	391	(1, 1, -1, -1, -1, -1, 1, 1, 1)	6.485732414011229	{'first__last': 6.485732414011229, 'last__first': 6.485732414011229}
0.1382300767579509	390	(1, 1, -1, -1, -1, -1, 1, 1, -1)	6.782549167809512	{'first__last': 6.782549167809512, 'last__first': 6.782549167809512}
0.1382300767579509	391	(1, 1, -1, -1, -1, -1, 1, 1, 1)	6.782549167809512	{'first__last': 6.782549167809512, 'last__first': 6.782549167809512}
0.1413716694115407	390	(1, 1, -1, -1, -1, -1, 1, 1, -1)	7.085416872737432	{'first__last': 7.085416872737432, 'last__first': 7.085416872737432}
0.1413716694115407	391	(1, 1, -1, -1, -1, -1, 1, 1, 1)	7.085416872737432	{'first__last': 7.085416872737432, 'last__first': 7.085416872737432}
0.1445132620651305	390	(1, 1, -1, -1, -1, -1, 1, 1, -1)	7.394283467801552	{'first__last': 7.394283467801552, 'last__first': 7.394283467801552}
0.1445132620651305	391	(1, 1, -1, -1, -1, -1, 1, 1, 1)	7.394283467801552	{'first__last': 7.394283467801552, 'last__first': 7.394283467801552}
0.14765485471872028	390	(1, 1, -1, -1, -1, -1, 1, 1, -1)	7.709095789693096	{'first__last': 7.709095789693096, 'last__first': 7.709095789693096}
0.14765485471872028	391	(1, 1, -1, -1, -1, -1, 1, 1, 1)	7.709095789693096	{'first__last': 7.709095789693096, 'last__first': 7.709095789693096}
0.15079644737231007	390	(1, 1, -1, -1, -1, -1, 1, 1, -1)	8.029799577399265	{'first__last': 8.029799577399265, 'last__first': 8.029799577399265}
0.15079644737231007	391	(1, 1, -1, -1, -1, -1, 1, 1, 1)	8.029799577399265	{'first__last': 8.029799577399265, 'last__first': 8.029799577399265}
0.15393804002589986	390	(1, 1, -1, -1, -1, -1, 1, 1, -1)	8.356339476690971	{'first__last': 8.356339476690971, 'last__first': 8.356339476690971}
0.15393804002589986	391	(1, 1, -1, -1, -1, -1, 1, 1, 1)	8.356339476690971	{'first__last': 8.356339476690971, 'last__first': 8.356339476690971}
0.15707963267948966	390	(1, 1, -1, -1, -1, -1, 1, 1, -1)	8.688659044840255	{'first__last': 8.688659044840255, 'last__first': 8.688659044840255}
0.15707963267948966	391	(1, 1, -1, -1, -1, -1, 1, 1, 1)	8.688659044840255	{'first__last': 8.688659044840255, 'last__first': 8.688659044840255}
0.16022122533307945	390	(1, 1, -1, -1, -1, -1, 1, 1, -1)	9.026700755330902	{'first__last': 9.026700755330902, 'last__first': 9.026700755330902}
0.16022122533307945	391	(1, 1, -1, -1, -1, -1, 1, 1, 1)	9.026700755330902	{'first__last': 9.026700755330902, 'last__first': 9.026700755330902}
0.16336281798666924	390	(1, 1, -1, -1, -1, -1, 1, 1, -1)	9.370406002794255	{'first__last': 9.370406002794255, 'last__first': 9.370406002794255}
0.16336281798666924	391	(1, 1, -1, -1, -1, -1, 1, 1, 1)	9.370406002794255	{'first__last': 9.370406002794255, 'last__first': 9.370406002794255}
0.16650441064025903	390	(1, 1, -1, -1, -1, -1, 1, 1, -1)	9.719715107884785	{'first__last': 9.719715107884785, 'last__first': 9.719715107884785}
0.16650441064025903	391	(1, 1, -1, -1, -1, -1, 1, 1, 1)	9.719715107884785	{'first__last': 9.719715107884785, 'last__first': 9.719715107884785}
0.9456193887305278	390	(1, 1, -1, -1, -1, -1, 1, 1, -1)	9.58053384758509	{'first__last': 9.58053384758509, 'last__first': 9.58053384758509}
0.9456193887305278	391	(1, 1, -1, -1, -1, -1, 1, 1, 1)	9.58053384758509	{'first__last': 9.58053384758509, 'last__first': 9.58053384758509}
0.9487609813841176	390	(1, 1, -1, -1, -1, -1, 1, 1, -1)	8.102806406332528	{'first__last': 8.102806406332528, 'last__first': 8.102806406332528}
0.9487609813841176	391	(1, 1, -1, -1, -1, -1, 1, 1, 1)	8.102806406332528	{'first__last': 8.102806406332528, 'last__first': 8.102806406332528}
0.9519025740377074	390	(1, 1, -1, -1, -1, -1, 1, 1, -1)	6.6066304897045995	{'first__last': 6.6066304897045995, 'last__first': 6.6066304897045995}
0.9519025740377074	391	(1, 1, -1, -1, -1, -1, 1, 1, 1)	6.6066304897045995	{'first__last': 6.6066304897045995, 'last__first': 6.6066304897045995}
0.9550441666912972	390	(1, 1, -1, -1, -1, -1, 1, 1, -1)	5.091993332279939	{'first__last': 5.091993332279939, 'last__first': 5.091993332279939}
0.9550441666912972	391	(1, 1, -1, -1, -1, -1, 1, 1, 1)	5.091993332279939	{'first__last': 5.091993332279939, 'last__first': 5.091993332279939}
0.9581857593448869	390	(1, 1, -1, -1, -1, -1, 1, 1, -1)	3.5588837156771844	{'first__last': 3.5588837156771844, 'last__first': 3.5588837156771844}
0.9581857593448869	391	(1, 1, -1, -1, -1, -1, 1, 1, 1)	3.5588837156771844	{'first__last': 3.5588837156771844, 'last__first': 3.5588837156771844}
0.9613273519984767	390	(1, 1, -1, -1, -1, -1, 1, 1, -1)	2.007291974821808	{'first__last': 2.007291974821808, 'last__first': 2.007291974821808}
0.9613273519984767	391	(1, 1, -1, -1, -1, -1, 1, 1, 1)	2.007291974821808	{'first__last': 2.007291974821808, 'last__first': 2.007291974821808}
0.9644689446520666	390	(1, 1, -1, -1, -1, -1, 1, 1, -1)	0.43721000412241023	{'first__last': 0.43721000412241023, 'last__first': 0.43721000412241023}
0.9644689446520666	391	(1, 1, -1, -1, -1, -1, 1, 1, 1)	0.43721000412241023	{'first__last': 0.43721000412241023, 'last__first': 0.43721000412241023}
0.9676105373056564	390	(1, 1, -1, -1, -1, -1, 1, 1, -1)	1.1513687364462892	{'first__last': 1.1513687364462892, 'last__first': 1.1513687364462892}
0.9676105373056564	391	(1, 1, -1, -1, -1, -1, 1, 1, 1)	1.1513687364462892	{'first__last': 1.1513687364462892, 'last__first': 1.1513687364462892}
0.9707521299592461	390	(1, 1, -1, -1, -1, -1, 1, 1, -1)	2.7584492155248337	{'first__last': 2.7584492155248337, 'last__first': 2.7584492155248337}
0.9707521299592461	391	(1, 1, -1, -1, -1, -1, 1, 1, 1)	2.7584492155248337	{'first__last': 2.7584492155248337, 'last__first': 2.7584492155248337}
0.9738937226128359	390	(1, 1, -1, -1, -1, -1, 1, 1, -1)	4.3840348244420655	{'first__last': 4.3840348244420655, 'last__first': 4.3840348244420655}
0.9738937226128359	391	(1, 1, -1, -1, -1, -1, 1, 1, 1)	4.3840348244420655	{'first__last': 4.3840348244420655, 'last__first': 4.3840348244420655}
0.9770353152664257	390	(1, 1, -1, -1, -1, -1, 1, 1, -1)	6.028127371678427	{'first__last': 6.028127371678427, 'last__first': 6.028127371678427}
0.9770353152664257	391	(1, 1, -1, -1, -1, -1, 1, 1, 1)	6.028127371678427	{'first__last': 6.028127371678427, 'last__first': 6.028127371678427}
0.9801769079200155	390	(1, 1, -1, -1, -1, -1, 1, 1, -1)	7.690727077224546	{'first__last': 7.690727077224546, 'last__first': 7.690727077224546}
0.9801769079200155	391	(1, 1, -1, -1, -1, -1, 1, 1, 1)	7.690727077224546	{'first__last': 7.690727077224546, 'last__first': 7.690727077224546}
0.9833185005736053	390	(1, 1, -1, -1, -1, -1, 1, 1, -1)	9.3718325672901	{'first__last': 9.3718325672901, 'last__first': 9.3718325672901}
0.9833185005736053	391	(1, 1, -1, -1, -1, -1, 1, 1, 1)	9.3718325672901	{'first__last': 9.3718325672901, 'last__first': 9.3718325672901}
1.1026990214100174	390	(1, 1, -1, -1, -1, -1, 1, 1, -1)	7.609381600846856	{'B_C__H_I': 7.609381600846856, 'H_I__B_C': 7.609381600846856}
1.1026990214100174	391	(1, 1, -1, -1, -1, -1, 1, 1, 1)	7.609381600846856	{'B_C__H_I': 7.609381600846856, 'H_I__B_C': 7.609381600846856}
1.1058406140636072	390	(1, 1, -1, -1, -1, -1, 1, 1, -1)	2.2352370848592877	{'B_C__H_I': 2.2352370848592877, 'H_I__B_C': 2.2352370848592877}
1.1058406140636072	391	(1, 1, -1, -1, -1, -1, 1, 1, 1)	2.2352370848592877	{'B_C__H_I': 2.2352370848592877, 'H_I__B_C': 2.2352370848592877}
1.108982206717197	390	(1, 1, -1, -1, -1, -1, 1, 1, -1)	3.1305329944674978	{'B_C__H_I': 3.1305329944674978, 'H_I__B_C': 3.1305329944674978}
1.108982206717197	391	(1, 1, -1, -1, -1, -1, 1, 1, 1)	3.1305329944674978	{'B_C__H_I': 3.1305329944674978, 'H_I__B_C': 3.1305329944674978}
1.1121237993707869	390	(1, 1, -1, -1, -1, -1, 1, 1, -1)	8.487796263306846	{'B_C__H_I': 8.487796263306846, 'H_I__B_C': 8.487796263306846}
1.1121237993707869	391	(1, 1, -1, -1, -1, -1, 1, 1, 1)	8.487796263306846	{'B_C__H_I': 8.487796263306846, 'H_I__B_C': 8.487796263306846}
1.140398133253095	390	(1, 1, -1, -1, -1, -1, 1, 1, -1)	4.343386719946302	{'B__I': 4.343386719946302, 'I__B': 4.343386719946302}
1.140398133253095	391	(1, 1, -1, -1, -1, -1, 1, 1, 1)	4.343386719946302	{'B__I': 4.343386719946302, 'I__B': 4.343386719946302}
1.1435397259066848	390	(1, 1, -1, -1, -1, -1, 1, 1, -1)	1.3304941061225701	{'B__I': 1.3304941061225701, 'I__B': 1.3304941061225701}
1.1435397259066848	391	(1, 1, -1, -1, -1, -1, 1, 1, 1)	1.3304941061225701	{'B__I': 1.3304941061225701, 'I__B': 1.3304941061225701}
1.1466813185602747	390	(1, 1, -1, -1, -1, -1, 1, 1, -1)	6.989738564613677	{'B__I': 6.989738564613677, 'I__B': 6.989738564613677}
1.1466813185602747	391	(1, 1, -1, -1, -1, -1, 1, 1, 1)	6.989738564613677	{'B__I': 6.989738564613677, 'I__B': 6.989738564613677}
1.460840583919254	390	(1, 1, -1, -1, -1, -1, 1, 1, -1)	6.443253308926147	{'C__H': 6.443253308926147, 'H__C': 6.443253308926147}
1.460840583919254	391	(1, 1, -1, -1, -1, -1, 1, 1, 1)	6.443253308926147	{'C__H': 6.443253308926147, 'H__C': 6.443253308926147}
1.460840583919254	399	(1, 1, -1, -1, -1, 1, 1, 1, 1)	6.443253308875308	{'F__K': 6.443253308875308, 'K__F': 6.443253308875308}
1.460840583919254	400	(1, 1, -1, -1, 1, -1, -1, -1, -1)	6.443253308873046	{'F__K': 6.443253308873046, 'K__F': 6.443253308873046}
1.4639821765728436	390	(1, 1, -1, -1, -1, -1, 1, 1, -1)	1.6051646054214221	{'C__H': 1.6051646054214221, 'H__C': 1.6051646054214221}
1.4639821765728436	391	(1, 1, -1, -1, -1, -1, 1, 1, 1)	1.6051646054214221	{'C__H': 1.6051646054214221, 'H__C': 1.6051646054214221}
1.4639821765728436	399	(1, 1, -1, -1, -1, 1, 1, 1, 1)	1.6051646054285458	{'F__K': 1.6051646054285458, 'K__F': 1.6051646054285458}
1.4639821765728436	400	(1, 1, -1, -1, 1, -1, -1, -1, -1)	1.605164605412248	{'F__K': 1.605164605412248, 'K__F': 1.605164605412248}
1.4671237692264334	390	(1, 1, -1, -1, -1, -1, 1, 1, -1)	3.219475533816657	{'C__H': 3.219475533816657, 'H__C': 3.219475533816657}
1.4671237692264334	391	(1, 1, -1, -1, -1, -1, 1, 1, 1)	3.219475533816657	{'C__H': 3.219475533816657, 'H__C': 3.219475533816657}
1.4671237692264334	399	(1, 1, -1, -1, -1, 1, 1, 1, 1)	3.2194755338303573	{'F__K': 3.2194755338303573, 'K__F': 3.2194755338303573}
1.4671237692264334	400	(1, 1, -1, -1, 1, -1, -1, -1, -1)	3.2194755338426053	{'F__K': 3.2194755338426053, 'K__F': 3.2194755338426053}
1.4702653618800232	390	(1, 1, -1, -1, -1, -1, 1, 1, -1)	8.030604477206275	{'C__H': 8.030604477206275, 'H__C': 8.030604477206275}
1.4702653618800232	391	(1, 1, -1, -1, -1, -1, 1, 1, 1)	8.030604477206275	{'C__H': 8.030604477206275, 'H__C': 8.030604477206275}
1.4702653618800232	399	(1, 1, -1, -1, -1, 1, 1, 1, 1)	8.030604477280482	{'F__K': 8.030604477280482, 'K__F': 8.030604477280482}
1.4702653618800232	400	(1, 1, -1, -1, 1, -1, -1, -1, -1)	8.03060447730933	{'F__K': 8.03060447730933, 'K__F': 8.03060447730933}
