0.0	488	(1, 1, 1, 1, -1, 1, -1, -1, -1)	4.391250374145027e-12	{'A__K': 2.9558577807620168e-12, 'K__A': 2.9558577807620168e-12, 'first__last': 5.826642967528037e-12, 'last__first': 5.826642967528037e-12}
0.0	489	(1, 1, 1, 1, -1, 1, -1, -1, 1)	4.391250374145027e-12	{'A__K': 2.9558577807620168e-12, 'K__A': 2.9558577807620168e-12, 'first__last': 5.826642967528037e-12, 'last__first': 5.826642967528037e-12}
0.0	490	(1, 1, 1, 1, -1, 1, -1, 1, -1)	4.391250374145027e-12	{'A__K': 2.9558577807620168e-12, 'K__A': 2.9558577807620168e-12, 'first__last': 5.826642967528037e-12, 'last__first': 5.826642967528037e-12}
0.0	491	(1, 1, 1, 1, -1, 1, -1, 1, 1)	4.391250374145027e-12	{'A__K': 2.9558577807620168e-12, 'K__A': 2.9558577807620168e-12, 'first__last': 5.826642967528037e-12, 'last__first': 5.826642967528037e-12}
0.0	492	(1, 1, 1, 1, -1, 1, 1, -1, -1)	4.391250374145027e-12	{'A__K': 2.9558577807620168e-12, 'K__A': 2.9558577807620168e-12, 'first__last': 5.826642967528037e-12, 'last__first': 5.826642967528037e-12}
0.0	493	(1, 1, 1, 1, -1, 1, 1, -1, 1)	4.391250374145027e-12	{'A__K': 2.9558577807620168e-12, 'K__A': 2.9558577807620168e-12, 'first__last': 5.826642967528037e-12, 'last__first': 5.826642967528037e-12}
0.0	494	(1, 1, 1, 1, -1, 1, 1, 1, -1)	4.391250374145027e-12	{'A__K': 2.9558577807620168e-12, 'K__A': 2.9558577807620168e-12, 'first__last': 5.826642967528037e-12, 'last__first': 5.826642967528037e-12}
0.0	495	(1, 1, 1, 1, -1, 1, 1, 1, 1)	4.391250374145027e-12	{'A__K': 2.9558577807620168e-12, 'K__A': 2.9558577807620168e-12, 'first__last': 5.826642967528037e-12, 'last__first': 5.826642967528037e-12}
0.0	496	(1, 1, 1, 1, 1, -1, -1, -1, -1)	4.391250374145027e-12	{'A__K': 2.9558577807620168e-12, 'K__A': 2.9558577807620168e-12, 'first__last': 5.826642967528037e-12, 'last__first': 5.826642967528037e-12}
0.0	497	(1, 1, 1, 1, 1, -1, -1, -1, 1)	4.391250374145027e-12	{'A__K': 2.9558577807620168e-12, 'K__A': 2.9558577807620168e-12, 'first__last': 5.826642967528037e-12, 'last__first': 5.826642967528037e-12}
0.0	498	(1, 1, 1, 1, 1, -1, -1, 1, -1)	4.391250374145027e-12	{'A__K': 2.9558577807620168e-12, 'K__A': 2.9558577807620168e-12, 'first__last': 5.826642967528037e-12, 'last__first': 5.826642967528037e-12}
0.0	499	(1, 1, 1, 1, 1, -1, -1, 1, 1)	4.391250374145027e-12	{'A__K': 2.9558577807620168e-12, 'K__A': 2.9558577807620168e-12, 'first__last': 5.826642967528037e-12, 'last__first': 5.826642967528037e-12}
0.0031415926535897933	488	(1, 1, 1, 1, -1, 1, -1, -1, -1)	1.1474418824281032	{'A__K': 2.282510582434206, 'K__A': 2.282510582434206, 'first__last': 0.012373182422000289, 'last__first': 0.012373182422000289}
0.0031415926535897933	489	(1, 1, 1, 1, -1, 1, -1, -1, 1)	0.012494613368404222	{'A__K': 0.012616044314808153, 'K__A': 0.012616044314808153, 'first__last': 0.012373182422000289, 'last__first': 0.012373182422000289}
0.0031415926535897933	490	(1, 1, 1, 1, -1, 1, -1, 1, -1)	5.1038192200639445	{'A__K': 5.103817776998303, 'K__A': 5.103817776998303, 'first__last': 5.103820663129586, 'last__first': 5.103820663129586}
0.0031415926535897933	491	(1, 1, 1, 1, -1, 1, -1, 1, 1)	6.245055285201061	{'A__K': 7.386289907272536, 'K__A': 7.386289907272536, 'first__last': 5.103820663129586, 'last__first': 5.103820663129586}
0.0031415926535897933	492	(1, 1, 1, 1, -1, 1, 1, -1, -1)	1.1517928985662498	{'A__K': 2.2825968950067432, 'K__A': 2.2825968950067432, 'first__last': 0.020988902125756305, 'last__first': 0.020988902125756305}
0.0031415926535897933	493	(1, 1, 1, 1, -1, 1, 1, -1, 1)	0.019599783283985137	{'A__K': 0.01821066444221397, 'K__A': 0.01821066444221397, 'first__last': 0.020988902125756305, 'last__first': 0.020988902125756305}
0.0031415926535897933	494	(1, 1, 1, 1, -1, 1, 1, 1, -1)	5.103800994977229	{'A__K': 5.1038017030816905, 'K__A': 5.1038017030816905, 'first__last': 5.103800286872768, 'last__first': 5.103800286872768}
0.0031415926535897933	495	(1, 1, 1, 1, -1, 1, 1, 1, 1)	6.2450368546633115	{'A__K': 7.386273422453855, 'K__A': 7.386273422453855, 'first__last': 5.103800286872768, 'last__first': 5.103800286872768}
0.0031415926535897933	498	(1, 1, 1, 1, 1, -1, -1, 1, -1)	8.258137333728527	{'first__last': 8.258137333728527, 'last__first': 8.258137333728527}
0.0031415926535897933	499	(1, 1, 1, 1, 1, -1, -1, 1, 1)	8.963492396092636	{'A__K': 9.668847458456746, 'K__A': 9.668847458456746, 'first__last': 8.258137333728527, 'last__first': 8.258137333728527}
0.006283185307179587	488	(1, 1, 1, 1, -1, 1, -1, -1, -1)	2.3072863170693916	{'A__K': 4.565080641770256, 'K__A': 4.565080641770256, 'first__last': 0.04949199236852716, 'last__first': 0.04949199236852716}
0.006283185307179587	489	(1, 1, 1, 1, -1, 1, -1, -1, 1)	0.04997766848957384	{'A__K': 0.050463344610620534, 'K__A': 0.050463344610620534, 'first__last': 0.04949199236852716, 'last__first': 0.04949199236852716}
0.006283185307179587	492	(1, 1, 1, 1, -1, 1, 1, -1, -1)	2.3248629547787494	{'A__K': 4.565771084302265, 'K__A': 4.565771084302265, 'first__last': 0.08395482525523365, 'last__first': 0.08395482525523365}
0.006283185307179587	493	(1, 1, 1, 1, -1, 1, 1, -1, 1)	0.07839844843360926	{'A__K': 0.07284207161198486, 'K__A': 0.07284207161198486, 'first__last': 0.08395482525523365, 'last__first': 0.08395482525523365}
0.00942477796076938	488	(1, 1, 1, 1, -1, 1, -1, -1, -1)	3.4795619196855236	{'A__K': 6.8477696214561306, 'K__A': 6.8477696214561306, 'first__last': 0.11135421791491674, 'last__first': 0.11135421791491674}
0.00942477796076938	489	(1, 1, 1, 1, -1, 1, -1, -1, 1)	0.11244681049266694	{'A__K': 0.11353940307041714, 'K__A': 0.11353940307041714, 'first__last': 0.11135421791491674, 'last__first': 0.11135421791491674}
0.00942477796076938	492	(1, 1, 1, 1, -1, 1, 1, -1, -1)	3.519497479057851	{'A__K': 6.850099538608459, 'K__A': 6.850099538608459, 'first__last': 0.18889541950724303, 'last__first': 0.18889541950724303}
0.00942477796076938	493	(1, 1, 1, 1, -1, 1, 1, -1, 1)	0.176393941312476	{'A__K': 0.16389246311770897, 'K__A': 0.16389246311770897, 'first__last': 0.18889541950724303, 'last__first': 0.18889541950724303}
0.012566370614359173	488	(1, 1, 1, 1, -1, 1, -1, -1, -1)	4.664296535389068	{'A__K': 9.130636898048273, 'K__A': 9.130636898048273, 'first__last': 0.19795617272986424, 'last__first': 0.19795617272986424}
0.012566370614359173	489	(1, 1, 1, 1, -1, 1, -1, -1, 1)	0.19989811479483932	{'A__K': 0.20184005685981443, 'K__A': 0.20184005685981443, 'first__last': 0.19795617272986424, 'last__first': 0.19795617272986424}
0.012566370614359173	492	(1, 1, 1, 1, -1, 1, 1, -1, -1)	4.7359826752953245	{'A__K': 9.13615858209057, 'K__A': 9.13615858209057, 'first__last': 0.3358067685000787, 'last__first': 0.3358067685000787}
0.012566370614359173	493	(1, 1, 1, 1, -1, 1, 1, -1, 1)	0.3135828383616307	{'A__K': 0.29135890822318267, 'K__A': 0.29135890822318267, 'first__last': 0.3358067685000787, 'last__first': 0.3358067685000787}
0.015707963267948967	488	(1, 1, 1, 1, -1, 1, -1, -1, -1)	0.30929269638033274	{'first__last': 0.30929269638033274, 'last__first': 0.30929269638033274}
0.015707963267948967	489	(1, 1, 1, 1, -1, 1, -1, -1, 1)	0.3123260874233357	{'A__K': 0.3153594784663386, 'K__A': 0.3153594784663386, 'first__last': 0.30929269638033274, 'last__first': 0.30929269638033274}
0.015707963267948967	492	(1, 1, 1, 1, -1, 1, 1, -1, -1)	0.524683389177509	{'first__last': 0.524683389177509, 'last__first': 0.524683389177509}
0.015707963267948967	493	(1, 1, 1, 1, -1, 1, 1, -1, 1)	0.48996034648269127	{'A__K': 0.45523730378787347, 'K__A': 0.45523730378787347, 'first__last': 0.524683389177509, 'last__first': 0.524683389177509}
0.01884955592153876	488	(1, 1, 1, 1, -1, 1, -1, -1, -1)	0.44535715473859855	{'first__last': 0.44535715473859855, 'last__first': 0.44535715473859855}
0.01884955592153876	489	(1, 1, 1, 1, -1, 1, -1, -1, 1)	0.449723665418529	{'A__K': 0.4540901760984594, 'K__A': 0.4540901760984594, 'first__last': 0.44535715473859855, 'last__first': 0.44535715473859855}
0.01884955592153876	492	(1, 1, 1, 1, -1, 1, 1, -1, -1)	0.7555182318528977	{'first__last': 0.7555182318528977, 'last__first': 0.7555182318528977}
0.01884955592153876	493	(1, 1, 1, 1, -1, 1, 1, -1, 1)	0.7055203029712689	{'A__K': 0.65552237408964, 'K__A': 0.65552237408964, 'first__last': 0.7555182318528977, 'last__first': 0.7555182318528977}
0.021991148575128554	488	(1, 1, 1, 1, -1, 1, -1, -1, -1)	0.6061414405367033	{'first__last': 0.6061414405367033, 'last__first': 0.6061414405367033}
0.021991148575128554	489	(1, 1, 1, 1, -1, 1, -1, -1, 1)	0.6120822174307803	{'A__K': 0.6180229943248574, 'K__A': 0.6180229943248574, 'first__last': 0.6061414405367033, 'last__first': 0.6061414405367033}
0.021991148575128554	492	(1, 1, 1, 1, -1, 1, 1, -1, -1)	1.0283026800946173	{'first__last': 1.0283026800946173, 'last__first': 1.0283026800946173}
0.021991148575128554	493	(1, 1, 1, 1, -1, 1, 1, -1, 1)	0.9602551754298286	{'A__K': 0.8922076707650399, 'K__A': 0.8922076707650399, 'first__last': 1.0283026800946173, 'last__first': 1.0283026800946173}
0.025132741228718346	488	(1, 1, 1, 1, -1, 1, -1, -1, -1)	0.7916359740370182	{'first__last': 0.7916359740370182, 'last__first': 0.7916359740370182}
0.025132741228718346	489	(1, 1, 1, 1, -1, 1, -1, -1, 1)	0.7993915443771219	{'A__K': 0.8071471147172256, 'K__A': 0.8071471147172256, 'first__last': 0.7916359740370182, 'last__first': 0.7916359740370182}
0.025132741228718346	492	(1, 1, 1, 1, -1, 1, 1, -1, -1)	1.3430265506907921	{'first__last': 1.3430265506907921, 'last__first': 1.3430265506907921}
0.025132741228718346	493	(1, 1, 1, 1, -1, 1, 1, -1, 1)	1.2541560616055751	{'A__K': 1.1652855725203581, 'K__A': 1.1652855725203581, 'first__last': 1.3430265506907921, 'last__first': 1.3430265506907921}
0.02827433388230814	488	(1, 1, 1, 1, -1, 1, -1, -1, -1)	1.0018297038170476	{'first__last': 1.0018297038170476, 'last__first': 1.0018297038170476}
0.02827433388230814	489	(1, 1, 1, 1, -1, 1, -1, -1, 1)	1.0116398802478237	{'A__K': 1.0214500566786, 'K__A': 1.0214500566786, 'first__last': 1.0018297038170476, 'last__first': 1.0018297038170476}
0.02827433388230814	492	(1, 1, 1, 1, -1, 1, 1, -1, -1)	1.699678093554041	{'first__last': 1.699678093554041, 'last__first': 1.699678093554041}
0.02827433388230814	493	(1, 1, 1, 1, -1, 1, 1, -1, 1)	1.5872126892499563	{'A__K': 1.4747472849458718, 'K__A': 1.4747472849458718, 'first__last': 1.699678093554041, 'last__first': 1.699678093554041}
0.031415926535897934	488	(1, 1, 1, 1, -1, 1, -1, -1, -1)	1.2367101077011764	{'first__last': 1.2367101077011764, 'last__first': 1.2367101077011764}
0.031415926535897934	489	(1, 1, 1, 1, -1, 1, -1, -1, 1)	1.2488138930640589	{'A__K': 1.2609176784269411, 'K__A': 1.2609176784269411, 'first__last': 1.2367101077011764, 'last__first': 1.2367101077011764}
0.031415926535897934	492	(1, 1, 1, 1, -1, 1, 1, -1, -1)	2.0982439916457665	{'first__last': 2.0982439916457665, 'last__first': 2.0982439916457665}
0.031415926535897934	493	(1, 1, 1, 1, -1, 1, 1, -1, 1)	1.9594134159608858	{'A__K': 1.8205828402760054, 'K__A': 1.8205828402760054, 'first__last': 2.0982439916457665, 'last__first': 2.0982439916457665}
0.034557519189487726	488	(1, 1, 1, 1, -1, 1, -1, -1, -1)	1.4962631937220876	{'first__last': 1.4962631937220876, 'last__first': 1.4962631937220876}
0.034557519189487726	489	(1, 1, 1, 1, -1, 1, -1, -1, 1)	1.510898685875226	{'A__K': 1.5255341780283642, 'K__A': 1.5255341780283642, 'first__last': 1.4962631937220876, 'last__first': 1.4962631937220876}
0.034557519189487726	492	(1, 1, 1, 1, -1, 1, 1, -1, -1)	2.5387093607614295	{'first__last': 2.5387093607614295, 'last__first': 2.5387093607614295}
0.034557519189487726	493	(1, 1, 1, 1, -1, 1, 1, -1, 1)	2.3707452289074995	{'A__K': 2.2027810970535695, 'K__A': 2.2027810970535695, 'first__last': 2.5387093607614295, 'last__first': 2.5387093607614295}
0.03769911184307752	488	(1, 1, 1, 1, -1, 1, -1, -1, -1)	1.780473501335844	{'first__last': 1.780473501335844, 'last__first': 1.780473501335844}
0.03769911184307752	489	(1, 1, 1, 1, -1, 1, -1, -1, 1)	1.7978777979875984	{'A__K': 1.815282094639353, 'K__A': 1.815282094639353, 'first__last': 1.780473501335844, 'last__first': 1.780473501335844}
0.03769911184307752	492	(1, 1, 1, 1, -1, 1, 1, -1, -1)	3.0210577495687816	{'first__last': 3.0210577495687816, 'last__first': 3.0210577495687816}
0.03769911184307752	493	(1, 1, 1, 1, -1, 1, 1, -1, 1)	2.821193744697049	{'A__K': 2.6213297398253164, 'K__A': 2.6213297398253164, 'first__last': 3.0210577495687816, 'last__first': 3.0210577495687816}
0.04084070449666731	488	(1, 1, 1, 1, -1, 1, -1, -1, -1)	2.0893241026720517	{'first__last': 2.0893241026720517, 'last__first': 2.0893241026720517}
0.04084070449666731	489	(1, 1, 1, 1, -1, 1, -1, -1, 1)	2.1097332062260197	{'A__K': 2.130142309779987, 'K__A': 2.130142309779987, 'first__last': 2.0893241026720517, 'last__first': 2.0893241026720517}
0.04084070449666731	492	(1, 1, 1, 1, -1, 1, 1, -1, -1)	3.54527113936464	{'first__last': 3.54527113936464, 'last__first': 3.54527113936464}
0.04084070449666731	493	(1, 1, 1, 1, -1, 1, 1, -1, 1)	3.3107432090546762	{'A__K': 3.076215278744713, 'K__A': 3.076215278744713, 'first__last': 3.54527113936464, 'last__first': 3.54527113936464}
0.04398229715025711	488	(1, 1, 1, 1, -1, 1, -1, -1, -1)	2.4227966039232576	{'first__last': 2.4227966039232576, 'last__first': 2.4227966039232576}
0.04398229715025711	489	(1, 1, 1, 1, -1, 1, -1, -1, 1)	2.4464453263938823	{'A__K': 2.470094048864507, 'K__A': 2.470094048864507, 'first__last': 2.4227966039232576, 'last__first': 2.4227966039232576}
0.04398229715025711	492	(1, 1, 1, 1, -1, 1, 1, -1, -1)	4.111329943963825	{'first__last': 4.111329943963825, 'last__first': 4.111329943963825}
0.04398229715025711	493	(1, 1, 1, 1, -1, 1, 1, -1, 1)	3.83937649660644	{'A__K': 3.567423049249055, 'K__A': 3.567423049249055, 'first__last': 4.111329943963825, 'last__first': 4.111329943963825}
0.0471238898038469	488	(1, 1, 1, 1, -1, 1, -1, -1, -1)	2.780871146842603	{'first__last': 2.780871146842603, 'last__first': 2.780871146842603}
0.0471238898038469	489	(1, 1, 1, 1, -1, 1, -1, -1, 1)	2.807993014769398	{'A__K': 2.8351148826961934, 'K__A': 2.8351148826961934, 'first__last': 2.780871146842603, 'last__first': 2.780871146842603}
0.0471238898038469	492	(1, 1, 1, 1, -1, 1, 1, -1, -1)	4.719213009537175	{'first__last': 4.719213009537175, 'last__first': 4.719213009537175}
0.0471238898038469	493	(1, 1, 1, 1, -1, 1, 1, -1, 1)	4.407075110530488	{'A__K': 4.0949372115238, 'K__A': 4.0949372115238, 'first__last': 4.719213009537175, 'last__first': 4.719213009537175}
0.05026548245743669	488	(1, 1, 1, 1, -1, 1, -1, -1, -1)	3.163526410435432	{'first__last': 3.163526410435432, 'last__first': 3.163526410435432}
0.05026548245743669	489	(1, 1, 1, 1, -1, 1, -1, -1, 1)	3.1943535698453642	{'A__K': 3.225180729255297, 'K__A': 3.225180729255297, 'first__last': 3.163526410435432, 'last__first': 3.163526410435432}
0.05026548245743669	492	(1, 1, 1, 1, -1, 1, 1, -1, -1)	5.368897614469784	{'first__last': 5.368897614469784, 'last__first': 5.368897614469784}
0.05026548245743669	493	(1, 1, 1, 1, -1, 1, 1, -1, 1)	5.013819182314229	{'A__K': 4.658740750158674, 'K__A': 4.658740750158674, 'first__last': 5.368897614469784, 'last__first': 5.368897614469784}
0.053407075111026485	488	(1, 1, 1, 1, -1, 1, -1, -1, -1)	3.570739612621403	{'first__last': 3.570739612621403, 'last__first': 3.570739612621403}
0.053407075111026485	489	(1, 1, 1, 1, -1, 1, -1, -1, 1)	3.6055027340533865	{'A__K': 3.6402658554853704, 'K__A': 3.6402658554853704, 'first__last': 3.570739612621403, 'last__first': 3.570739612621403}
0.053407075111026485	492	(1, 1, 1, 1, -1, 1, 1, -1, -1)	6.0603594691473335	{'first__last': 6.0603594691473335, 'last__first': 6.0603594691473335}
0.053407075111026485	493	(1, 1, 1, 1, -1, 1, 1, -1, 1)	5.659587471363986	{'A__K': 5.258815473580639, 'K__A': 5.258815473580639, 'first__last': 6.0603594691473335, 'last__first': 6.0603594691473335}
0.05654866776461628	488	(1, 1, 1, 1, -1, 1, -1, -1, -1)	4.002486512154762	{'first__last': 4.002486512154762, 'last__first': 4.002486512154762}
0.05654866776461628	489	(1, 1, 1, 1, -1, 1, -1, -1, 1)	4.041414695694609	{'A__K': 4.080342879234455, 'K__A': 4.080342879234455, 'first__last': 4.002486512154762, 'last__first': 4.002486512154762}
0.05654866776461628	492	(1, 1, 1, 1, -1, 1, 1, -1, -1)	6.7935727157993755	{'first__last': 6.7935727157993755, 'last__first': 6.7935727157993755}
0.05654866776461628	493	(1, 1, 1, 1, -1, 1, 1, -1, 1)	6.344357364657792	{'A__K': 5.89514201351621, 'K__A': 5.89514201351621, 'first__last': 6.7935727157993755, 'last__first': 6.7935727157993755}
0.059690260418206076	488	(1, 1, 1, 1, -1, 1, -1, -1, -1)	4.458741410626962	{'first__last': 4.458741410626962, 'last__first': 4.458741410626962}
0.059690260418206076	489	(1, 1, 1, 1, -1, 1, -1, -1, 1)	4.502062091015582	{'A__K': 4.545382771404203, 'K__A': 4.545382771404203, 'first__last': 4.458741410626962, 'last__first': 4.458741410626962}
0.059690260418206076	492	(1, 1, 1, 1, -1, 1, 1, -1, -1)	7.5685099283048975	{'first__last': 7.5685099283048975, 'last__first': 7.5685099283048975}
0.059690260418206076	493	(1, 1, 1, 1, -1, 1, 1, -1, 1)	7.06810487641201	{'A__K': 6.567699824519122, 'K__A': 6.567699824519122, 'first__last': 7.5685099283048975, 'last__first': 7.5685099283048975}
0.06283185307179587	488	(1, 1, 1, 1, -1, 1, -1, -1, -1)	4.939477154567196	{'first__last': 4.939477154567196, 'last__first': 4.939477154567196}
0.06283185307179587	489	(1, 1, 1, 1, -1, 1, -1, -1, 1)	4.987416006322993	{'A__K': 5.035354858078792, 'K__A': 5.035354858078792, 'first__last': 4.939477154567196, 'last__first': 4.939477154567196}
0.06283185307179587	492	(1, 1, 1, 1, -1, 1, 1, -1, -1)	8.385142111986678	{'first__last': 8.385142111986678, 'last__first': 8.385142111986678}
0.06283185307179587	493	(1, 1, 1, 1, -1, 1, 1, -1, 1)	7.830804647634777	{'A__K': 7.276467183282875, 'K__A': 7.276467183282875, 'first__last': 8.385142111986678, 'last__first': 8.385142111986678}
0.06597344572538566	488	(1, 1, 1, 1, -1, 1, -1, -1, -1)	5.444665137666548	{'first__last': 5.444665137666548, 'last__first': 5.444665137666548}
0.06597344572538566	489	(1, 1, 1, 1, -1, 1, -1, -1, 1)	5.497445980298741	{'A__K': 5.550226822930933, 'K__A': 5.550226822930933, 'first__last': 5.444665137666548, 'last__first': 5.444665137666548}
0.06597344572538566	492	(1, 1, 1, 1, -1, 1, 1, -1, -1)	9.243438703413327	{'first__last': 9.243438703413327, 'last__first': 9.243438703413327}
0.06597344572538566	493	(1, 1, 1, 1, -1, 1, 1, -1, 1)	8.632429945763713	{'A__K': 8.021421188114099, 'K__A': 8.021421188114099, 'first__last': 9.243438703413327, 'last__first': 9.243438703413327}
0.06911503837897545	488	(1, 1, 1, 1, -1, 1, -1, -1, -1)	5.974275303156811	{'first__last': 5.974275303156811, 'last__first': 5.974275303156811}
0.06911503837897545	489	(1, 1, 1, 1, -1, 1, -1, -1, 1)	6.032120006401612	{'A__K': 6.089964709646412, 'K__A': 6.089964709646412, 'first__last': 5.974275303156811, 'last__first': 5.974275303156811}
0.06911503837897545	493	(1, 1, 1, 1, -1, 1, 1, -1, 1)	8.80253775826177	{'A__K': 8.80253775826177, 'K__A': 8.80253775826177}
0.07225663103256524	488	(1, 1, 1, 1, -1, 1, -1, -1, -1)	6.528276146201561	{'first__last': 6.528276146201561, 'last__first': 6.528276146201561}
0.07225663103256524	489	(1, 1, 1, 1, -1, 1, -1, -1, 1)	6.5914045353504225	{'A__K': 6.654532924499284, 'K__A': 6.654532924499284, 'first__last': 6.528276146201561, 'last__first': 6.528276146201561}
0.07225663103256524	493	(1, 1, 1, 1, -1, 1, 1, -1, 1)	9.619791633199444	{'A__K': 9.619791633199444, 'K__A': 9.619791633199444}
0.07539822368615504	488	(1, 1, 1, 1, -1, 1, -1, -1, -1)	7.10663471660378	{'first__last': 7.10663471660378, 'last__first': 7.10663471660378}
0.07539822368615504	489	(1, 1, 1, 1, -1, 1, -1, -1, 1)	7.17526447785121	{'A__K': 7.243894239098639, 'K__A': 7.243894239098639, 'first__last': 7.10663471660378, 'last__first': 7.10663471660378}
0.07853981633974483	488	(1, 1, 1, 1, -1, 1, -1, -1, -1)	7.7093166214059865	{'first__last': 7.7093166214059865, 'last__first': 7.7093166214059865}
0.07853981633974483	489	(1, 1, 1, 1, -1, 1, -1, -1, 1)	7.783663207286679	{'A__K': 7.858009793167371, 'K__A': 7.858009793167371, 'first__last': 7.7093166214059865, 'last__first': 7.7093166214059865}
0.08168140899333462	488	(1, 1, 1, 1, -1, 1, -1, -1, -1)	8.336286027783762	{'first__last': 8.336286027783762, 'last__first': 8.336286027783762}
0.08168140899333462	489	(1, 1, 1, 1, -1, 1, -1, -1, 1)	8.416562562685174	{'A__K': 8.496839097586586, 'K__A': 8.496839097586586, 'first__last': 8.336286027783762, 'last__first': 8.336286027783762}
0.08482300164692443	488	(1, 1, 1, 1, -1, 1, -1, -1, -1)	8.987505665978986	{'first__last': 8.987505665978986, 'last__first': 8.987505665978986}
0.08482300164692443	489	(1, 1, 1, 1, -1, 1, -1, -1, 1)	9.073922851680585	{'A__K': 9.160340037382184, 'K__A': 9.160340037382184, 'first__last': 8.987505665978986, 'last__first': 8.987505665978986}
0.08796459430051422	488	(1, 1, 1, 1, -1, 1, -1, -1, -1)	9.662936832314047	{'first__last': 9.662936832314047, 'last__first': 9.662936832314047}
0.08796459430051422	489	(1, 1, 1, 1, -1, 1, -1, -1, 1)	9.755702853666445	{'A__K': 9.848468875018844, 'K__A': 9.848468875018844, 'first__last': 9.662936832314047, 'last__first': 9.662936832314047}
1.1026990214100174	488	(1, 1, 1, 1, -1, 1, -1, -1, -1)	7.60938160082791	{'first__F_G': 7.60938160082791, 'F_G__first': 7.60938160082791}
1.1026990214100174	489	(1, 1, 1, 1, -1, 1, -1, -1, 1)	7.60938160082791	{'first__F_G': 7.60938160082791, 'F_G__first': 7.60938160082791}
1.1026990214100174	490	(1, 1, 1, 1, -1, 1, -1, 1, -1)	7.60938160082791	{'first__F_G': 7.60938160082791, 'F_G__first': 7.60938160082791}
1.1026990214100174	491	(1, 1, 1, 1, -1, 1, -1, 1, 1)	7.60938160082791	{'first__F_G': 7.60938160082791, 'F_G__first': 7.60938160082791}
1.1026990214100174	492	(1, 1, 1, 1, -1, 1, 1, -1, -1)	7.60938160082791	{'first__F_G': 7.60938160082791, 'F_G__first': 7.60938160082791}
1.1026990214100174	493	(1, 1, 1, 1, -1, 1, 1, -1, 1)	7.60938160082791	{'first__F_G': 7.60938160082791, 'F_G__first': 7.60938160082791}
1.1026990214100174	494	(1, 1, 1, 1, -1, 1, 1, 1, -1)	7.60938160082791	{'first__F_G': 7.60938160082791, 'F_G__first': 7.60938160082791}
1.1026990214100174	495	(1, 1, 1, 1, -1, 1, 1, 1, 1)	7.60938160082791	{'first__F_G': 7.60938160082791, 'F_G__first': 7.60938160082791}
1.1026990214100174	496	(1, 1, 1, 1, 1, -1, -1, -1, -1)	8.576731247882622	{'A__G': 9.544080894937332, 'G__A': 9.544080894937332, 'first__F_G': 7.60938160082791, 'F_G__first': 7.60938160082791}
1.1026990214100174	497	(1, 1, 1, 1, 1, -1, -1, -1, 1)	8.576731247882622	{'A__G': 9.544080894937332, 'G__A': 9.544080894937332, 'first__F_G': 7.60938160082791, 'F_G__first': 7.60938160082791}
1.1026990214100174	498	(1, 1, 1, 1, 1, -1, -1, 1, -1)	8.576731247882622	{'A__G': 9.544080894937332, 'G__A': 9.544080894937332, 'first__F_G': 7.60938160082791, 'F_G__first': 7.60938160082791}
1.1026990214100174	499	(1, 1, 1, 1, 1, -1, -1, 1, 1)	8.576731247882622	{'A__G': 9.544080894937332, 'G__A': 9.544080894937332, 'first__F_G': 7.60938160082791, 'F_G__first': 7.60938160082791}
1.1058406140636072	488	(1, 1, 1, 1, -1, 1, -1, -1, -1)	2.2352370848635372	{'first__F_G': 2.2352370848635372, 'F_G__first': 2.2352370848635372}
1.1058406140636072	489	(1, 1, 1, 1, -1, 1, -1, -1, 1)	2.2352370848635372	{'first__F_G': 2.2352370848635372, 'F_G__first': 2.2352370848635372}
1.1058406140636072	490	(1, 1, 1, 1, -1, 1, -1, 1, -1)	2.2352370848635372	{'first__F_G': 2.2352370848635372, 'F_G__first': 2.2352370848635372}
1.1058406140636072	491	(1, 1, 1, 1, -1, 1, -1, 1, 1)	2.2352370848635372	{'first__F_G': 2.2352370848635372, 'F_G__first': 2.2352370848635372}
1.1058406140636072	492	(1, 1, 1, 1, -1, 1, 1, -1, -1)	2.2352370848635372	{'first__F_G': 2.2352370848635372, 'F_G__first': 2.2352370848635372}
1.1058406140636072	493	(1, 1, 1, 1, -1, 1, 1, -1, 1)	2.2352370848635372	{'first__F_G': 2.2352370848635372, 'F_G__first': 2.2352370848635372}
1.1058406140636072	494	(1, 1, 1, 1, -1, 1, 1, 1, -1)	2.2352370848635372	{'first__F_G': 2.2352370848635372, 'F_G__first': 2.2352370848635372}
1.1058406140636072	495	(1, 1, 1, 1, -1, 1, 1, 1, 1)	2.2352370848635372	{'first__F_G': 2.2352370848635372, 'F_G__first': 2.2352370848635372}
1.1058406140636072	496	(1, 1, 1, 1, 1, -1, -1, -1, -1)	2.5186616439960154	{'A__G': 2.802086203128493, 'G__A': 2.802086203128493, 'first__F_G': 2.2352370848635372, 'F_G__first': 2.2352370848635372}
1.1058406140636072	497	(1, 1, 1, 1, 1, -1, -1, -1, 1)	2.5186616439960154	{'A__G': 2.802086203128493, 'G__A': 2.802086203128493, 'first__F_G': 2.2352370848635372, 'F_G__first': 2.2352370848635372}
1.1058406140636072	498	(1, 1, 1, 1, 1, -1, -1, 1, -1)	2.5186616439960154	{'A__G': 2.802086203128493, 'G__A': 2.802086203128493, 'first__F_G': 2.2352370848635372, 'F_G__first': 2.2352370848635372}
1.1058406140636072	499	(1, 1, 1, 1, 1, -1, -1, 1, 1)	2.5186616439960154	{'A__G': 2.802086203128493, 'G__A': 2.802086203128493, 'first__F_G': 2.2352370848635372, 'F_G__first': 2.2352370848635372}
1.108982206717197	488	(1, 1, 1, 1, -1, 1, -1, -1, -1)	3.1305329944492946	{'first__F_G': 3.1305329944492946, 'F_G__first': 3.1305329944492946}
1.108982206717197	489	(1, 1, 1, 1, -1, 1, -1, -1, 1)	3.1305329944492946	{'first__F_G': 3.1305329944492946, 'F_G__first': 3.1305329944492946}
1.108982206717197	490	(1, 1, 1, 1, -1, 1, -1, 1, -1)	3.1305329944492946	{'first__F_G': 3.1305329944492946, 'F_G__first': 3.1305329944492946}
1.108982206717197	491	(1, 1, 1, 1, -1, 1, -1, 1, 1)	3.1305329944492946	{'first__F_G': 3.1305329944492946, 'F_G__first': 3.1305329944492946}
1.108982206717197	492	(1, 1, 1, 1, -1, 1, 1, -1, -1)	3.1305329944492946	{'first__F_G': 3.1305329944492946, 'F_G__first': 3.1305329944492946}
1.108982206717197	493	(1, 1, 1, 1, -1, 1, 1, -1, 1)	3.1305329944492946	{'first__F_G': 3.1305329944492946, 'F_G__first': 3.1305329944492946}
1.108982206717197	494	(1, 1, 1, 1, -1, 1, 1, 1, -1)	3.1305329944492946	{'first__F_G': 3.1305329944492946, 'F_G__first': 3.1305329944492946}
1.108982206717197	495	(1, 1, 1, 1, -1, 1, 1, 1, 1)	3.1305329944492946	{'first__F_G': 3.1305329944492946, 'F_G__first': 3.1305329944492946}
1.108982206717197	496	(1, 1, 1, 1, 1, -1, -1, -1, -1)	3.526452303591599	{'A__G': 3.922371612733903, 'G__A': 3.922371612733903, 'first__F_G': 3.1305329944492946, 'F_G__first': 3.1305329944492946}
1.108982206717197	497	(1, 1, 1, 1, 1, -1, -1, -1, 1)	3.526452303591599	{'A__G': 3.922371612733903, 'G__A': 3.922371612733903, 'first__F_G': 3.1305329944492946, 'F_G__first': 3.1305329944492946}
1.108982206717197	498	(1, 1, 1, 1, 1, -1, -1, 1, -1)	3.526452303591599	{'A__G': 3.922371612733903, 'G__A': 3.922371612733903, 'first__F_G': 3.1305329944492946, 'F_G__first': 3.1305329944492946}
1.108982206717197	499	(1, 1, 1, 1, 1, -1, -1, 1, 1)	3.526452303591599	{'A__G': 3.922371612733903, 'G__A': 3.922371612733903, 'first__F_G': 3.1305329944492946, 'F_G__first': 3.1305329944492946}
1.1121237993707869	488	(1, 1, 1, 1, -1, 1, -1, -1, -1)	8.487796263320886	{'first__F_G': 8.487796263320886, 'F_G__first': 8.487796263320886}
1.1121237993707869	489	(1, 1, 1, 1, -1, 1, -1, -1, 1)	8.487796263320886	{'first__F_G': 8.487796263320886, 'F_G__first': 8.487796263320886}
1.1121237993707869	490	(1, 1, 1, 1, -1, 1, -1, 1, -1)	8.487796263320886	{'first__F_G': 8.487796263320886, 'F_G__first': 8.487796263320886}
1.1121237993707869	491	(1, 1, 1, 1, -1, 1, -1, 1, 1)	8.487796263320886	{'first__F_G': 8.487796263320886, 'F_G__first': 8.487796263320886}
1.1121237993707869	492	(1, 1, 1, 1, -1, 1, 1, -1, -1)	8.487796263320886	{'first__F_G': 8.487796263320886, 'F_G__first': 8.487796263320886}
1.1121237993707869	493	(1, 1, 1, 1, -1, 1, 1, -1, 1)	8.487796263320886	{'first__F_G': 8.487796263320886, 'F_G__first': 8.487796263320886}
1.1121237993707869	494	(1, 1, 1, 1, -1, 1, 1, 1, -1)	8.487796263320886	{'first__F_G': 8.487796263320886, 'F_G__first': 8.487796263320886}
1.1121237993707869	495	(1, 1, 1, 1, -1, 1, 1, 1, 1)	8.487796263320886	{'first__F_G': 8.487796263320886, 'F_G__first': 8.487796263320886}
1.1121237993707869	496	(1, 1, 1, 1, 1, -1, -1, -1, -1)	8.487796263320886	{'first__F_G': 8.487796263320886, 'F_G__first': 8.487796263320886}
1.1121237993707869	497	(1, 1, 1, 1, 1, -1, -1, -1, 1)	8.487796263320886	{'first__F_G': 8.487796263320886, 'F_G__first': 8.487796263320886}
1.1121237993707869	498	(1, 1, 1, 1, 1, -1, -1, 1, -1)	8.487796263320886	{'first__F_G': 8.487796263320886, 'F_G__first': 8.487796263320886}
1.1121237993707869	499	(1, 1, 1, 1, 1, -1, -1, 1, 1)	8.487796263320886	{'first__F_G': 8.487796263320886, 'F_G__first': 8.487796263320886}
1.460840583919254	488	(1, 1, 1, 1, -1, 1, -1, -1, -1)	6.443253308933025	{'A__F': 6.443253308933025, 'F__A': 6.443253308933025}
1.460840583919254	489	(1, 1, 1, 1, -1, 1, -1, -1, 1)	6.443253308933025	{'A__F': 6.443253308933025, 'F__A': 6.443253308933025}
1.460840583919254	490	(1, 1, 1, 1, -1, 1, -1, 1, -1)	6.443253308933025	{'A__F': 6.443253308933025, 'F__A': 6.443253308933025}
1.460840583919254	491	(1, 1, 1, 1, -1, 1, -1, 1, 1)	6.443253308933025	{'A__F': 6.443253308933025, 'F__A': 6.443253308933025}
1.460840583919254	492	(1, 1, 1, 1, -1, 1, 1, -1, -1)	6.443253308933025	{'A__F': 6.443253308933025, 'F__A': 6.443253308933025}
1.460840583919254	493	(1, 1, 1, 1, -1, 1, 1, -1, 1)	6.443253308933025	{'A__F': 6.443253308933025, 'F__A': 6.443253308933025}
1.460840583919254	494	(1, 1, 1, 1, -1, 1, 1, 1, -1)	6.443253308933025	{'A__F': 6.443253308933025, 'F__A': 6.443253308933025}
1.460840583919254	495	(1, 1, 1, 1, -1, 1, 1, 1, 1)	6.443253308933025	{'A__F': 6.443253308933025, 'A__K': 8.947958778246075, 'F__A': 6.443253308933025, 'F__K': 6.443253308873954, 'K__A': 8.947958778246075, 'K__F': 6.443253308873954}
1.460840583919254	496	(1, 1, 1, 1, 1, -1, -1, -1, -1)	6.443253308933025	{'A__F': 6.443253308933025, 'B__G': 6.4432533089376465, 'F__A': 6.443253308933025, 'F__K': 6.443253308923578, 'G__B': 6.4432533089376465, 'K__F': 6.443253308923578}
1.460840583919254	497	(1, 1, 1, 1, 1, -1, -1, -1, 1)	6.443253308935336	{'A__F': 6.443253308933025, 'B__G': 6.4432533089376465, 'F__A': 6.443253308933025, 'G__B': 6.4432533089376465}
1.460840583919254	498	(1, 1, 1, 1, 1, -1, -1, 1, -1)	6.443253308935336	{'A__F': 6.443253308933025, 'B__G': 6.4432533089376465, 'F__A': 6.443253308933025, 'G__B': 6.4432533089376465}
1.460840583919254	499	(1, 1, 1, 1, 1, -1, -1, 1, 1)	6.443253308935336	{'A__F': 6.443253308933025, 'B__G': 6.4432533089376465, 'F__A': 6.443253308933025, 'G__B': 6.4432533089376465}
1.4639821765728436	488	(1, 1, 1, 1, -1, 1, -1, -1, -1)	1.605164605409728	{'A__F': 1.605164605409728, 'F__A': 1.605164605409728}
1.4639821765728436	489	(1, 1, 1, 1, -1, 1, -1, -1, 1)	1.605164605409728	{'A__F': 1.605164605409728, 'F__A': 1.605164605409728}
1.4639821765728436	490	(1, 1, 1, 1, -1, 1, -1, 1, -1)	1.605164605409728	{'A__F': 1.605164605409728, 'F__A': 1.605164605409728}
1.4639821765728436	491	(1, 1, 1, 1, -1, 1, -1, 1, 1)	1.605164605409728	{'A__F': 1.605164605409728, 'F__A': 1.605164605409728}
1.4639821765728436	492	(1, 1, 1, 1, -1, 1, 1, -1, -1)	1.605164605409728	{'A__F': 1.605164605409728, 'F__A': 1.605164605409728}
1.4639821765728436	493	(1, 1, 1, 1, -1, 1, 1, -1, 1)	1.605164605409728	{'A__F': 1.605164605409728, 'F__A': 1.605164605409728}
1.4639821765728436	494	(1, 1, 1, 1, -1, 1, 1, 1, -1)	1.605164605409728	{'A__F': 1.605164605409728, 'F__A': 1.605164605409728}
1.4639821765728436	495	(1, 1, 1, 1, -1, 1, 1, 1, 1)	1.605164605409728	{'A__F': 1.605164605409728, 'A__K': 2.231119054042882, 'F__A': 1.605164605409728, 'F__K': 1.6051646053837825, 'K__A': 2.231119054042882, 'K__F': 1.6051646053837825}
1.4639821765728436	496	(1, 1, 1, 1, 1, -1, -1, -1, -1)	1.605164605415971	{'A__F': 1.605164605409728, 'A__K': 2.6052898523823935, 'B__G': 1.6051646054222137, 'F__A': 1.605164605409728, 'F__K': 1.6051646053902058, 'G__B': 1.6051646054222137, 'K__A': 2.6052898523823935, 'K__F': 1.6051646053902058}
1.4639821765728436	497	(1, 1, 1, 1, 1, -1, -1, -1, 1)	1.605164605415971	{'A__F': 1.605164605409728, 'B__G': 1.6051646054222137, 'F__A': 1.605164605409728, 'G__B': 1.6051646054222137}
1.4639821765728436	498	(1, 1, 1, 1, 1, -1, -1, 1, -1)	1.605164605415971	{'A__F': 1.605164605409728, 'B__G': 1.6051646054222137, 'F__A': 1.605164605409728, 'G__B': 1.6051646054222137}
1.4639821765728436	499	(1, 1, 1, 1, 1, -1, -1, 1, 1)	1.605164605415971	{'A__F': 1.605164605409728, 'B__G': 1.6051646054222137, 'F__A': 1.605164605409728, 'G__B': 1.6051646054222137}
1.4671237692264334	488	(1, 1, 1, 1, -1, 1, -1, -1, -1)	3.2194755338204106	{'A__F': 3.2194755338204106, 'F__A': 3.2194755338204106}
1.4671237692264334	489	(1, 1, 1, 1, -1, 1, -1, -1, 1)	3.2194755338204106	{'A__F': 3.2194755338204106, 'F__A': 3.2194755338204106}
1.4671237692264334	490	(1, 1, 1, 1, -1, 1, -1, 1, -1)	3.2194755338204106	{'A__F': 3.2194755338204106, 'F__A': 3.2194755338204106}
1.4671237692264334	491	(1, 1, 1, 1, -1, 1, -1, 1, 1)	3.2194755338204106	{'A__F': 3.2194755338204106, 'F__A': 3.2194755338204106}
1.4671237692264334	492	(1, 1, 1, 1, -1, 1, 1, -1, -1)	3.2194755338204106	{'A__F': 3.2194755338204106, 'F__A': 3.2194755338204106}
1.4671237692264334	493	(1, 1, 1, 1, -1, 1, 1, -1, 1)	3.2194755338204106	{'A__F': 3.2194755338204106, 'F__A': 3.2194755338204106}
1.4671237692264334	494	(1, 1, 1, 1, -1, 1, 1, 1, -1)	3.2194755338204106	{'A__F': 3.2194755338204106, 'F__A': 3.2194755338204106}
1.4671237692264334	495	(1, 1, 1, 1, -1, 1, 1, 1, 1)	3.2194755338327523	{'A__F': 3.2194755338204106, 'A__K': 4.478875203020493, 'F__A': 3.2194755338204106, 'F__K': 3.2194755338327523, 'K__A': 4.478875203020493, 'K__F': 3.2194755338327523}
1.4671237692264334	496	(1, 1, 1, 1, 1, -1, -1, -1, -1)	3.2194755338318286	{'A__F': 3.2194755338204106, 'A__K': 5.222714611920633, 'B__G': 3.21947553381415, 'F__A': 3.2194755338204106, 'F__K': 3.2194755338432466, 'G__B': 3.21947553381415, 'K__A': 5.222714611920633, 'K__F': 3.2194755338432466}
1.4671237692264334	497	(1, 1, 1, 1, 1, -1, -1, -1, 1)	3.2194755338172802	{'A__F': 3.2194755338204106, 'B__G': 3.21947553381415, 'F__A': 3.2194755338204106, 'G__B': 3.21947553381415}
1.4671237692264334	498	(1, 1, 1, 1, 1, -1, -1, 1, -1)	3.2194755338172802	{'A__F': 3.2194755338204106, 'B__G': 3.21947553381415, 'F__A': 3.2194755338204106, 'G__B': 3.21947553381415}
1.4671237692264334	499	(1, 1, 1, 1, 1, -1, -1, 1, 1)	3.2194755338172802	{'A__F': 3.2194755338204106, 'B__G': 3.21947553381415, 'F__A': 3.2194755338204106, 'G__B': 3.21947553381415}
1.4702653618800232	488	(1, 1, 1, 1, -1, 1, -1, -1, -1)	8.030604477237338	{'A__F': 8.030604477237338, 'F__A': 8.030604477237338}
1.4702653618800232	489	(1, 1, 1, 1, -1, 1, -1, -1, 1)	8.030604477237338	{'A__F': 8.030604477237338, 'F__A': 8.030604477237338}
1.4702653618800232	490	(1, 1, 1, 1, -1, 1, -1, 1, -1)	8.030604477237338	{'A__F': 8.030604477237338, 'F__A': 8.030604477237338}
1.4702653618800232	491	(1, 1, 1, 1, -1, 1, -1, 1, 1)	8.030604477237338	{'A__F': 8.030604477237338, 'F__A': 8.030604477237338}
1.4702653618800232	492	(1, 1, 1, 1, -1, 1, 1, -1, -1)	8.030604477237338	{'A__F': 8.030604477237338, 'F__A': 8.030604477237338}
1.4702653618800232	493	(1, 1, 1, 1, -1, 1, 1, -1, 1)	8.030604477237338	{'A__F': 8.030604477237338, 'F__A': 8.030604477237338}
1.4702653618800232	494	(1, 1, 1, 1, -1, 1, 1, 1, -1)	8.030604477237338	{'A__F': 8.030604477237338, 'F__A': 8.030604477237338}
1.4702653618800232	495	(1, 1, 1, 1, -1, 1, 1, 1, 1)	8.030604477253299	{'A__F': 8.030604477237338, 'F__A': 8.030604477237338, 'F__K': 8.03060447726926, 'K__F': 8.03060447726926}
1.4702653618800232	496	(1, 1, 1, 1, 1, -1, -1, -1, -1)	8.030604477237338	{'A__F': 8.030604477237338, 'B__G': 8.030604477229083, 'F__A': 8.030604477237338, 'F__K': 8.030604477284793, 'G__B': 8.030604477229083, 'K__F': 8.030604477284793}
1.4702653618800232	497	(1, 1, 1, 1, 1, -1, -1, -1, 1)	8.030604477233211	{'A__F': 8.030604477237338, 'B__G': 8.030604477229083, 'F__A': 8.030604477237338, 'G__B': 8.030604477229083}
1.4702653618800232	498	(1, 1, 1, 1, 1, -1, -1, 1, -1)	8.030604477233211	{'A__F': 8.030604477237338, 'B__G': 8.030604477229083, 'F__A': 8.030604477237338, 'G__B': 8.030604477229083}
1.4702653618800232	499	(1, 1, 1, 1, 1, -1, -1, 1, 1)	8.030604477233211	{'A__F': 8.030604477237338, 'B__G': 8.030604477229083, 'F__A': 8.030604477237338, 'G__B': 8.030604477229083}
