1.6179202165987436	66	(-1, -1, 1, -1, -1, -1, -1, 1, -1)	6.0758854066936525	{'C__J': 6.0758854066936525, 'J__C': 6.0758854066936525}
1.6179202165987436	67	(-1, -1, 1, -1, -1, -1, -1, 1, 1)	6.0758854066936525	{'C__J': 6.0758854066936525, 'J__C': 6.0758854066936525}
1.6210618092523335	66	(-1, -1, 1, -1, -1, -1, -1, 1, -1)	0.941774005123272	{'C__J': 0.941774005123272, 'J__C': 0.941774005123272}
1.6210618092523335	67	(-1, -1, 1, -1, -1, -1, -1, 1, 1)	0.941774005123272	{'C__J': 0.941774005123272, 'J__C': 0.941774005123272}
1.624203401905923	66	(-1, -1, 1, -1, -1, -1, -1, 1, -1)	7.937456122570613	{'C__J': 7.937456122570613, 'J__C': 7.937456122570613}
1.624203401905923	67	(-1, -1, 1, -1, -1, -1, -1, 1, 1)	7.937456122570613	{'C__J': 7.937456122570613, 'J__C': 7.937456122570613}
1.963495408493621	66	(-1, -1, 1, -1, -1, -1, -1, 1, -1)	6.9960919909084955	{'B__K': 6.9960919909084955, 'K__B': 6.9960919909084955}
1.9666370011472105	66	(-1, -1, 1, -1, -1, -1, -1, 1, -1)	3.331351125109618	{'B__K': 3.331351125109618, 'K__B': 3.331351125109618}
1.9697785938008003	66	(-1, -1, 1, -1, -1, -1, -1, 1, -1)	0.2916234128029189	{'B__K': 0.2916234128029189, 'K__B': 0.2916234128029189}
1.9729201864543902	66	(-1, -1, 1, -1, -1, -1, -1, 1, -1)	3.8726100030856077	{'B__K': 3.8726100030856077, 'K__B': 3.8726100030856077}
1.97606177910798	66	(-1, -1, 1, -1, -1, -1, -1, 1, -1)	7.411390660888038	{'B__K': 7.411390660888038, 'K__B': 7.411390660888038}
