0.0	182	(-1, 1, -1, 1, 1, -1, 1, 1, -1)	4.391250374145027e-12	{'A__K': 2.9558577807620168e-12, 'K__A': 2.9558577807620168e-12, 'first__last': 5.826642967528037e-12, 'last__first': 5.826642967528037e-12}
0.0	183	(-1, 1, -1, 1, 1, -1, 1, 1, 1)	4.391250374145027e-12	{'A__K': 2.9558577807620168e-12, 'K__A': 2.9558577807620168e-12, 'first__last': 5.826642967528037e-12, 'last__first': 5.826642967528037e-12}
0.0	184	(-1, 1, -1, 1, 1, 1, -1, -1, -1)	4.391250374145027e-12	{'A__K': 2.9558577807620168e-12, 'K__A': 2.9558577807620168e-12, 'first__last': 5.826642967528037e-12, 'last__first': 5.826642967528037e-12}
0.0	185	(-1, 1, -1, 1, 1, 1, -1, -1, 1)	4.391250374145027e-12	{'A__K': 2.9558577807620168e-12, 'K__A': 2.9558577807620168e-12, 'first__last': 5.826642967528037e-12, 'last__first': 5.826642967528037e-12}
0.0	186	(-1, 1, -1, 1, 1, 1, -1, 1, -1)	4.391250374145027e-12	{'A__K': 2.9558577807620168e-12, 'K__A': 2.9558577807620168e-12, 'first__last': 5.826642967528037e-12, 'last__first': 5.826642967528037e-12}
0.0	187	(-1, 1, -1, 1, 1, 1, -1, 1, 1)	4.391250374145027e-12	{'A__K': 2.9558577807620168e-12, 'K__A': 2.9558577807620168e-12, 'first__last': 5.826642967528037e-12, 'last__first': 5.826642967528037e-12}
0.0	188	(-1, 1, -1, 1, 1, 1, 1, -1, -1)	4.391250374145027e-12	{'A__K': 2.9558577807620168e-12, 'K__A': 2.9558577807620168e-12, 'first__last': 5.826642967528037e-12, 'last__first': 5.826642967528037e-12}
0.0	189	(-1, 1, -1, 1, 1, 1, 1, -1, 1)	4.391250374145027e-12	{'A__K': 2.9558577807620168e-12, 'K__A': 2.9558577807620168e-12, 'first__last': 5.826642967528037e-12, 'last__first': 5.826642967528037e-12}
0.0	190	(-1, 1, -1, 1, 1, 1, 1, 1, -1)	4.391250374145027e-12	{'A__K': 2.9558577807620168e-12, 'K__A': 2.9558577807620168e-12, 'first__last': 5.826642967528037e-12, 'last__first': 5.826642967528037e-12}
0.0	191	(-1, 1, -1, 1, 1, 1, 1, 1, 1)	4.391250374145027e-12	{'A__K': 2.9558577807620168e-12, 'K__A': 2.9558577807620168e-12, 'first__last': 5.826642967528037e-12, 'last__first': 5.826642967528037e-12}
0.0	192	(-1, 1, 1, -1, -1, -1, -1, -1, -1)	4.391250374145027e-12	{'A__K': 2.9558577807620168e-12, 'K__A': 2.9558577807620168e-12, 'first__last': 5.826642967528037e-12, 'last__first': 5.826642967528037e-12}
0.0	193	(-1, 1, 1, -1, -1, -1, -1, -1, 1)	4.391250374145027e-12	{'A__K': 2.9558577807620168e-12, 'K__A': 2.9558577807620168e-12, 'first__last': 5.826642967528037e-12, 'last__first': 5.826642967528037e-12}
0.0	194	(-1, 1, 1, -1, -1, -1, -1, 1, -1)	4.391250374145027e-12	{'A__K': 2.9558577807620168e-12, 'K__A': 2.9558577807620168e-12, 'first__last': 5.826642967528037e-12, 'last__first': 5.826642967528037e-12}
0.0031415926535897933	182	(-1, 1, -1, 1, 1, -1, 1, 1, -1)	3.257487859078327	{'A__K': 1.4110609586384828, 'K__A': 1.4110609586384828, 'first__last': 5.1039147595181715, 'last__first': 5.1039147595181715}
0.0031415926535897933	183	(-1, 1, -1, 1, 1, -1, 1, 1, 1)	4.3985796618756	{'A__K': 3.693244564233029, 'K__A': 3.693244564233029, 'first__last': 5.1039147595181715, 'last__first': 5.1039147595181715}
0.0031415926535897933	184	(-1, 1, -1, 1, 1, 1, -1, -1, -1)	5.975684398973206	{'A__K': 3.6932410837884975, 'K__A': 3.6932410837884975, 'first__last': 8.258127714157913, 'last__first': 8.258127714157913}
0.0031415926535897933	185	(-1, 1, -1, 1, 1, 1, -1, -1, 1)	7.116877449870092	{'A__K': 5.975627185582271, 'K__A': 5.975627185582271, 'first__last': 8.258127714157913, 'last__first': 8.258127714157913}
0.0031415926535897933	188	(-1, 1, -1, 1, 1, 1, 1, -1, -1)	5.975958066403084	{'A__K': 3.693656544050486, 'K__A': 3.693656544050486, 'first__last': 8.258259588755683, 'last__first': 8.258259588755683}
0.0031415926535897933	189	(-1, 1, -1, 1, 1, 1, 1, -1, 1)	7.117006194789749	{'A__K': 5.975752800823815, 'K__A': 5.975752800823815, 'first__last': 8.258259588755683, 'last__first': 8.258259588755683}
0.0031415926535897933	192	(-1, 1, 1, -1, -1, -1, -1, -1, -1)	8.25813733372875	{'first__last': 8.25813733372875, 'last__first': 8.25813733372875}
0.0031415926535897933	193	(-1, 1, 1, -1, -1, -1, -1, -1, 1)	8.963435824775896	{'A__K': 9.668734315823043, 'K__A': 9.668734315823043, 'first__last': 8.25813733372875, 'last__first': 8.25813733372875}
0.0031415926535897933	194	(-1, 1, 1, -1, -1, -1, -1, 1, -1)	3.8598139861429743	{'A__K': 4.5651212731937285, 'K__A': 4.5651212731937285, 'first__last': 3.15450669909222, 'last__first': 3.15450669909222}
0.006283185307179587	182	(-1, 1, -1, 1, 1, -1, 1, 1, -1)	2.8245082928454814	{'A__K': 2.8245082928454814, 'K__A': 2.8245082928454814}
0.006283185307179587	183	(-1, 1, -1, 1, 1, -1, 1, 1, 1)	7.386974512524277	{'A__K': 7.386974512524277, 'K__A': 7.386974512524277}
0.006283185307179587	184	(-1, 1, -1, 1, 1, 1, -1, -1, -1)	7.386946674407228	{'A__K': 7.386946674407228, 'K__A': 7.386946674407228}
0.006283185307179587	188	(-1, 1, -1, 1, 1, 1, 1, -1, -1)	7.390269377006261	{'A__K': 7.390269377006261, 'K__A': 7.390269377006261}
0.006283185307179587	194	(-1, 1, 1, -1, -1, -1, -1, 1, -1)	7.720492744347419	{'A__K': 9.13096209263489, 'K__A': 9.13096209263489, 'first__last': 6.310023396059948, 'last__first': 6.310023396059948}
0.00942477796076938	182	(-1, 1, -1, 1, 1, -1, 1, 1, -1)	4.242721289234331	{'A__K': 4.242721289234331, 'K__A': 4.242721289234331}
0.00942477796076938	194	(-1, 1, 1, -1, -1, -1, -1, 1, -1)	9.46755944145261	{'first__last': 9.46755944145261, 'last__first': 9.46755944145261}
0.012566370614359173	182	(-1, 1, -1, 1, 1, -1, 1, 1, -1)	5.668065140014539	{'A__K': 5.668065140014539, 'K__A': 5.668065140014539}
0.015707963267948967	182	(-1, 1, -1, 1, 1, -1, 1, 1, -1)	7.102884102429546	{'A__K': 7.102884102429546, 'K__A': 7.102884102429546}
0.01884955592153876	182	(-1, 1, -1, 1, 1, -1, 1, 1, -1)	8.549494900320918	{'A__K': 8.549494900320918, 'K__A': 8.549494900320918}
0.8356636458548851	191	(-1, 1, -1, 1, 1, 1, 1, 1, 1)	9.17360071932076	{'D__K': 9.17360071932076, 'K__D': 9.17360071932076}
0.8356636458548851	192	(-1, 1, 1, -1, -1, -1, -1, -1, -1)	9.173600719284156	{'D__K': 9.173600719284156, 'K__D': 9.173600719284156}
0.8388052385084748	191	(-1, 1, -1, 1, 1, 1, 1, 1, 1)	0.8313063440897133	{'D__K': 0.8313063440897133, 'K__D': 0.8313063440897133}
0.8388052385084748	192	(-1, 1, 1, -1, -1, -1, -1, -1, -1)	0.8313063441150546	{'D__K': 0.8313063441150546, 'K__D': 0.8313063441150546}
0.8419468311620646	191	(-1, 1, -1, 1, 1, 1, 1, 1, 1)	7.49450470151741	{'D__K': 7.49450470151741, 'K__D': 7.49450470151741}
0.8419468311620646	192	(-1, 1, 1, -1, -1, -1, -1, -1, -1)	7.4945047015317785	{'D__K': 7.4945047015317785, 'K__D': 7.4945047015317785}
