2.023993632179778	0	(-1, -1, -1, -1, -1, -1, -1, -1, -1)	9.096908327177399
2.023993632179778	1	(-1, -1, -1, -1, -1, -1, -1, -1, 1)	9.088443912358775
2.023993632179778	2	(-1, -1, -1, -1, -1, -1, -1, 1, -1)	9.094263197540009
2.023993632179778	3	(-1, -1, -1, -1, -1, -1, -1, 1, 1)	9.094263197540009
2.023993632179778	4	(-1, -1, -1, -1, -1, -1, 1, -1, -1)	9.081793300712395
2.023993632179778	5	(-1, -1, -1, -1, -1, -1, 1, -1, 1)	9.081793300712395
2.023993632179778	6	(-1, -1, -1, -1, -1, -1, 1, 1, -1)	9.065166771609302
2.023993632179778	7	(-1, -1, -1, -1, -1, -1, 1, 1, 1)	9.078098516470682
2.023993632179778	8	(-1, -1, -1, -1, -1, 1, -1, -1, -1)	9.081793300722373
2.023993632179778	9	(-1, -1, -1, -1, -1, 1, -1, -1, 1)	9.065166771614914
2.023993632179778	10	(-1, -1, -1, -1, -1, 1, -1, 1, -1)	9.088443912358738
2.023993632179778	11	(-1, -1, -1, -1, -1, 1, -1, 1, 1)	9.088443912358738
2.023993632179778	12	(-1, -1, -1, -1, -1, 1, 1, -1, -1)	9.088443912358738
2.023993632179778	13	(-1, -1, -1, -1, -1, 1, 1, -1, 1)	9.088443912358738
2.023993632179778	14	(-1, -1, -1, -1, -1, 1, 1, 1, -1)	9.081793300722818
2.023993632179778	15	(-1, -1, -1, -1, -1, 1, 1, 1, 1)	9.094263197554172
2.023993632179778	16	(-1, -1, -1, -1, 1, -1, -1, -1, -1)	9.08179330072525
2.023993632179778	17	(-1, -1, -1, -1, 1, -1, -1, -1, 1)	9.065166771617463
2.023993632179778	18	(-1, -1, -1, -1, 1, -1, -1, 1, -1)	9.065166771608938
2.023993632179778	19	(-1, -1, -1, -1, 1, -1, -1, 1, 1)	9.065166771608938
2.023993632179778	20	(-1, -1, -1, -1, 1, -1, 1, -1, -1)	9.065166771608938
2.023993632179778	21	(-1, -1, -1, -1, 1, -1, 1, -1, 1)	9.065166771608938
2.023993632179778	22	(-1, -1, -1, -1, 1, -1, 1, 1, -1)	9.041889630865827
2.023993632179778	23	(-1, -1, -1, -1, 1, -1, 1, 1, 1)	9.065166771617506
2.023993632179778	24	(-1, -1, -1, -1, 1, 1, -1, -1, -1)	8.905032488603535
2.023993632179778	25	(-1, -1, -1, -1, 1, 1, -1, -1, 1)	8.865529633350574
2.023993632179778	26	(-1, -1, -1, -1, 1, 1, -1, 1, -1)	9.04188963085945
2.023993632179778	27	(-1, -1, -1, -1, 1, 1, -1, 1, 1)	9.04188963085945
2.023993632179778	28	(-1, -1, -1, -1, 1, 1, 1, -1, -1)	9.065166771605208
2.023993632179778	29	(-1, -1, -1, -1, 1, 1, 1, -1, 1)	9.065166771605208
2.023993632179778	30	(-1, -1, -1, -1, 1, 1, 1, 1, -1)	9.065166771613944
2.023993632179778	31	(-1, -1, -1, -1, 1, 1, 1, 1, 1)	9.078098516476802
2.023993632179778	32	(-1, -1, -1, 1, -1, -1, -1, -1, -1)	9.081793300708693
2.023993632179778	33	(-1, -1, -1, 1, -1, -1, -1, -1, 1)	9.065166771602668
2.023993632179778	34	(-1, -1, -1, 1, -1, -1, -1, 1, -1)	9.065166771599145
2.023993632179778	35	(-1, -1, -1, 1, -1, -1, -1, 1, 1)	9.065166771599145
2.023993632179778	36	(-1, -1, -1, 1, -1, -1, 1, -1, -1)	9.02637153702022
2.023993632179778	37	(-1, -1, -1, 1, -1, -1, 1, -1, 1)	9.02637153702022
2.023993632179778	38	(-1, -1, -1, 1, -1, -1, 1, 1, -1)	9.006973919736637
2.023993632179778	39	(-1, -1, -1, 1, -1, -1, 1, 1, 1)	9.04188963086202
2.023993632179778	40	(-1, -1, -1, 1, -1, 1, -1, -1, -1)	9.065166771604563
2.023993632179778	41	(-1, -1, -1, 1, -1, 1, -1, -1, 1)	9.026371537023808
2.023993632179778	42	(-1, -1, -1, 1, -1, 1, -1, 1, -1)	9.065166771599673
2.023993632179778	43	(-1, -1, -1, 1, -1, 1, -1, 1, 1)	9.065166771599673
2.023993632179778	44	(-1, -1, -1, 1, -1, 1, 1, -1, -1)	9.065166771599673
2.023993632179778	45	(-1, -1, -1, 1, -1, 1, 1, -1, 1)	9.065166771599673
2.023993632179778	46	(-1, -1, -1, 1, -1, 1, 1, 1, -1)	9.065166771613798
2.023993632179778	47	(-1, -1, -1, 1, -1, 1, 1, 1, 1)	9.08844391236281
2.023993632179778	48	(-1, -1, -1, 1, 1, -1, -1, -1, -1)	9.088443912361544
2.023993632179778	49	(-1, -1, -1, 1, 1, -1, -1, -1, 1)	9.065166771610023
2.023993632179778	50	(-1, -1, -1, 1, 1, -1, -1, 1, -1)	9.065166771599673
2.023993632179778	51	(-1, -1, -1, 1, 1, -1, -1, 1, 1)	9.065166771599673
2.023993632179778	52	(-1, -1, -1, 1, 1, -1, 1, -1, -1)	9.065166771599673
2.023993632179778	53	(-1, -1, -1, 1, 1, -1, 1, -1, 1)	9.065166771599673
2.023993632179778	54	(-1, -1, -1, 1, 1, -1, 1, 1, -1)	9.02637153703114
2.023993632179778	55	(-1, -1, -1, 1, 1, -1, 1, 1, 1)	9.065166771619241
2.023993632179778	56	(-1, -1, -1, 1, 1, 1, -1, -1, -1)	9.065166771608796
2.023993632179778	57	(-1, -1, -1, 1, 1, 1, -1, -1, 1)	9.041889630857508
2.023993632179778	58	(-1, -1, -1, 1, 1, 1, -1, 1, -1)	9.065166771600296
2.023993632179778	59	(-1, -1, -1, 1, 1, 1, -1, 1, 1)	9.065166771600296
2.023993632179778	60	(-1, -1, -1, 1, 1, 1, 1, -1, -1)	8.968795538457085
2.023993632179778	61	(-1, -1, -1, 1, 1, 1, 1, -1, 1)	8.961866981341435
2.023993632179778	62	(-1, -1, -1, 1, 1, 1, 1, 1, -1)	9.08179330071751
2.023993632179778	63	(-1, -1, -1, 1, 1, 1, 1, 1, 1)	9.094263197550415
2.023993632179778	64	(-1, -1, 1, -1, -1, -1, -1, -1, -1)	9.081793300723822
2.023993632179778	65	(-1, -1, 1, -1, -1, -1, -1, -1, 1)	9.065166771611493
2.023993632179778	66	(-1, -1, 1, -1, -1, -1, -1, 1, -1)	8.906844191152029
2.023993632179778	67	(-1, -1, 1, -1, -1, -1, -1, 1, 1)	8.925252732337203
2.023993632179778	68	(-1, -1, 1, -1, -1, -1, 1, -1, -1)	9.026371537007572
2.023993632179778	69	(-1, -1, 1, -1, -1, -1, 1, -1, 1)	9.026371537007572
2.023993632179778	70	(-1, -1, 1, -1, -1, -1, 1, 1, -1)	9.00697391973535
2.023993632179778	71	(-1, -1, 1, -1, -1, -1, 1, 1, 1)	9.041889630868415
2.023993632179778	72	(-1, -1, 1, -1, -1, 1, -1, -1, -1)	9.026371537054999
2.023993632179778	73	(-1, -1, 1, -1, -1, 1, -1, -1, 1)	8.948781067888476
2.023993632179778	74	(-1, -1, 1, -1, -1, 1, -1, 1, -1)	8.948781067858228
2.023993632179778	75	(-1, -1, 1, -1, -1, 1, -1, 1, 1)	8.948781067858228
2.023993632179778	76	(-1, -1, 1, -1, -1, 1, 1, -1, -1)	8.948781067858228
2.023993632179778	77	(-1, -1, 1, -1, -1, 1, 1, -1, 1)	8.948781067858228
2.023993632179778	78	(-1, -1, 1, -1, -1, 1, 1, 1, -1)	9.026371537054093
2.023993632179778	79	(-1, -1, 1, -1, -1, 1, 1, 1, 1)	9.06516677163954
2.023993632179778	80	(-1, -1, 1, -1, 1, -1, -1, -1, -1)	9.065166771632033
2.023993632179778	81	(-1, -1, 1, -1, 1, -1, -1, -1, 1)	9.026371537049593
2.023993632179778	82	(-1, -1, 1, -1, 1, -1, -1, 1, -1)	8.948781067858228
2.023993632179778	83	(-1, -1, 1, -1, 1, -1, -1, 1, 1)	8.948781067858228
2.023993632179778	84	(-1, -1, 1, -1, 1, -1, 1, -1, -1)	8.948781067858228
2.023993632179778	85	(-1, -1, 1, -1, 1, -1, 1, -1, 1)	8.948781067858228
2.023993632179778	86	(-1, -1, 1, -1, 1, -1, 1, 1, -1)	8.948781067880716
2.023993632179778	87	(-1, -1, 1, -1, 1, -1, 1, 1, 1)	9.02637153704845
2.023993632179778	88	(-1, -1, 1, -1, 1, 1, -1, -1, -1)	9.006973919748411
2.023993632179778	89	(-1, -1, 1, -1, 1, 1, -1, -1, 1)	8.948781067870394
2.023993632179778	90	(-1, -1, 1, -1, 1, 1, -1, 1, -1)	8.94878106785431
2.023993632179778	91	(-1, -1, 1, -1, 1, 1, -1, 1, 1)	8.94878106785431
2.023993632179778	92	(-1, -1, 1, -1, 1, 1, 1, -1, -1)	9.026371537015143
2.023993632179778	93	(-1, -1, 1, -1, 1, 1, 1, -1, 1)	9.026371537015143
2.023993632179778	94	(-1, -1, 1, -1, 1, 1, 1, 1, -1)	9.041889630862673
2.023993632179778	95	(-1, -1, 1, -1, 1, 1, 1, 1, 1)	9.06516677161516
2.023993632179778	96	(-1, -1, 1, 1, -1, -1, -1, -1, -1)	8.90503248860179
2.023993632179778	97	(-1, -1, 1, 1, -1, -1, -1, -1, 1)	8.865529633346378
2.023993632179778	98	(-1, -1, 1, 1, -1, -1, -1, 1, -1)	8.785674778028161
2.023993632179778	99	(-1, -1, 1, 1, -1, -1, -1, 1, 1)	8.785674778028161
2.023993632179778	100	(-1, -1, 1, 1, -1, -1, 1, -1, -1)	8.686705353702878
2.023993632179778	101	(-1, -1, 1, 1, -1, -1, 1, -1, 1)	8.686705353702878
2.023993632179778	102	(-1, -1, 1, 1, -1, -1, 1, 1, -1)	8.599346782329002
2.023993632179778	103	(-1, -1, 1, 1, -1, -1, 1, 1, 1)	8.682519024196024
2.023993632179778	104	(-1, -1, 1, 1, -1, 1, -1, -1, -1)	9.006973919752298
2.023993632179778	105	(-1, -1, 1, 1, -1, 1, -1, -1, 1)	8.948781067876277
2.023993632179778	106	(-1, -1, 1, 1, -1, 1, -1, 1, -1)	8.948781067864864
2.023993632179778	107	(-1, -1, 1, 1, -1, 1, -1, 1, 1)	8.948781067864864
2.023993632179778	108	(-1, -1, 1, 1, -1, 1, 1, -1, -1)	8.948781067864864
2.023993632179778	109	(-1, -1, 1, 1, -1, 1, 1, -1, 1)	8.948781067864864
2.023993632179778	110	(-1, -1, 1, 1, -1, 1, 1, 1, -1)	9.006973919754426
2.023993632179778	111	(-1, -1, 1, 1, -1, 1, 1, 1, 1)	9.041889630879757
2.023993632179778	112	(-1, -1, 1, 1, 1, -1, -1, -1, -1)	9.065166771620525
2.023993632179778	113	(-1, -1, 1, 1, 1, -1, -1, -1, 1)	9.041889630872184
2.023993632179778	114	(-1, -1, 1, 1, 1, -1, -1, 1, -1)	9.026371537026273
2.023993632179778	115	(-1, -1, 1, 1, 1, -1, -1, 1, 1)	9.026371537026273
2.023993632179778	116	(-1, -1, 1, 1, 1, -1, 1, -1, -1)	9.026371537026273
2.023993632179778	117	(-1, -1, 1, 1, 1, -1, 1, -1, 1)	9.026371537026273
2.023993632179778	118	(-1, -1, 1, 1, 1, -1, 1, 1, -1)	9.00697391974607
2.023993632179778	119	(-1, -1, 1, 1, 1, -1, 1, 1, 1)	9.041889630873495
2.023993632179778	120	(-1, -1, 1, 1, 1, 1, -1, -1, -1)	9.048540242505513
2.023993632179778	121	(-1, -1, 1, 1, 1, 1, -1, -1, 1)	9.026371537026872
2.023993632179778	122	(-1, -1, 1, 1, 1, 1, -1, 1, -1)	9.0418896308522
2.023993632179778	123	(-1, -1, 1, 1, 1, 1, -1, 1, 1)	9.0418896308522
2.023993632179778	124	(-1, -1, 1, 1, 1, 1, 1, -1, -1)	9.065166771600365
2.023993632179778	125	(-1, -1, 1, 1, 1, 1, 1, -1, 1)	9.065166771600365
2.023993632179778	126	(-1, -1, 1, 1, 1, 1, 1, 1, -1)	9.065166771612697
2.023993632179778	127	(-1, -1, 1, 1, 1, 1, 1, 1, 1)	9.078098516476608
2.023993632179778	128	(-1, 1, -1, -1, -1, -1, -1, -1, -1)	9.094263197541903
2.023993632179778	129	(-1, 1, -1, -1, -1, -1, -1, -1, 1)	9.081793300710716
2.023993632179778	130	(-1, 1, -1, -1, -1, -1, -1, 1, -1)	9.088443912349684
2.023993632179778	131	(-1, 1, -1, -1, -1, -1, -1, 1, 1)	9.088443912349684
2.023993632179778	132	(-1, 1, -1, -1, -1, -1, 1, -1, -1)	9.065166771602684
2.023993632179778	133	(-1, 1, -1, -1, -1, -1, 1, -1, 1)	9.065166771602684
2.023993632179778	134	(-1, 1, -1, -1, -1, -1, 1, 1, -1)	9.041889630854502
2.023993632179778	135	(-1, 1, -1, -1, -1, -1, 1, 1, 1)	9.065166771603403
2.023993632179778	136	(-1, 1, -1, -1, -1, 1, -1, -1, -1)	9.06516677161937
2.023993632179778	137	(-1, 1, -1, -1, -1, 1, -1, -1, 1)	9.026371537037651
2.023993632179778	138	(-1, 1, -1, -1, -1, 1, -1, 1, -1)	9.06516677161162
2.023993632179778	139	(-1, 1, -1, -1, -1, 1, -1, 1, 1)	9.06516677161162
2.023993632179778	140	(-1, 1, -1, -1, -1, 1, 1, -1, -1)	9.06516677161162
2.023993632179778	141	(-1, 1, -1, -1, -1, 1, 1, -1, 1)	9.06516677161162
2.023993632179778	142	(-1, 1, -1, -1, -1, 1, 1, 1, -1)	9.065166771606922
2.023993632179778	143	(-1, 1, -1, -1, -1, 1, 1, 1, 1)	9.088443912353963
2.023993632179778	144	(-1, 1, -1, -1, 1, -1, -1, -1, -1)	9.065166771611526
2.023993632179778	145	(-1, 1, -1, -1, 1, -1, -1, -1, 1)	9.02637153703027
2.023993632179778	146	(-1, 1, -1, -1, 1, -1, -1, 1, -1)	8.948781067876675
2.023993632179778	147	(-1, 1, -1, -1, 1, -1, -1, 1, 1)	8.948781067876675
2.023993632179778	148	(-1, 1, -1, -1, 1, -1, 1, -1, -1)	8.948781067876675
2.023993632179778	149	(-1, 1, -1, -1, 1, -1, 1, -1, 1)	8.948781067876675
2.023993632179778	150	(-1, 1, -1, -1, 1, -1, 1, 1, -1)	8.948781067867827
2.023993632179778	151	(-1, 1, -1, -1, 1, -1, 1, 1, 1)	9.026371537025446
2.023993632179778	152	(-1, 1, -1, -1, 1, 1, -1, -1, -1)	8.785674778043788
2.023993632179778	153	(-1, 1, -1, -1, 1, 1, -1, -1, 1)	8.686705353715864
2.023993632179778	154	(-1, 1, -1, -1, 1, 1, -1, 1, -1)	8.94878106787814
2.023993632179778	155	(-1, 1, -1, -1, 1, 1, -1, 1, 1)	8.94878106787814
2.023993632179778	156	(-1, 1, -1, -1, 1, 1, 1, -1, -1)	9.026371537034862
2.023993632179778	157	(-1, 1, -1, -1, 1, 1, 1, -1, 1)	9.026371537034862
2.023993632179778	158	(-1, 1, -1, -1, 1, 1, 1, 1, -1)	9.041889630861387
2.023993632179778	159	(-1, 1, -1, -1, 1, 1, 1, 1, 1)	9.065166771608604
2.023993632179778	160	(-1, 1, -1, 1, -1, -1, -1, -1, -1)	9.088443912348723
2.023993632179778	161	(-1, 1, -1, 1, -1, -1, -1, -1, 1)	9.065166771597571
2.023993632179778	162	(-1, 1, -1, 1, -1, -1, -1, 1, -1)	9.065166771592049
2.023993632179778	163	(-1, 1, -1, 1, -1, -1, -1, 1, 1)	9.065166771592049
2.023993632179778	164	(-1, 1, -1, 1, -1, -1, 1, -1, -1)	8.948781067850627
2.023993632179778	165	(-1, 1, -1, 1, -1, -1, 1, -1, 1)	8.948781067850627
2.023993632179778	166	(-1, 1, -1, 1, -1, -1, 1, 1, -1)	8.948781067859677
2.023993632179778	167	(-1, 1, -1, 1, -1, -1, 1, 1, 1)	9.026371537023742
2.023993632179778	168	(-1, 1, -1, 1, -1, 1, -1, -1, -1)	9.06516677160419
2.023993632179778	169	(-1, 1, -1, 1, -1, 1, -1, -1, 1)	8.9487810678643
2.023993632179778	174	(-1, 1, -1, 1, -1, 1, 1, 1, -1)	9.06516677160598
2.023993632179778	175	(-1, 1, -1, 1, -1, 1, 1, 1, 1)	9.103962006187034
2.023993632179778	176	(-1, 1, -1, 1, 1, -1, -1, -1, -1)	9.103962006192189
2.023993632179778	177	(-1, 1, -1, 1, 1, -1, -1, -1, 1)	9.065166771608624
2.023993632179778	182	(-1, 1, -1, 1, 1, -1, 1, 1, -1)	8.948781067868886
2.023993632179778	183	(-1, 1, -1, 1, 1, -1, 1, 1, 1)	9.065166771612745
2.023993632179778	184	(-1, 1, -1, 1, 1, 1, -1, -1, -1)	9.065166771614194
2.023993632179778	185	(-1, 1, -1, 1, 1, 1, -1, -1, 1)	9.026371537031801
2.023993632179778	186	(-1, 1, -1, 1, 1, 1, -1, 1, -1)	9.065166771607078
2.023993632179778	187	(-1, 1, -1, 1, 1, 1, -1, 1, 1)	9.065166771607078
2.023993632179778	188	(-1, 1, -1, 1, 1, 1, 1, -1, -1)	8.920547065251744
2.023993632179778	189	(-1, 1, -1, 1, 1, 1, 1, -1, 1)	8.896359971994702
2.023993632179778	190	(-1, 1, -1, 1, 1, 1, 1, 1, -1)	9.088443912355615
2.023993632179778	191	(-1, 1, -1, 1, 1, 1, 1, 1, 1)	9.103962006189219
2.023993632179778	192	(-1, 1, 1, -1, -1, -1, -1, -1, -1)	9.10396200619531
2.023993632179778	193	(-1, 1, 1, -1, -1, -1, -1, -1, 1)	9.088443912359532
2.023993632179778	194	(-1, 1, 1, -1, -1, -1, -1, 1, -1)	8.920547065244687
2.023993632179778	195	(-1, 1, 1, -1, -1, -1, -1, 1, 1)	8.936671794081892
2.023993632179778	196	(-1, 1, 1, -1, -1, -1, 1, -1, -1)	9.065166771591757
2.023993632179778	197	(-1, 1, 1, -1, -1, -1, 1, -1, 1)	9.065166771591757
2.023993632179778	198	(-1, 1, 1, -1, -1, -1, 1, 1, -1)	9.026371537019024
2.023993632179778	199	(-1, 1, 1, -1, -1, -1, 1, 1, 1)	9.06516677160463
2.023993632179778	200	(-1, 1, 1, -1, -1, 1, -1, -1, -1)	9.065166771624419
2.023993632179778	201	(-1, 1, 1, -1, -1, 1, -1, -1, 1)	8.948781067891824
2.023993632179778	206	(-1, 1, 1, -1, -1, 1, 1, 1, -1)	9.065166771618756
2.023993632179778	207	(-1, 1, 1, -1, -1, 1, 1, 1, 1)	9.103962006198378
2.023993632179778	208	(-1, 1, 1, -1, 1, -1, -1, -1, -1)	9.103962006202712
2.023993632179778	209	(-1, 1, 1, -1, 1, -1, -1, -1, 1)	9.065166771624224
2.023993632179778	214	(-1, 1, 1, -1, 1, -1, 1, 1, -1)	8.94878106787568
2.023993632179778	215	(-1, 1, 1, -1, 1, -1, 1, 1, 1)	9.065166771620149
2.023993632179778	216	(-1, 1, 1, -1, 1, 1, -1, -1, -1)	9.026371537032459
2.023993632179778	217	(-1, 1, 1, -1, 1, 1, -1, -1, 1)	8.948781067874716
2.023993632179778	218	(-1, 1, 1, -1, 1, 1, -1, 1, -1)	8.94878106787172
2.023993632179778	219	(-1, 1, 1, -1, 1, 1, -1, 1, 1)	8.94878106787172
2.023993632179778	220	(-1, 1, 1, -1, 1, 1, 1, -1, -1)	9.065166771612347
2.023993632179778	221	(-1, 1, 1, -1, 1, 1, 1, -1, 1)	9.065166771612347
2.023993632179778	222	(-1, 1, 1, -1, 1, 1, 1, 1, -1)	9.065166771614432
2.023993632179778	223	(-1, 1, 1, -1, 1, 1, 1, 1, 1)	9.088443912363157
2.023993632179778	224	(-1, 1, 1, 1, -1, -1, -1, -1, -1)	9.0817933007199
2.023993632179778	225	(-1, 1, 1, 1, -1, -1, -1, -1, 1)	9.06516677161361
2.023993632179778	226	(-1, 1, 1, 1, -1, -1, -1, 1, -1)	9.06516677160457
2.023993632179778	227	(-1, 1, 1, 1, -1, -1, -1, 1, 1)	9.06516677160457
2.023993632179778	228	(-1, 1, 1, 1, -1, -1, 1, -1, -1)	9.02637153702595
2.023993632179778	229	(-1, 1, 1, 1, -1, -1, 1, -1, 1)	9.02637153702595
2.023993632179778	230	(-1, 1, 1, 1, -1, -1, 1, 1, -1)	8.785674778041022
2.023993632179778	231	(-1, 1, 1, 1, -1, -1, 1, 1, 1)	8.851654394260608
2.023993632179778	232	(-1, 1, 1, 1, -1, 1, -1, -1, -1)	9.065166771614976
2.023993632179778	233	(-1, 1, 1, 1, -1, 1, -1, -1, 1)	9.026371537037624
2.023993632179778	234	(-1, 1, 1, 1, -1, 1, -1, 1, -1)	9.065166771615447
2.023993632179778	235	(-1, 1, 1, 1, -1, 1, -1, 1, 1)	9.065166771615447
2.023993632179778	236	(-1, 1, 1, 1, -1, 1, 1, -1, -1)	9.065166771615447
2.023993632179778	237	(-1, 1, 1, 1, -1, 1, 1, -1, 1)	9.065166771615447
2.023993632179778	238	(-1, 1, 1, 1, -1, 1, 1, 1, -1)	9.065166771614614
2.023993632179778	239	(-1, 1, 1, 1, -1, 1, 1, 1, 1)	9.08844391235962
2.023993632179778	240	(-1, 1, 1, 1, 1, -1, -1, -1, -1)	8.989327668122591
2.023993632179778	241	(-1, 1, 1, 1, 1, -1, -1, -1, 1)	8.961866981376433
2.023993632179778	242	(-1, 1, 1, 1, 1, -1, -1, 1, -1)	8.920547065277189
2.023993632179778	243	(-1, 1, 1, 1, 1, -1, -1, 1, 1)	8.920547065277189
2.023993632179778	244	(-1, 1, 1, 1, 1, -1, 1, -1, -1)	8.896359972023657
2.023993632179778	245	(-1, 1, 1, 1, 1, -1, 1, -1, 1)	8.896359972023657
2.023993632179778	246	(-1, 1, 1, 1, 1, -1, 1, 1, -1)	8.906844191194851
2.023993632179778	247	(-1, 1, 1, 1, 1, -1, 1, 1, 1)	8.952628905220205
2.023993632179778	248	(-1, 1, 1, 1, 1, 1, -1, -1, -1)	9.081793300716571
2.023993632179778	249	(-1, 1, 1, 1, 1, 1, -1, -1, 1)	9.06516677161019
2.023993632179778	250	(-1, 1, 1, 1, 1, 1, -1, 1, -1)	9.088443912355812
2.023993632179778	251	(-1, 1, 1, 1, 1, 1, -1, 1, 1)	9.088443912355812
2.023993632179778	252	(-1, 1, 1, 1, 1, 1, 1, -1, -1)	9.10396200618804
2.023993632179778	253	(-1, 1, 1, 1, 1, 1, 1, -1, 1)	9.10396200618804
2.023993632179778	254	(-1, 1, 1, 1, 1, 1, 1, 1, -1)	9.09426319754651
2.023993632179778	255	(-1, 1, 1, 1, 1, 1, 1, 1, 1)	9.10396200619089
2.023993632179778	256	(1, -1, -1, -1, -1, -1, -1, -1, -1)	9.10396200619089
2.023993632179778	257	(1, -1, -1, -1, -1, -1, -1, -1, 1)	9.09426319754651
2.023993632179778	258	(1, -1, -1, -1, -1, -1, -1, 1, -1)	9.10396200618804
2.023993632179778	259	(1, -1, -1, -1, -1, -1, -1, 1, 1)	9.10396200618804
2.023993632179778	260	(1, -1, -1, -1, -1, -1, 1, -1, -1)	9.088443912355812
2.023993632179778	261	(1, -1, -1, -1, -1, -1, 1, -1, 1)	9.088443912355812
2.023993632179778	262	(1, -1, -1, -1, -1, -1, 1, 1, -1)	9.06516677161019
2.023993632179778	263	(1, -1, -1, -1, -1, -1, 1, 1, 1)	9.081793300716571
2.023993632179778	264	(1, -1, -1, -1, -1, 1, -1, -1, -1)	8.952628905220205
2.023993632179778	265	(1, -1, -1, -1, -1, 1, -1, -1, 1)	8.906844191194851
2.023993632179778	266	(1, -1, -1, -1, -1, 1, -1, 1, -1)	8.896359972023657
2.023993632179778	267	(1, -1, -1, -1, -1, 1, -1, 1, 1)	8.896359972023657
2.023993632179778	268	(1, -1, -1, -1, -1, 1, 1, -1, -1)	8.920547065277189
2.023993632179778	269	(1, -1, -1, -1, -1, 1, 1, -1, 1)	8.920547065277189
2.023993632179778	270	(1, -1, -1, -1, -1, 1, 1, 1, -1)	8.961866981376433
2.023993632179778	271	(1, -1, -1, -1, -1, 1, 1, 1, 1)	8.989327668122591
2.023993632179778	272	(1, -1, -1, -1, 1, -1, -1, -1, -1)	9.08844391235962
2.023993632179778	273	(1, -1, -1, -1, 1, -1, -1, -1, 1)	9.065166771614614
2.023993632179778	274	(1, -1, -1, -1, 1, -1, -1, 1, -1)	9.065166771615447
2.023993632179778	275	(1, -1, -1, -1, 1, -1, -1, 1, 1)	9.065166771615447
2.023993632179778	276	(1, -1, -1, -1, 1, -1, 1, -1, -1)	9.065166771615447
2.023993632179778	277	(1, -1, -1, -1, 1, -1, 1, -1, 1)	9.065166771615447
2.023993632179778	278	(1, -1, -1, -1, 1, -1, 1, 1, -1)	9.026371537037624
2.023993632179778	279	(1, -1, -1, -1, 1, -1, 1, 1, 1)	9.065166771614976
2.023993632179778	280	(1, -1, -1, -1, 1, 1, -1, -1, -1)	8.851654394260608
2.023993632179778	281	(1, -1, -1, -1, 1, 1, -1, -1, 1)	8.785674778041022
2.023993632179778	282	(1, -1, -1, -1, 1, 1, -1, 1, -1)	9.02637153702595
2.023993632179778	283	(1, -1, -1, -1, 1, 1, -1, 1, 1)	9.02637153702595
2.023993632179778	284	(1, -1, -1, -1, 1, 1, 1, -1, -1)	9.06516677160457
2.023993632179778	285	(1, -1, -1, -1, 1, 1, 1, -1, 1)	9.06516677160457
2.023993632179778	286	(1, -1, -1, -1, 1, 1, 1, 1, -1)	9.06516677161361
2.023993632179778	287	(1, -1, -1, -1, 1, 1, 1, 1, 1)	9.0817933007199
2.023993632179778	288	(1, -1, -1, 1, -1, -1, -1, -1, -1)	9.088443912363157
2.023993632179778	289	(1, -1, -1, 1, -1, -1, -1, -1, 1)	9.065166771614432
2.023993632179778	290	(1, -1, -1, 1, -1, -1, -1, 1, -1)	9.065166771612347
2.023993632179778	291	(1, -1, -1, 1, -1, -1, -1, 1, 1)	9.065166771612347
2.023993632179778	292	(1, -1, -1, 1, -1, -1, 1, -1, -1)	8.94878106787172
2.023993632179778	293	(1, -1, -1, 1, -1, -1, 1, -1, 1)	8.94878106787172
2.023993632179778	294	(1, -1, -1, 1, -1, -1, 1, 1, -1)	8.948781067874716
2.023993632179778	295	(1, -1, -1, 1, -1, -1, 1, 1, 1)	9.026371537032459
2.023993632179778	296	(1, -1, -1, 1, -1, 1, -1, -1, -1)	9.065166771620149
2.023993632179778	297	(1, -1, -1, 1, -1, 1, -1, -1, 1)	8.94878106787568
2.023993632179778	302	(1, -1, -1, 1, -1, 1, 1, 1, -1)	9.065166771624224
2.023993632179778	303	(1, -1, -1, 1, -1, 1, 1, 1, 1)	9.103962006202712
2.023993632179778	304	(1, -1, -1, 1, 1, -1, -1, -1, -1)	9.103962006198378
2.023993632179778	305	(1, -1, -1, 1, 1, -1, -1, -1, 1)	9.065166771618756
2.023993632179778	310	(1, -1, -1, 1, 1, -1, 1, 1, -1)	8.948781067891824
2.023993632179778	311	(1, -1, -1, 1, 1, -1, 1, 1, 1)	9.065166771624419
2.023993632179778	312	(1, -1, -1, 1, 1, 1, -1, -1, -1)	9.06516677160463
2.023993632179778	313	(1, -1, -1, 1, 1, 1, -1, -1, 1)	9.026371537019024
2.023993632179778	314	(1, -1, -1, 1, 1, 1, -1, 1, -1)	9.065166771591757
2.023993632179778	315	(1, -1, -1, 1, 1, 1, -1, 1, 1)	9.065166771591757
2.023993632179778	316	(1, -1, -1, 1, 1, 1, 1, -1, -1)	8.936671794081892
2.023993632179778	317	(1, -1, -1, 1, 1, 1, 1, -1, 1)	8.920547065244687
2.023993632179778	318	(1, -1, -1, 1, 1, 1, 1, 1, -1)	9.088443912359532
2.023993632179778	319	(1, -1, -1, 1, 1, 1, 1, 1, 1)	9.10396200619531
2.023993632179778	320	(1, -1, 1, -1, -1, -1, -1, -1, -1)	9.103962006189219
2.023993632179778	321	(1, -1, 1, -1, -1, -1, -1, -1, 1)	9.088443912355615
2.023993632179778	322	(1, -1, 1, -1, -1, -1, -1, 1, -1)	8.896359971994702
2.023993632179778	323	(1, -1, 1, -1, -1, -1, -1, 1, 1)	8.920547065251744
2.023993632179778	324	(1, -1, 1, -1, -1, -1, 1, -1, -1)	9.065166771607078
2.023993632179778	325	(1, -1, 1, -1, -1, -1, 1, -1, 1)	9.065166771607078
2.023993632179778	326	(1, -1, 1, -1, -1, -1, 1, 1, -1)	9.026371537031801
2.023993632179778	327	(1, -1, 1, -1, -1, -1, 1, 1, 1)	9.065166771614194
2.023993632179778	328	(1, -1, 1, -1, -1, 1, -1, -1, -1)	9.065166771612745
2.023993632179778	329	(1, -1, 1, -1, -1, 1, -1, -1, 1)	8.948781067868886
2.023993632179778	334	(1, -1, 1, -1, -1, 1, 1, 1, -1)	9.065166771608624
2.023993632179778	335	(1, -1, 1, -1, -1, 1, 1, 1, 1)	9.103962006192189
2.023993632179778	336	(1, -1, 1, -1, 1, -1, -1, -1, -1)	9.103962006187034
2.023993632179778	337	(1, -1, 1, -1, 1, -1, -1, -1, 1)	9.06516677160598
2.023993632179778	342	(1, -1, 1, -1, 1, -1, 1, 1, -1)	8.9487810678643
2.023993632179778	343	(1, -1, 1, -1, 1, -1, 1, 1, 1)	9.06516677160419
2.023993632179778	344	(1, -1, 1, -1, 1, 1, -1, -1, -1)	9.026371537023742
2.023993632179778	345	(1, -1, 1, -1, 1, 1, -1, -1, 1)	8.948781067859677
2.023993632179778	346	(1, -1, 1, -1, 1, 1, -1, 1, -1)	8.948781067850627
2.023993632179778	347	(1, -1, 1, -1, 1, 1, -1, 1, 1)	8.948781067850627
2.023993632179778	348	(1, -1, 1, -1, 1, 1, 1, -1, -1)	9.065166771592049
2.023993632179778	349	(1, -1, 1, -1, 1, 1, 1, -1, 1)	9.065166771592049
2.023993632179778	350	(1, -1, 1, -1, 1, 1, 1, 1, -1)	9.065166771597571
2.023993632179778	351	(1, -1, 1, -1, 1, 1, 1, 1, 1)	9.088443912348723
2.023993632179778	352	(1, -1, 1, 1, -1, -1, -1, -1, -1)	9.065166771608604
2.023993632179778	353	(1, -1, 1, 1, -1, -1, -1, -1, 1)	9.041889630861387
2.023993632179778	354	(1, -1, 1, 1, -1, -1, -1, 1, -1)	9.026371537034862
2.023993632179778	355	(1, -1, 1, 1, -1, -1, -1, 1, 1)	9.026371537034862
2.023993632179778	356	(1, -1, 1, 1, -1, -1, 1, -1, -1)	8.94878106787814
2.023993632179778	357	(1, -1, 1, 1, -1, -1, 1, -1, 1)	8.94878106787814
2.023993632179778	358	(1, -1, 1, 1, -1, -1, 1, 1, -1)	8.686705353715864
2.023993632179778	359	(1, -1, 1, 1, -1, -1, 1, 1, 1)	8.785674778043788
2.023993632179778	360	(1, -1, 1, 1, -1, 1, -1, -1, -1)	9.026371537025446
2.023993632179778	361	(1, -1, 1, 1, -1, 1, -1, -1, 1)	8.948781067867827
2.023993632179778	362	(1, -1, 1, 1, -1, 1, -1, 1, -1)	8.948781067876675
2.023993632179778	363	(1, -1, 1, 1, -1, 1, -1, 1, 1)	8.948781067876675
2.023993632179778	364	(1, -1, 1, 1, -1, 1, 1, -1, -1)	8.948781067876675
2.023993632179778	365	(1, -1, 1, 1, -1, 1, 1, -1, 1)	8.948781067876675
2.023993632179778	366	(1, -1, 1, 1, -1, 1, 1, 1, -1)	9.02637153703027
2.023993632179778	367	(1, -1, 1, 1, -1, 1, 1, 1, 1)	9.065166771611526
2.023993632179778	368	(1, -1, 1, 1, 1, -1, -1, -1, -1)	9.088443912353963
2.023993632179778	369	(1, -1, 1, 1, 1, -1, -1, -1, 1)	9.065166771606922
2.023993632179778	370	(1, -1, 1, 1, 1, -1, -1, 1, -1)	9.06516677161162
2.023993632179778	371	(1, -1, 1, 1, 1, -1, -1, 1, 1)	9.06516677161162
2.023993632179778	372	(1, -1, 1, 1, 1, -1, 1, -1, -1)	9.06516677161162
2.023993632179778	373	(1, -1, 1, 1, 1, -1, 1, -1, 1)	9.06516677161162
2.023993632179778	374	(1, -1, 1, 1, 1, -1, 1, 1, -1)	9.026371537037651
2.023993632179778	375	(1, -1, 1, 1, 1, -1, 1, 1, 1)	9.06516677161937
2.023993632179778	376	(1, -1, 1, 1, 1, 1, -1, -1, -1)	9.065166771603403
2.023993632179778	377	(1, -1, 1, 1, 1, 1, -1, -1, 1)	9.041889630854502
2.023993632179778	378	(1, -1, 1, 1, 1, 1, -1, 1, -1)	9.065166771602684
2.023993632179778	379	(1, -1, 1, 1, 1, 1, -1, 1, 1)	9.065166771602684
2.023993632179778	380	(1, -1, 1, 1, 1, 1, 1, -1, -1)	9.088443912349684
2.023993632179778	381	(1, -1, 1, 1, 1, 1, 1, -1, 1)	9.088443912349684
2.023993632179778	382	(1, -1, 1, 1, 1, 1, 1, 1, -1)	9.081793300710716
2.023993632179778	383	(1, -1, 1, 1, 1, 1, 1, 1, 1)	9.094263197541903
2.023993632179778	384	(1, 1, -1, -1, -1, -1, -1, -1, -1)	9.078098516476608
2.023993632179778	385	(1, 1, -1, -1, -1, -1, -1, -1, 1)	9.065166771612697
2.023993632179778	386	(1, 1, -1, -1, -1, -1, -1, 1, -1)	9.065166771600365
2.023993632179778	387	(1, 1, -1, -1, -1, -1, -1, 1, 1)	9.065166771600365
2.023993632179778	388	(1, 1, -1, -1, -1, -1, 1, -1, -1)	9.0418896308522
2.023993632179778	389	(1, 1, -1, -1, -1, -1, 1, -1, 1)	9.0418896308522
2.023993632179778	390	(1, 1, -1, -1, -1, -1, 1, 1, -1)	9.026371537026872
2.023993632179778	391	(1, 1, -1, -1, -1, -1, 1, 1, 1)	9.048540242505513
2.023993632179778	392	(1, 1, -1, -1, -1, 1, -1, -1, -1)	9.041889630873495
2.023993632179778	393	(1, 1, -1, -1, -1, 1, -1, -1, 1)	9.00697391974607
2.023993632179778	394	(1, 1, -1, -1, -1, 1, -1, 1, -1)	9.026371537026273
2.023993632179778	395	(1, 1, -1, -1, -1, 1, -1, 1, 1)	9.026371537026273
2.023993632179778	396	(1, 1, -1, -1, -1, 1, 1, -1, -1)	9.026371537026273
2.023993632179778	397	(1, 1, -1, -1, -1, 1, 1, -1, 1)	9.026371537026273
2.023993632179778	398	(1, 1, -1, -1, -1, 1, 1, 1, -1)	9.041889630872184
2.023993632179778	399	(1, 1, -1, -1, -1, 1, 1, 1, 1)	9.065166771620525
2.023993632179778	400	(1, 1, -1, -1, 1, -1, -1, -1, -1)	9.041889630879757
2.023993632179778	401	(1, 1, -1, -1, 1, -1, -1, -1, 1)	9.006973919754426
2.023993632179778	402	(1, 1, -1, -1, 1, -1, -1, 1, -1)	8.948781067864864
2.023993632179778	403	(1, 1, -1, -1, 1, -1, -1, 1, 1)	8.948781067864864
2.023993632179778	404	(1, 1, -1, -1, 1, -1, 1, -1, -1)	8.948781067864864
2.023993632179778	405	(1, 1, -1, -1, 1, -1, 1, -1, 1)	8.948781067864864
2.023993632179778	406	(1, 1, -1, -1, 1, -1, 1, 1, -1)	8.948781067876277
2.023993632179778	407	(1, 1, -1, -1, 1, -1, 1, 1, 1)	9.006973919752298
2.023993632179778	408	(1, 1, -1, -1, 1, 1, -1, -1, -1)	8.682519024196024
2.023993632179778	409	(1, 1, -1, -1, 1, 1, -1, -1, 1)	8.599346782329002
2.023993632179778	410	(1, 1, -1, -1, 1, 1, -1, 1, -1)	8.686705353702878
2.023993632179778	411	(1, 1, -1, -1, 1, 1, -1, 1, 1)	8.686705353702878
2.023993632179778	412	(1, 1, -1, -1, 1, 1, 1, -1, -1)	8.785674778028161
2.023993632179778	413	(1, 1, -1, -1, 1, 1, 1, -1, 1)	8.785674778028161
2.023993632179778	414	(1, 1, -1, -1, 1, 1, 1, 1, -1)	8.865529633346378
2.023993632179778	415	(1, 1, -1, -1, 1, 1, 1, 1, 1)	8.90503248860179
2.023993632179778	416	(1, 1, -1, 1, -1, -1, -1, -1, -1)	9.06516677161516
2.023993632179778	417	(1, 1, -1, 1, -1, -1, -1, -1, 1)	9.041889630862673
2.023993632179778	418	(1, 1, -1, 1, -1, -1, -1, 1, -1)	9.026371537015143
2.023993632179778	419	(1, 1, -1, 1, -1, -1, -1, 1, 1)	9.026371537015143
2.023993632179778	420	(1, 1, -1, 1, -1, -1, 1, -1, -1)	8.94878106785431
2.023993632179778	421	(1, 1, -1, 1, -1, -1, 1, -1, 1)	8.94878106785431
2.023993632179778	422	(1, 1, -1, 1, -1, -1, 1, 1, -1)	8.948781067870394
2.023993632179778	423	(1, 1, -1, 1, -1, -1, 1, 1, 1)	9.006973919748411
2.023993632179778	424	(1, 1, -1, 1, -1, 1, -1, -1, -1)	9.02637153704845
2.023993632179778	425	(1, 1, -1, 1, -1, 1, -1, -1, 1)	8.948781067880716
2.023993632179778	426	(1, 1, -1, 1, -1, 1, -1, 1, -1)	8.948781067858228
2.023993632179778	427	(1, 1, -1, 1, -1, 1, -1, 1, 1)	8.948781067858228
2.023993632179778	428	(1, 1, -1, 1, -1, 1, 1, -1, -1)	8.948781067858228
2.023993632179778	429	(1, 1, -1, 1, -1, 1, 1, -1, 1)	8.948781067858228
2.023993632179778	430	(1, 1, -1, 1, -1, 1, 1, 1, -1)	9.026371537049593
2.023993632179778	431	(1, 1, -1, 1, -1, 1, 1, 1, 1)	9.065166771632033
2.023993632179778	432	(1, 1, -1, 1, 1, -1, -1, -1, -1)	9.06516677163954
2.023993632179778	433	(1, 1, -1, 1, 1, -1, -1, -1, 1)	9.026371537054093
2.023993632179778	434	(1, 1, -1, 1, 1, -1, -1, 1, -1)	8.948781067858228
2.023993632179778	435	(1, 1, -1, 1, 1, -1, -1, 1, 1)	8.948781067858228
2.023993632179778	436	(1, 1, -1, 1, 1, -1, 1, -1, -1)	8.948781067858228
2.023993632179778	437	(1, 1, -1, 1, 1, -1, 1, -1, 1)	8.948781067858228
2.023993632179778	438	(1, 1, -1, 1, 1, -1, 1, 1, -1)	8.948781067888476
2.023993632179778	439	(1, 1, -1, 1, 1, -1, 1, 1, 1)	9.026371537054999
2.023993632179778	440	(1, 1, -1, 1, 1, 1, -1, -1, -1)	9.041889630868415
2.023993632179778	441	(1, 1, -1, 1, 1, 1, -1, -1, 1)	9.00697391973535
2.023993632179778	442	(1, 1, -1, 1, 1, 1, -1, 1, -1)	9.026371537007572
2.023993632179778	443	(1, 1, -1, 1, 1, 1, -1, 1, 1)	9.026371537007572
2.023993632179778	444	(1, 1, -1, 1, 1, 1, 1, -1, -1)	8.925252732337203
2.023993632179778	445	(1, 1, -1, 1, 1, 1, 1, -1, 1)	8.906844191152029
2.023993632179778	446	(1, 1, -1, 1, 1, 1, 1, 1, -1)	9.065166771611493
2.023993632179778	447	(1, 1, -1, 1, 1, 1, 1, 1, 1)	9.081793300723822
2.023993632179778	448	(1, 1, 1, -1, -1, -1, -1, -1, -1)	9.094263197550415
2.023993632179778	449	(1, 1, 1, -1, -1, -1, -1, -1, 1)	9.08179330071751
2.023993632179778	450	(1, 1, 1, -1, -1, -1, -1, 1, -1)	8.961866981341435
2.023993632179778	451	(1, 1, 1, -1, -1, -1, -1, 1, 1)	8.968795538457085
2.023993632179778	452	(1, 1, 1, -1, -1, -1, 1, -1, -1)	9.065166771600296
2.023993632179778	453	(1, 1, 1, -1, -1, -1, 1, -1, 1)	9.065166771600296
2.023993632179778	454	(1, 1, 1, -1, -1, -1, 1, 1, -1)	9.041889630857508
2.023993632179778	455	(1, 1, 1, -1, -1, -1, 1, 1, 1)	9.065166771608796
2.023993632179778	456	(1, 1, 1, -1, -1, 1, -1, -1, -1)	9.065166771619241
2.023993632179778	457	(1, 1, 1, -1, -1, 1, -1, -1, 1)	9.02637153703114
2.023993632179778	458	(1, 1, 1, -1, -1, 1, -1, 1, -1)	9.065166771599673
2.023993632179778	459	(1, 1, 1, -1, -1, 1, -1, 1, 1)	9.065166771599673
2.023993632179778	460	(1, 1, 1, -1, -1, 1, 1, -1, -1)	9.065166771599673
2.023993632179778	461	(1, 1, 1, -1, -1, 1, 1, -1, 1)	9.065166771599673
2.023993632179778	462	(1, 1, 1, -1, -1, 1, 1, 1, -1)	9.065166771610023
2.023993632179778	463	(1, 1, 1, -1, -1, 1, 1, 1, 1)	9.088443912361544
2.023993632179778	464	(1, 1, 1, -1, 1, -1, -1, -1, -1)	9.08844391236281
2.023993632179778	465	(1, 1, 1, -1, 1, -1, -1, -1, 1)	9.065166771613798
2.023993632179778	466	(1, 1, 1, -1, 1, -1, -1, 1, -1)	9.065166771599673
2.023993632179778	467	(1, 1, 1, -1, 1, -1, -1, 1, 1)	9.065166771599673
2.023993632179778	468	(1, 1, 1, -1, 1, -1, 1, -1, -1)	9.065166771599673
2.023993632179778	469	(1, 1, 1, -1, 1, -1, 1, -1, 1)	9.065166771599673
2.023993632179778	470	(1, 1, 1, -1, 1, -1, 1, 1, -1)	9.026371537023808
2.023993632179778	471	(1, 1, 1, -1, 1, -1, 1, 1, 1)	9.065166771604563
2.023993632179778	472	(1, 1, 1, -1, 1, 1, -1, -1, -1)	9.04188963086202
2.023993632179778	473	(1, 1, 1, -1, 1, 1, -1, -1, 1)	9.006973919736637
2.023993632179778	474	(1, 1, 1, -1, 1, 1, -1, 1, -1)	9.02637153702022
2.023993632179778	475	(1, 1, 1, -1, 1, 1, -1, 1, 1)	9.02637153702022
2.023993632179778	476	(1, 1, 1, -1, 1, 1, 1, -1, -1)	9.065166771599145
2.023993632179778	477	(1, 1, 1, -1, 1, 1, 1, -1, 1)	9.065166771599145
2.023993632179778	478	(1, 1, 1, -1, 1, 1, 1, 1, -1)	9.065166771602668
2.023993632179778	479	(1, 1, 1, -1, 1, 1, 1, 1, 1)	9.081793300708693
2.023993632179778	480	(1, 1, 1, 1, -1, -1, -1, -1, -1)	9.078098516476802
2.023993632179778	481	(1, 1, 1, 1, -1, -1, -1, -1, 1)	9.065166771613944
2.023993632179778	482	(1, 1, 1, 1, -1, -1, -1, 1, -1)	9.065166771605208
2.023993632179778	483	(1, 1, 1, 1, -1, -1, -1, 1, 1)	9.065166771605208
2.023993632179778	484	(1, 1, 1, 1, -1, -1, 1, -1, -1)	9.04188963085945
2.023993632179778	485	(1, 1, 1, 1, -1, -1, 1, -1, 1)	9.04188963085945
2.023993632179778	486	(1, 1, 1, 1, -1, -1, 1, 1, -1)	8.865529633350574
2.023993632179778	487	(1, 1, 1, 1, -1, -1, 1, 1, 1)	8.905032488603535
2.023993632179778	488	(1, 1, 1, 1, -1, 1, -1, -1, -1)	9.065166771617506
2.023993632179778	489	(1, 1, 1, 1, -1, 1, -1, -1, 1)	9.041889630865827
2.023993632179778	490	(1, 1, 1, 1, -1, 1, -1, 1, -1)	9.065166771608938
2.023993632179778	491	(1, 1, 1, 1, -1, 1, -1, 1, 1)	9.065166771608938
2.023993632179778	492	(1, 1, 1, 1, -1, 1, 1, -1, -1)	9.065166771608938
2.023993632179778	493	(1, 1, 1, 1, -1, 1, 1, -1, 1)	9.065166771608938
2.023993632179778	494	(1, 1, 1, 1, -1, 1, 1, 1, -1)	9.065166771617463
2.023993632179778	495	(1, 1, 1, 1, -1, 1, 1, 1, 1)	9.08179330072525
2.023993632179778	496	(1, 1, 1, 1, 1, -1, -1, -1, -1)	9.094263197554172
2.023993632179778	497	(1, 1, 1, 1, 1, -1, -1, -1, 1)	9.081793300722818
2.023993632179778	498	(1, 1, 1, 1, 1, -1, -1, 1, -1)	9.088443912358738
2.023993632179778	499	(1, 1, 1, 1, 1, -1, -1, 1, 1)	9.088443912358738
2.023993632179778	500	(1, 1, 1, 1, 1, -1, 1, -1, -1)	9.088443912358738
2.023993632179778	501	(1, 1, 1, 1, 1, -1, 1, -1, 1)	9.088443912358738
2.023993632179778	502	(1, 1, 1, 1, 1, -1, 1, 1, -1)	9.065166771614914
2.023993632179778	503	(1, 1, 1, 1, 1, -1, 1, 1, 1)	9.081793300722373
2.023993632179778	504	(1, 1, 1, 1, 1, 1, -1, -1, -1)	9.078098516470682
2.023993632179778	505	(1, 1, 1, 1, 1, 1, -1, -1, 1)	9.065166771609302
2.023993632179778	506	(1, 1, 1, 1, 1, 1, -1, 1, -1)	9.081793300712395
2.023993632179778	507	(1, 1, 1, 1, 1, 1, -1, 1, 1)	9.081793300712395
2.023993632179778	508	(1, 1, 1, 1, 1, 1, 1, -1, -1)	9.094263197540009
2.023993632179778	509	(1, 1, 1, 1, 1, 1, 1, -1, 1)	9.094263197540009
2.023993632179778	510	(1, 1, 1, 1, 1, 1, 1, 1, -1)	9.088443912358775
2.023993632179778	511	(1, 1, 1, 1, 1, 1, 1, 1, 1)	9.096908327177399
2.027035224833367	0	(-1, -1, -1, -1, -1, -1, -1, -1, -1)	6.441246495952169
2.027035224833367	1	(-1, -1, -1, -1, -1, -1, -1, -1, 1)	6.435429945297871
2.027035224833367	2	(-1, -1, -1, -1, -1, -1, -1, 1, -1)	6.439428823884316
2.027035224833367	3	(-1, -1, -1, -1, -1, -1, -1, 1, 1)	6.439428823884316
2.027035224833367	4	(-1, -1, -1, -1, -1, -1, 1, -1, -1)	6.430859798365391
2.027035224833367	5	(-1, -1, -1, -1, -1, -1, 1, -1, 1)	6.430859798365391
2.027035224833367	6	(-1, -1, -1, -1, -1, -1, 1, 1, -1)	6.419434430992973
2.027035224833367	7	(-1, -1, -1, -1, -1, -1, 1, 1, 1)	6.428320827825269
2.027035224833367	8	(-1, -1, -1, -1, -1, 1, -1, -1, -1)	6.430859798358737
2.027035224833367	9	(-1, -1, -1, -1, -1, 1, -1, -1, 1)	6.419434431000302
2.027035224833367	10	(-1, -1, -1, -1, -1, 1, -1, 1, -1)	6.4354299453208395
2.027035224833367	11	(-1, -1, -1, -1, -1, 1, -1, 1, 1)	6.4354299453208395
2.027035224833367	12	(-1, -1, -1, -1, -1, 1, 1, -1, -1)	6.4354299453208395
2.027035224833367	13	(-1, -1, -1, -1, -1, 1, 1, -1, 1)	6.4354299453208395
2.027035224833367	14	(-1, -1, -1, -1, -1, 1, 1, 1, -1)	6.430859798356216
2.027035224833367	15	(-1, -1, -1, -1, -1, 1, 1, 1, 1)	6.439428823873998
2.027035224833367	16	(-1, -1, -1, -1, 1, -1, -1, -1, -1)	6.4308597983532385
2.027035224833367	17	(-1, -1, -1, -1, 1, -1, -1, -1, 1)	6.419434430992703
2.027035224833367	18	(-1, -1, -1, -1, 1, -1, -1, 1, -1)	6.419434431008775
2.027035224833367	19	(-1, -1, -1, -1, 1, -1, -1, 1, 1)	6.419434431008775
2.027035224833367	20	(-1, -1, -1, -1, 1, -1, 1, -1, -1)	6.419434431008775
2.027035224833367	21	(-1, -1, -1, -1, 1, -1, 1, -1, 1)	6.419434431008775
2.027035224833367	22	(-1, -1, -1, -1, 1, -1, 1, 1, -1)	6.703168736583322
2.027035224833367	23	(-1, -1, -1, -1, 1, -1, 1, 1, 1)	6.674060631715528
2.027035224833367	24	(-1, -1, -1, -1, 1, 1, -1, -1, -1)	6.30928269308812
2.027035224833367	25	(-1, -1, -1, -1, 1, 1, -1, -1, 1)	6.282121363169828
2.027035224833367	26	(-1, -1, -1, -1, 1, 1, -1, 1, -1)	6.403438916691208
2.027035224833367	27	(-1, -1, -1, -1, 1, 1, -1, 1, 1)	6.403438916691208
2.027035224833367	28	(-1, -1, -1, -1, 1, 1, 1, -1, -1)	6.419434430994833
2.027035224833367	29	(-1, -1, -1, -1, 1, 1, 1, -1, 1)	6.419434430994833
2.027035224833367	30	(-1, -1, -1, -1, 1, 1, 1, 1, -1)	6.683580565299677
2.027035224833367	31	(-1, -1, -1, -1, 1, 1, 1, 1, 1)	6.428320827817963
2.027035224833367	32	(-1, -1, -1, 1, -1, -1, -1, -1, -1)	6.430859798359107
2.027035224833367	33	(-1, -1, -1, 1, -1, -1, -1, -1, 1)	6.419434430993736
2.027035224833367	34	(-1, -1, -1, 1, -1, -1, -1, 1, -1)	6.4194344309926805
2.027035224833367	35	(-1, -1, -1, 1, -1, -1, -1, 1, 1)	6.4194344309926805
2.027035224833367	36	(-1, -1, -1, 1, -1, -1, 1, -1, -1)	6.392775240478092
2.027035224833367	37	(-1, -1, -1, 1, -1, -1, 1, -1, 1)	6.392775240478092
2.027035224833367	38	(-1, -1, -1, 1, -1, -1, 1, 1, -1)	6.379445645212417
2.027035224833367	39	(-1, -1, -1, 1, -1, -1, 1, 1, 1)	6.4034389166781285
2.027035224833367	40	(-1, -1, -1, 1, -1, 1, -1, -1, -1)	6.419434431000595
2.027035224833367	41	(-1, -1, -1, 1, -1, 1, -1, -1, 1)	6.392775240483794
2.027035224833367	42	(-1, -1, -1, 1, -1, 1, -1, 1, -1)	6.41943443100219
2.027035224833367	43	(-1, -1, -1, 1, -1, 1, -1, 1, 1)	6.41943443100219
2.027035224833367	44	(-1, -1, -1, 1, -1, 1, 1, -1, -1)	6.41943443100219
2.027035224833367	45	(-1, -1, -1, 1, -1, 1, 1, -1, 1)	6.41943443100219
2.027035224833367	46	(-1, -1, -1, 1, -1, 1, 1, 1, -1)	6.419434430986212
2.027035224833367	47	(-1, -1, -1, 1, -1, 1, 1, 1, 1)	6.435429945295164
2.027035224833367	48	(-1, -1, -1, 1, 1, -1, -1, -1, -1)	6.435429945308934
2.027035224833367	49	(-1, -1, -1, 1, 1, -1, -1, -1, 1)	6.419434430998136
2.027035224833367	50	(-1, -1, -1, 1, 1, -1, -1, 1, -1)	6.41943443100219
2.027035224833367	51	(-1, -1, -1, 1, 1, -1, -1, 1, 1)	6.41943443100219
2.027035224833367	52	(-1, -1, -1, 1, 1, -1, 1, -1, -1)	6.41943443100219
2.027035224833367	53	(-1, -1, -1, 1, 1, -1, 1, -1, 1)	6.41943443100219
2.027035224833367	54	(-1, -1, -1, 1, 1, -1, 1, 1, -1)	6.392775240471846
2.027035224833367	55	(-1, -1, -1, 1, 1, -1, 1, 1, 1)	6.419434430986469
2.027035224833367	56	(-1, -1, -1, 1, 1, 1, -1, -1, -1)	6.419434430988971
2.027035224833367	57	(-1, -1, -1, 1, 1, 1, -1, -1, 1)	6.4034389166783345
2.027035224833367	58	(-1, -1, -1, 1, 1, 1, -1, 1, -1)	6.4194344309892415
2.027035224833367	59	(-1, -1, -1, 1, 1, 1, -1, 1, 1)	6.4194344309892415
2.027035224833367	60	(-1, -1, -1, 1, 1, 1, 1, -1, -1)	6.340704095091861
2.027035224833367	61	(-1, -1, -1, 1, 1, 1, 1, -1, 1)	6.336321224739609
2.027035224833367	62	(-1, -1, -1, 1, 1, 1, 1, 1, -1)	6.430859798342179
2.027035224833367	63	(-1, -1, -1, 1, 1, 1, 1, 1, 1)	6.43942882386446
2.027035224833367	64	(-1, -1, 1, -1, -1, -1, -1, -1, -1)	6.430859798339189
2.027035224833367	65	(-1, -1, 1, -1, -1, -1, -1, -1, 1)	6.419434430978399
2.027035224833367	66	(-1, -1, 1, -1, -1, -1, -1, 1, -1)	6.296690476628544
2.027035224833367	67	(-1, -1, 1, -1, -1, -1, -1, 1, 1)	6.309139428452425
2.027035224833367	68	(-1, -1, 1, -1, -1, -1, 1, -1, -1)	6.392775240477294
2.027035224833367	69	(-1, -1, 1, -1, -1, -1, 1, -1, 1)	6.392775240477294
2.027035224833367	70	(-1, -1, 1, -1, -1, -1, 1, 1, -1)	6.379445645208397
2.027035224833367	71	(-1, -1, 1, -1, -1, -1, 1, 1, 1)	6.403438916667342
2.027035224833367	72	(-1, -1, 1, -1, -1, 1, -1, -1, -1)	6.39277524045421
2.027035224833367	73	(-1, -1, 1, -1, -1, 1, -1, -1, 1)	6.3394568594223895
2.027035224833367	74	(-1, -1, 1, -1, -1, 1, -1, 1, -1)	6.339456859445936
2.027035224833367	75	(-1, -1, 1, -1, -1, 1, -1, 1, 1)	6.339456859445936
2.027035224833367	76	(-1, -1, 1, -1, -1, 1, 1, -1, -1)	6.339456859445936
2.027035224833367	77	(-1, -1, 1, -1, -1, 1, 1, -1, 1)	6.339456859445936
2.027035224833367	78	(-1, -1, 1, -1, -1, 1, 1, 1, -1)	6.39277524045092
2.027035224833367	79	(-1, -1, 1, -1, -1, 1, 1, 1, 1)	6.419434430963111
2.027035224833367	80	(-1, -1, 1, -1, 1, -1, -1, -1, -1)	6.419434430973099
2.027035224833367	81	(-1, -1, 1, -1, 1, -1, -1, -1, 1)	6.3927752404519245
2.027035224833367	82	(-1, -1, 1, -1, 1, -1, -1, 1, -1)	6.339456859445936
2.027035224833367	83	(-1, -1, 1, -1, 1, -1, -1, 1, 1)	6.339456859445936
2.027035224833367	84	(-1, -1, 1, -1, 1, -1, 1, -1, -1)	6.339456859445936
2.027035224833367	85	(-1, -1, 1, -1, 1, -1, 1, -1, 1)	6.339456859445936
2.027035224833367	86	(-1, -1, 1, -1, 1, -1, 1, 1, -1)	6.339456859431209
2.027035224833367	87	(-1, -1, 1, -1, 1, -1, 1, 1, 1)	6.392775240459392
2.027035224833367	88	(-1, -1, 1, -1, 1, 1, -1, -1, -1)	6.743920083384896
2.027035224833367	89	(-1, -1, 1, -1, 1, 1, -1, -1, 1)	6.805047103596779
2.027035224833367	90	(-1, -1, 1, -1, 1, 1, -1, 1, -1)	6.960243851658761
2.027035224833367	91	(-1, -1, 1, -1, 1, 1, -1, 1, 1)	6.960243851658761
2.027035224833367	92	(-1, -1, 1, -1, 1, 1, 1, -1, -1)	6.8450358893764305
2.027035224833367	93	(-1, -1, 1, -1, 1, 1, 1, -1, 1)	6.8450358893764305
2.027035224833367	94	(-1, -1, 1, -1, 1, 1, 1, 1, -1)	6.7031687365731605
2.027035224833367	95	(-1, -1, 1, -1, 1, 1, 1, 1, 1)	6.674060631709975
2.027035224833367	96	(-1, -1, 1, 1, -1, -1, -1, -1, -1)	6.3092826930903
2.027035224833367	97	(-1, -1, 1, 1, -1, -1, -1, -1, 1)	6.596449897754629
2.027035224833367	98	(-1, -1, 1, 1, -1, -1, -1, 1, -1)	6.227196136051719
2.027035224833367	99	(-1, -1, 1, 1, -1, -1, -1, 1, 1)	6.227196136051719
2.027035224833367	100	(-1, -1, 1, 1, -1, -1, 1, -1, -1)	6.159142169426994
2.027035224833367	101	(-1, -1, 1, 1, -1, -1, 1, -1, 1)	6.159142169426994
2.027035224833367	102	(-1, -1, 1, 1, -1, -1, 1, 1, -1)	6.099037272741318
2.027035224833367	103	(-1, -1, 1, 1, -1, -1, 1, 1, 1)	6.156233662708398
2.027035224833367	104	(-1, -1, 1, 1, -1, 1, -1, -1, -1)	6.74392008338584
2.027035224833367	105	(-1, -1, 1, 1, -1, 1, -1, -1, 1)	6.8050471036052755
2.027035224833367	106	(-1, -1, 1, 1, -1, 1, -1, 1, -1)	6.3394568594544936
2.027035224833367	107	(-1, -1, 1, 1, -1, 1, -1, 1, 1)	6.3394568594544936
2.027035224833367	108	(-1, -1, 1, 1, -1, 1, 1, -1, -1)	6.3394568594544936
2.027035224833367	109	(-1, -1, 1, 1, -1, 1, 1, -1, 1)	6.3394568594544936
2.027035224833367	110	(-1, -1, 1, 1, -1, 1, 1, 1, -1)	6.379445645207415
2.027035224833367	111	(-1, -1, 1, 1, -1, 1, 1, 1, 1)	6.403438916667698
2.027035224833367	112	(-1, -1, 1, 1, 1, -1, -1, -1, -1)	6.4194344309836096
2.027035224833367	113	(-1, -1, 1, 1, 1, -1, -1, -1, 1)	6.403438916678238
2.027035224833367	114	(-1, -1, 1, 1, 1, -1, -1, 1, -1)	6.392775240493706
2.027035224833367	115	(-1, -1, 1, 1, 1, -1, -1, 1, 1)	6.392775240493706
2.027035224833367	116	(-1, -1, 1, 1, 1, -1, 1, -1, -1)	6.392775240493706
2.027035224833367	117	(-1, -1, 1, 1, 1, -1, 1, -1, 1)	6.392775240493706
2.027035224833367	118	(-1, -1, 1, 1, 1, -1, 1, 1, -1)	6.37944564521747
2.027035224833367	119	(-1, -1, 1, 1, 1, -1, 1, 1, 1)	6.403438916673823
2.027035224833367	120	(-1, -1, 1, 1, 1, 1, -1, -1, -1)	6.9388403027775185
2.027035224833367	121	(-1, -1, 1, 1, 1, 1, -1, -1, 1)	6.993768840311032
2.027035224833367	122	(-1, -1, 1, 1, 1, 1, -1, 1, -1)	6.802324037215517
2.027035224833367	123	(-1, -1, 1, 1, 1, 1, -1, 1, 1)	6.802324037215517
2.027035224833367	124	(-1, -1, 1, 1, 1, 1, 1, -1, -1)	6.419434430999072
2.027035224833367	125	(-1, -1, 1, 1, 1, 1, 1, -1, 1)	6.419434430999072
2.027035224833367	126	(-1, -1, 1, 1, 1, 1, 1, 1, -1)	6.419434430985653
2.027035224833367	127	(-1, -1, 1, 1, 1, 1, 1, 1, 1)	6.428320827821685
2.027035224833367	128	(-1, 1, -1, -1, -1, -1, -1, -1, -1)	6.439428823886742
2.027035224833367	129	(-1, 1, -1, -1, -1, -1, -1, -1, 1)	6.430859798371306
2.027035224833367	130	(-1, 1, -1, -1, -1, -1, -1, 1, -1)	6.4354299453436585
2.027035224833367	131	(-1, 1, -1, -1, -1, -1, -1, 1, 1)	6.4354299453436585
2.027035224833367	132	(-1, 1, -1, -1, -1, -1, 1, -1, -1)	6.419434431034636
2.027035224833367	133	(-1, 1, -1, -1, -1, -1, 1, -1, 1)	6.419434431034636
2.027035224833367	134	(-1, 1, -1, -1, -1, -1, 1, 1, -1)	6.80232403722566
2.027035224833367	135	(-1, 1, -1, -1, -1, -1, 1, 1, 1)	6.759050889411677
2.027035224833367	136	(-1, 1, -1, -1, -1, 1, -1, -1, -1)	6.419434430980496
2.027035224833367	137	(-1, 1, -1, -1, -1, 1, -1, -1, 1)	6.392775240477616
2.027035224833367	138	(-1, 1, -1, -1, -1, 1, -1, 1, -1)	6.419434431026808
2.027035224833367	139	(-1, 1, -1, -1, -1, 1, -1, 1, 1)	6.419434431026808
2.027035224833367	140	(-1, 1, -1, -1, -1, 1, 1, -1, -1)	6.419434431026808
2.027035224833367	141	(-1, 1, -1, -1, -1, 1, 1, -1, 1)	6.419434431026808
2.027035224833367	142	(-1, 1, -1, -1, -1, 1, 1, 1, -1)	6.419434430996803
2.027035224833367	143	(-1, 1, -1, -1, -1, 1, 1, 1, 1)	6.435429945299214
2.027035224833367	144	(-1, 1, -1, -1, 1, -1, -1, -1, -1)	6.419434430958067
2.027035224833367	145	(-1, 1, -1, -1, 1, -1, -1, -1, 1)	6.3927752404458245
2.027035224833367	146	(-1, 1, -1, -1, 1, -1, -1, 1, -1)	6.339456859466011
2.027035224833367	147	(-1, 1, -1, -1, 1, -1, -1, 1, 1)	6.339456859466011
2.027035224833367	148	(-1, 1, -1, -1, 1, -1, 1, -1, -1)	6.339456859466011
2.027035224833367	149	(-1, 1, -1, -1, 1, -1, 1, -1, 1)	6.339456859466011
2.027035224833367	150	(-1, 1, -1, -1, 1, -1, 1, 1, -1)	6.960243851662561
2.027035224833367	151	(-1, 1, -1, -1, 1, -1, 1, 1, 1)	6.8450358893724665
2.027035224833367	152	(-1, 1, -1, -1, 1, 1, -1, -1, -1)	6.227196136022198
2.027035224833367	153	(-1, 1, -1, -1, 1, 1, -1, -1, 1)	6.159142169408272
2.027035224833367	154	(-1, 1, -1, -1, 1, 1, -1, 1, -1)	6.3394568594610945
2.027035224833367	155	(-1, 1, -1, -1, 1, 1, -1, 1, 1)	6.3394568594610945
2.027035224833367	156	(-1, 1, -1, -1, 1, 1, 1, -1, -1)	6.392775240497439
2.027035224833367	157	(-1, 1, -1, -1, 1, 1, 1, -1, 1)	6.392775240497439
2.027035224833367	158	(-1, 1, -1, -1, 1, 1, 1, 1, -1)	6.802324037213656
2.027035224833367	159	(-1, 1, -1, -1, 1, 1, 1, 1, 1)	6.419434430987182
2.027035224833367	160	(-1, 1, -1, 1, -1, -1, -1, -1, -1)	6.435429945293916
2.027035224833367	161	(-1, 1, -1, 1, -1, -1, -1, -1, 1)	6.419434430991331
2.027035224833367	162	(-1, 1, -1, 1, -1, -1, -1, 1, -1)	6.419434431035052
2.027035224833367	163	(-1, 1, -1, 1, -1, -1, -1, 1, 1)	6.419434431035052
2.027035224833367	164	(-1, 1, -1, 1, -1, -1, 1, -1, -1)	6.339456859491128
2.027035224833367	165	(-1, 1, -1, 1, -1, -1, 1, -1, 1)	6.339456859491128
2.027035224833367	166	(-1, 1, -1, 1, -1, -1, 1, 1, -1)	6.339456859457785
2.027035224833367	167	(-1, 1, -1, 1, -1, -1, 1, 1, 1)	6.392775240474399
2.027035224833367	168	(-1, 1, -1, 1, -1, 1, -1, -1, -1)	6.419434430943328
2.027035224833367	169	(-1, 1, -1, 1, -1, 1, -1, -1, 1)	6.339456859391415
2.027035224833367	174	(-1, 1, -1, 1, -1, 1, 1, 1, -1)	6.419434430969067
2.027035224833367	175	(-1, 1, -1, 1, -1, 1, 1, 1, 1)	6.44609362148281
2.027035224833367	176	(-1, 1, -1, 1, 1, -1, -1, -1, -1)	6.446093621464346
2.027035224833367	177	(-1, 1, -1, 1, 1, -1, -1, -1, 1)	6.419434430944972
2.027035224833367	182	(-1, 1, -1, 1, 1, -1, 1, 1, -1)	6.339456859417618
2.027035224833367	183	(-1, 1, -1, 1, 1, -1, 1, 1, 1)	6.4194344309597735
2.027035224833367	184	(-1, 1, -1, 1, 1, 1, -1, -1, -1)	6.419434430976791
2.027035224833367	185	(-1, 1, -1, 1, 1, 1, -1, -1, 1)	6.392775240468752
2.027035224833367	186	(-1, 1, -1, 1, 1, 1, -1, 1, -1)	6.41943443100878
2.027035224833367	187	(-1, 1, -1, 1, 1, 1, -1, 1, 1)	6.41943443100878
2.027035224833367	188	(-1, 1, -1, 1, 1, 1, 1, -1, -1)	6.303075942294834
2.027035224833367	189	(-1, 1, -1, 1, 1, 1, 1, -1, 1)	6.28599888096437
2.027035224833367	190	(-1, 1, -1, 1, 1, 1, 1, 1, -1)	6.435429945300777
2.027035224833367	191	(-1, 1, -1, 1, 1, 1, 1, 1, 1)	6.446093621502499
2.027035224833367	192	(-1, 1, 1, -1, -1, -1, -1, -1, -1)	6.4460936215345255
2.027035224833367	193	(-1, 1, 1, -1, -1, -1, -1, -1, 1)	6.435429945334694
2.027035224833367	194	(-1, 1, 1, -1, -1, -1, -1, 1, -1)	6.303075942327906
2.027035224833367	195	(-1, 1, 1, -1, -1, -1, -1, 1, 1)	6.314460649883272
2.027035224833367	196	(-1, 1, 1, -1, -1, -1, 1, -1, -1)	6.4194344310621325
2.027035224833367	197	(-1, 1, 1, -1, -1, -1, 1, -1, 1)	6.4194344310621325
2.027035224833367	198	(-1, 1, 1, -1, -1, -1, 1, 1, -1)	6.39277524052286
2.027035224833367	199	(-1, 1, 1, -1, -1, -1, 1, 1, 1)	6.419434431027812
2.027035224833367	200	(-1, 1, 1, -1, -1, 1, -1, -1, -1)	6.419434430980637
2.027035224833367	201	(-1, 1, 1, -1, -1, 1, -1, -1, 1)	6.339456859420708
2.027035224833367	206	(-1, 1, 1, -1, -1, 1, 1, 1, -1)	6.419434430995027
2.027035224833367	207	(-1, 1, 1, -1, -1, 1, 1, 1, 1)	6.446093621513119
2.027035224833367	208	(-1, 1, 1, -1, 1, -1, -1, -1, -1)	6.446093621486955
2.027035224833367	209	(-1, 1, 1, -1, 1, -1, -1, -1, 1)	6.419434430971126
2.027035224833367	214	(-1, 1, 1, -1, 1, -1, 1, 1, -1)	6.339456859445623
2.027035224833367	215	(-1, 1, 1, -1, 1, -1, 1, 1, 1)	6.419434430995193
2.027035224833367	216	(-1, 1, 1, -1, 1, 1, -1, -1, -1)	6.3927752404724245
2.027035224833367	217	(-1, 1, 1, -1, 1, 1, -1, -1, 1)	6.339456859442931
2.027035224833367	218	(-1, 1, 1, -1, 1, 1, -1, 1, -1)	6.339456859473198
2.027035224833367	219	(-1, 1, 1, -1, 1, 1, -1, 1, 1)	6.339456859473198
2.027035224833367	220	(-1, 1, 1, -1, 1, 1, 1, -1, -1)	6.419434431029811
2.027035224833367	221	(-1, 1, 1, -1, 1, 1, 1, -1, 1)	6.419434431029811
2.027035224833367	222	(-1, 1, 1, -1, 1, 1, 1, 1, -1)	6.419434431008385
2.027035224833367	223	(-1, 1, 1, -1, 1, 1, 1, 1, 1)	6.435429945315721
2.027035224833367	224	(-1, 1, 1, 1, -1, -1, -1, -1, -1)	6.430859798372601
2.027035224833367	225	(-1, 1, 1, 1, -1, -1, -1, -1, 1)	6.759050889414289
2.027035224833367	226	(-1, 1, 1, 1, -1, -1, -1, 1, -1)	6.419434431028036
2.027035224833367	227	(-1, 1, 1, 1, -1, -1, -1, 1, 1)	6.419434431028036
2.027035224833367	228	(-1, 1, 1, 1, -1, -1, 1, -1, -1)	6.392775240509763
2.027035224833367	229	(-1, 1, 1, 1, -1, -1, 1, -1, 1)	6.392775240509763
2.027035224833367	230	(-1, 1, 1, 1, -1, -1, 1, 1, -1)	6.2271961360682075
2.027035224833367	231	(-1, 1, 1, 1, -1, -1, 1, 1, 1)	6.272565447145628
2.027035224833367	232	(-1, 1, 1, 1, -1, 1, -1, -1, -1)	6.77591111201683
2.027035224833367	233	(-1, 1, 1, 1, -1, 1, -1, -1, 1)	6.845035889389284
2.027035224833367	234	(-1, 1, 1, 1, -1, 1, -1, 1, -1)	6.419434431016855
2.027035224833367	235	(-1, 1, 1, 1, -1, 1, -1, 1, 1)	6.419434431016855
2.027035224833367	236	(-1, 1, 1, 1, -1, 1, 1, -1, -1)	6.419434431016855
2.027035224833367	237	(-1, 1, 1, 1, -1, 1, 1, -1, 1)	6.419434431016855
2.027035224833367	238	(-1, 1, 1, 1, -1, 1, 1, 1, -1)	6.419434431002899
2.027035224833367	239	(-1, 1, 1, 1, -1, 1, 1, 1, 1)	6.4354299453080275
2.027035224833367	240	(-1, 1, 1, 1, 1, -1, -1, -1, -1)	6.356707571983174
2.027035224833367	241	(-1, 1, 1, 1, 1, -1, -1, -1, 1)	6.336321224761796
2.027035224833367	242	(-1, 1, 1, 1, 1, -1, -1, 1, -1)	6.3030759422785705
2.027035224833367	243	(-1, 1, 1, 1, 1, -1, -1, 1, 1)	6.3030759422785705
2.027035224833367	244	(-1, 1, 1, 1, 1, -1, 1, -1, -1)	6.285998880950125
2.027035224833367	245	(-1, 1, 1, 1, 1, -1, 1, -1, 1)	6.285998880950125
2.027035224833367	246	(-1, 1, 1, 1, 1, -1, 1, 1, -1)	6.2966904766475436
2.027035224833367	247	(-1, 1, 1, 1, 1, -1, 1, 1, 1)	6.330477397628502
2.027035224833367	248	(-1, 1, 1, 1, 1, 1, -1, -1, -1)	6.430859798371295
2.027035224833367	249	(-1, 1, 1, 1, 1, 1, -1, -1, 1)	6.419434431012646
2.027035224833367	250	(-1, 1, 1, 1, 1, 1, -1, 1, -1)	6.43542994533225
2.027035224833367	251	(-1, 1, 1, 1, 1, 1, -1, 1, 1)	6.43542994533225
2.027035224833367	252	(-1, 1, 1, 1, 1, 1, 1, -1, -1)	6.446093621539398
2.027035224833367	253	(-1, 1, 1, 1, 1, 1, 1, -1, 1)	6.446093621539398
2.027035224833367	254	(-1, 1, 1, 1, 1, 1, 1, 1, -1)	6.439428823901149
2.027035224833367	255	(-1, 1, 1, 1, 1, 1, 1, 1, 1)	6.446093621526585
2.027035224833367	256	(1, -1, -1, -1, -1, -1, -1, -1, -1)	6.446093621526585
2.027035224833367	257	(1, -1, -1, -1, -1, -1, -1, -1, 1)	6.439428823901149
2.027035224833367	258	(1, -1, -1, -1, -1, -1, -1, 1, -1)	6.446093621539398
2.027035224833367	259	(1, -1, -1, -1, -1, -1, -1, 1, 1)	6.446093621539398
2.027035224833367	260	(1, -1, -1, -1, -1, -1, 1, -1, -1)	6.43542994533225
2.027035224833367	261	(1, -1, -1, -1, -1, -1, 1, -1, 1)	6.43542994533225
2.027035224833367	262	(1, -1, -1, -1, -1, -1, 1, 1, -1)	6.419434431012646
2.027035224833367	263	(1, -1, -1, -1, -1, -1, 1, 1, 1)	6.430859798371295
2.027035224833367	264	(1, -1, -1, -1, -1, 1, -1, -1, -1)	6.330477397628502
2.027035224833367	265	(1, -1, -1, -1, -1, 1, -1, -1, 1)	6.2966904766475436
2.027035224833367	266	(1, -1, -1, -1, -1, 1, -1, 1, -1)	6.285998880950125
2.027035224833367	267	(1, -1, -1, -1, -1, 1, -1, 1, 1)	6.285998880950125
2.027035224833367	268	(1, -1, -1, -1, -1, 1, 1, -1, -1)	6.3030759422785705
2.027035224833367	269	(1, -1, -1, -1, -1, 1, 1, -1, 1)	6.3030759422785705
2.027035224833367	270	(1, -1, -1, -1, -1, 1, 1, 1, -1)	6.336321224761796
2.027035224833367	271	(1, -1, -1, -1, -1, 1, 1, 1, 1)	6.356707571983174
2.027035224833367	272	(1, -1, -1, -1, 1, -1, -1, -1, -1)	6.4354299453080275
2.027035224833367	273	(1, -1, -1, -1, 1, -1, -1, -1, 1)	6.419434431002899
2.027035224833367	274	(1, -1, -1, -1, 1, -1, -1, 1, -1)	6.419434431016855
2.027035224833367	275	(1, -1, -1, -1, 1, -1, -1, 1, 1)	6.419434431016855
2.027035224833367	276	(1, -1, -1, -1, 1, -1, 1, -1, -1)	6.419434431016855
2.027035224833367	277	(1, -1, -1, -1, 1, -1, 1, -1, 1)	6.419434431016855
2.027035224833367	278	(1, -1, -1, -1, 1, -1, 1, 1, -1)	6.845035889389284
2.027035224833367	279	(1, -1, -1, -1, 1, -1, 1, 1, 1)	6.77591111201683
2.027035224833367	280	(1, -1, -1, -1, 1, 1, -1, -1, -1)	6.272565447145628
2.027035224833367	281	(1, -1, -1, -1, 1, 1, -1, -1, 1)	6.2271961360682075
2.027035224833367	282	(1, -1, -1, -1, 1, 1, -1, 1, -1)	6.392775240509763
2.027035224833367	283	(1, -1, -1, -1, 1, 1, -1, 1, 1)	6.392775240509763
2.027035224833367	284	(1, -1, -1, -1, 1, 1, 1, -1, -1)	6.419434431028036
2.027035224833367	285	(1, -1, -1, -1, 1, 1, 1, -1, 1)	6.419434431028036
2.027035224833367	286	(1, -1, -1, -1, 1, 1, 1, 1, -1)	6.759050889414289
2.027035224833367	287	(1, -1, -1, -1, 1, 1, 1, 1, 1)	6.430859798372601
2.027035224833367	288	(1, -1, -1, 1, -1, -1, -1, -1, -1)	6.435429945315721
2.027035224833367	289	(1, -1, -1, 1, -1, -1, -1, -1, 1)	6.419434431008385
2.027035224833367	290	(1, -1, -1, 1, -1, -1, -1, 1, -1)	6.419434431029811
2.027035224833367	291	(1, -1, -1, 1, -1, -1, -1, 1, 1)	6.419434431029811
2.027035224833367	292	(1, -1, -1, 1, -1, -1, 1, -1, -1)	6.339456859473198
2.027035224833367	293	(1, -1, -1, 1, -1, -1, 1, -1, 1)	6.339456859473198
2.027035224833367	294	(1, -1, -1, 1, -1, -1, 1, 1, -1)	6.339456859442931
2.027035224833367	295	(1, -1, -1, 1, -1, -1, 1, 1, 1)	6.3927752404724245
2.027035224833367	296	(1, -1, -1, 1, -1, 1, -1, -1, -1)	6.419434430995193
2.027035224833367	297	(1, -1, -1, 1, -1, 1, -1, -1, 1)	6.339456859445623
2.027035224833367	302	(1, -1, -1, 1, -1, 1, 1, 1, -1)	6.419434430971126
2.027035224833367	303	(1, -1, -1, 1, -1, 1, 1, 1, 1)	6.446093621486955
2.027035224833367	304	(1, -1, -1, 1, 1, -1, -1, -1, -1)	6.446093621513119
2.027035224833367	305	(1, -1, -1, 1, 1, -1, -1, -1, 1)	6.419434430995027
2.027035224833367	310	(1, -1, -1, 1, 1, -1, 1, 1, -1)	6.339456859420708
2.027035224833367	311	(1, -1, -1, 1, 1, -1, 1, 1, 1)	6.419434430980637
2.027035224833367	312	(1, -1, -1, 1, 1, 1, -1, -1, -1)	6.419434431027812
2.027035224833367	313	(1, -1, -1, 1, 1, 1, -1, -1, 1)	6.39277524052286
2.027035224833367	314	(1, -1, -1, 1, 1, 1, -1, 1, -1)	6.4194344310621325
2.027035224833367	315	(1, -1, -1, 1, 1, 1, -1, 1, 1)	6.4194344310621325
2.027035224833367	316	(1, -1, -1, 1, 1, 1, 1, -1, -1)	6.314460649883272
2.027035224833367	317	(1, -1, -1, 1, 1, 1, 1, -1, 1)	6.303075942327906
2.027035224833367	318	(1, -1, -1, 1, 1, 1, 1, 1, -1)	6.435429945334694
2.027035224833367	319	(1, -1, -1, 1, 1, 1, 1, 1, 1)	6.4460936215345255
2.027035224833367	320	(1, -1, 1, -1, -1, -1, -1, -1, -1)	6.446093621502499
2.027035224833367	321	(1, -1, 1, -1, -1, -1, -1, -1, 1)	6.435429945300777
2.027035224833367	322	(1, -1, 1, -1, -1, -1, -1, 1, -1)	6.28599888096437
2.027035224833367	323	(1, -1, 1, -1, -1, -1, -1, 1, 1)	6.303075942294834
2.027035224833367	324	(1, -1, 1, -1, -1, -1, 1, -1, -1)	6.41943443100878
2.027035224833367	325	(1, -1, 1, -1, -1, -1, 1, -1, 1)	6.41943443100878
2.027035224833367	326	(1, -1, 1, -1, -1, -1, 1, 1, -1)	6.392775240468752
2.027035224833367	327	(1, -1, 1, -1, -1, -1, 1, 1, 1)	6.419434430976791
2.027035224833367	328	(1, -1, 1, -1, -1, 1, -1, -1, -1)	6.4194344309597735
2.027035224833367	329	(1, -1, 1, -1, -1, 1, -1, -1, 1)	6.339456859417618
2.027035224833367	334	(1, -1, 1, -1, -1, 1, 1, 1, -1)	6.419434430944972
2.027035224833367	335	(1, -1, 1, -1, -1, 1, 1, 1, 1)	6.446093621464346
2.027035224833367	336	(1, -1, 1, -1, 1, -1, -1, -1, -1)	6.44609362148281
2.027035224833367	337	(1, -1, 1, -1, 1, -1, -1, -1, 1)	6.419434430969067
2.027035224833367	342	(1, -1, 1, -1, 1, -1, 1, 1, -1)	6.339456859391415
2.027035224833367	343	(1, -1, 1, -1, 1, -1, 1, 1, 1)	6.419434430943328
2.027035224833367	344	(1, -1, 1, -1, 1, 1, -1, -1, -1)	6.392775240474399
2.027035224833367	345	(1, -1, 1, -1, 1, 1, -1, -1, 1)	6.339456859457785
2.027035224833367	346	(1, -1, 1, -1, 1, 1, -1, 1, -1)	6.339456859491128
2.027035224833367	347	(1, -1, 1, -1, 1, 1, -1, 1, 1)	6.339456859491128
2.027035224833367	348	(1, -1, 1, -1, 1, 1, 1, -1, -1)	6.419434431035052
2.027035224833367	349	(1, -1, 1, -1, 1, 1, 1, -1, 1)	6.419434431035052
2.027035224833367	350	(1, -1, 1, -1, 1, 1, 1, 1, -1)	6.419434430991331
2.027035224833367	351	(1, -1, 1, -1, 1, 1, 1, 1, 1)	6.435429945293916
2.027035224833367	352	(1, -1, 1, 1, -1, -1, -1, -1, -1)	6.419434430987182
2.027035224833367	353	(1, -1, 1, 1, -1, -1, -1, -1, 1)	6.802324037213656
2.027035224833367	354	(1, -1, 1, 1, -1, -1, -1, 1, -1)	6.392775240497439
2.027035224833367	355	(1, -1, 1, 1, -1, -1, -1, 1, 1)	6.392775240497439
2.027035224833367	356	(1, -1, 1, 1, -1, -1, 1, -1, -1)	6.3394568594610945
2.027035224833367	357	(1, -1, 1, 1, -1, -1, 1, -1, 1)	6.3394568594610945
2.027035224833367	358	(1, -1, 1, 1, -1, -1, 1, 1, -1)	6.159142169408272
2.027035224833367	359	(1, -1, 1, 1, -1, -1, 1, 1, 1)	6.227196136022198
2.027035224833367	360	(1, -1, 1, 1, -1, 1, -1, -1, -1)	6.8450358893724665
2.027035224833367	361	(1, -1, 1, 1, -1, 1, -1, -1, 1)	6.960243851662561
2.027035224833367	362	(1, -1, 1, 1, -1, 1, -1, 1, -1)	6.339456859466011
2.027035224833367	363	(1, -1, 1, 1, -1, 1, -1, 1, 1)	6.339456859466011
2.027035224833367	364	(1, -1, 1, 1, -1, 1, 1, -1, -1)	6.339456859466011
2.027035224833367	365	(1, -1, 1, 1, -1, 1, 1, -1, 1)	6.339456859466011
2.027035224833367	366	(1, -1, 1, 1, -1, 1, 1, 1, -1)	6.3927752404458245
2.027035224833367	367	(1, -1, 1, 1, -1, 1, 1, 1, 1)	6.419434430958067
2.027035224833367	368	(1, -1, 1, 1, 1, -1, -1, -1, -1)	6.435429945299214
2.027035224833367	369	(1, -1, 1, 1, 1, -1, -1, -1, 1)	6.419434430996803
2.027035224833367	370	(1, -1, 1, 1, 1, -1, -1, 1, -1)	6.419434431026808
2.027035224833367	371	(1, -1, 1, 1, 1, -1, -1, 1, 1)	6.419434431026808
2.027035224833367	372	(1, -1, 1, 1, 1, -1, 1, -1, -1)	6.419434431026808
2.027035224833367	373	(1, -1, 1, 1, 1, -1, 1, -1, 1)	6.419434431026808
2.027035224833367	374	(1, -1, 1, 1, 1, -1, 1, 1, -1)	6.392775240477616
2.027035224833367	375	(1, -1, 1, 1, 1, -1, 1, 1, 1)	6.419434430980496
2.027035224833367	376	(1, -1, 1, 1, 1, 1, -1, -1, -1)	6.759050889411677
2.027035224833367	377	(1, -1, 1, 1, 1, 1, -1, -1, 1)	6.80232403722566
2.027035224833367	378	(1, -1, 1, 1, 1, 1, -1, 1, -1)	6.419434431034636
2.027035224833367	379	(1, -1, 1, 1, 1, 1, -1, 1, 1)	6.419434431034636
2.027035224833367	380	(1, -1, 1, 1, 1, 1, 1, -1, -1)	6.4354299453436585
2.027035224833367	381	(1, -1, 1, 1, 1, 1, 1, -1, 1)	6.4354299453436585
2.027035224833367	382	(1, -1, 1, 1, 1, 1, 1, 1, -1)	6.430859798371306
2.027035224833367	383	(1, -1, 1, 1, 1, 1, 1, 1, 1)	6.439428823886742
2.027035224833367	384	(1, 1, -1, -1, -1, -1, -1, -1, -1)	6.428320827821685
2.027035224833367	385	(1, 1, -1, -1, -1, -1, -1, -1, 1)	6.419434430985653
2.027035224833367	386	(1, 1, -1, -1, -1, -1, -1, 1, -1)	6.419434430999072
2.027035224833367	387	(1, 1, -1, -1, -1, -1, -1, 1, 1)	6.419434430999072
2.027035224833367	388	(1, 1, -1, -1, -1, -1, 1, -1, -1)	6.802324037215517
2.027035224833367	389	(1, 1, -1, -1, -1, -1, 1, -1, 1)	6.802324037215517
2.027035224833367	390	(1, 1, -1, -1, -1, -1, 1, 1, -1)	6.993768840311032
2.027035224833367	391	(1, 1, -1, -1, -1, -1, 1, 1, 1)	6.9388403027775185
2.027035224833367	392	(1, 1, -1, -1, -1, 1, -1, -1, -1)	6.403438916673823
2.027035224833367	393	(1, 1, -1, -1, -1, 1, -1, -1, 1)	6.37944564521747
2.027035224833367	394	(1, 1, -1, -1, -1, 1, -1, 1, -1)	6.392775240493706
2.027035224833367	395	(1, 1, -1, -1, -1, 1, -1, 1, 1)	6.392775240493706
2.027035224833367	396	(1, 1, -1, -1, -1, 1, 1, -1, -1)	6.392775240493706
2.027035224833367	397	(1, 1, -1, -1, -1, 1, 1, -1, 1)	6.392775240493706
2.027035224833367	398	(1, 1, -1, -1, -1, 1, 1, 1, -1)	6.403438916678238
2.027035224833367	399	(1, 1, -1, -1, -1, 1, 1, 1, 1)	6.4194344309836096
2.027035224833367	400	(1, 1, -1, -1, 1, -1, -1, -1, -1)	6.403438916667698
2.027035224833367	401	(1, 1, -1, -1, 1, -1, -1, -1, 1)	6.379445645207415
2.027035224833367	402	(1, 1, -1, -1, 1, -1, -1, 1, -1)	6.3394568594544936
2.027035224833367	403	(1, 1, -1, -1, 1, -1, -1, 1, 1)	6.3394568594544936
2.027035224833367	404	(1, 1, -1, -1, 1, -1, 1, -1, -1)	6.3394568594544936
2.027035224833367	405	(1, 1, -1, -1, 1, -1, 1, -1, 1)	6.3394568594544936
2.027035224833367	406	(1, 1, -1, -1, 1, -1, 1, 1, -1)	6.8050471036052755
2.027035224833367	407	(1, 1, -1, -1, 1, -1, 1, 1, 1)	6.74392008338584
2.027035224833367	408	(1, 1, -1, -1, 1, 1, -1, -1, -1)	6.156233662708398
2.027035224833367	409	(1, 1, -1, -1, 1, 1, -1, -1, 1)	6.099037272741318
2.027035224833367	410	(1, 1, -1, -1, 1, 1, -1, 1, -1)	6.159142169426994
2.027035224833367	411	(1, 1, -1, -1, 1, 1, -1, 1, 1)	6.159142169426994
2.027035224833367	412	(1, 1, -1, -1, 1, 1, 1, -1, -1)	6.227196136051719
2.027035224833367	413	(1, 1, -1, -1, 1, 1, 1, -1, 1)	6.227196136051719
2.027035224833367	414	(1, 1, -1, -1, 1, 1, 1, 1, -1)	6.596449897754629
2.027035224833367	415	(1, 1, -1, -1, 1, 1, 1, 1, 1)	6.3092826930903
2.027035224833367	416	(1, 1, -1, 1, -1, -1, -1, -1, -1)	6.674060631709975
2.027035224833367	417	(1, 1, -1, 1, -1, -1, -1, -1, 1)	6.7031687365731605
2.027035224833367	418	(1, 1, -1, 1, -1, -1, -1, 1, -1)	6.8450358893764305
2.027035224833367	419	(1, 1, -1, 1, -1, -1, -1, 1, 1)	6.8450358893764305
2.027035224833367	420	(1, 1, -1, 1, -1, -1, 1, -1, -1)	6.960243851658761
2.027035224833367	421	(1, 1, -1, 1, -1, -1, 1, -1, 1)	6.960243851658761
2.027035224833367	422	(1, 1, -1, 1, -1, -1, 1, 1, -1)	6.805047103596779
2.027035224833367	423	(1, 1, -1, 1, -1, -1, 1, 1, 1)	6.743920083384896
2.027035224833367	424	(1, 1, -1, 1, -1, 1, -1, -1, -1)	6.392775240459392
2.027035224833367	425	(1, 1, -1, 1, -1, 1, -1, -1, 1)	6.339456859431209
2.027035224833367	425	(1, 1, -1, 1, -1, 1, -1, -1, 1)	6.339456859431209
2.027035224833367	426	(1, 1, -1, 1, -1, 1, -1, 1, -1)	6.339456859445936
2.027035224833367	427	(1, 1, -1, 1, -1, 1, -1, 1, 1)	6.339456859445936
2.027035224833367	428	(1, 1, -1, 1, -1, 1, 1, -1, -1)	6.339456859445936
2.027035224833367	429	(1, 1, -1, 1, -1, 1, 1, -1, 1)	6.339456859445936
2.027035224833367	430	(1, 1, -1, 1, -1, 1, 1, 1, -1)	6.3927752404519245
2.027035224833367	431	(1, 1, -1, 1, -1, 1, 1, 1, 1)	6.419434430973099
