
128
96
64
0
32
160
224
192
352
256
480
416
448
320
384
288
129
1
65
33
97
161
225
193
353
257
481
417
449
385
321
289
130
2
66
34
98
162
226
354
194
258
482
418
450
386
322
290
131
3
67
35
99
163
355
227
195
483
419
259
451
387
323
291
132
4
68
36
100
164
356
228
196
484
420
452
260
388
324
292
133
69
5
37
101
165
357
229
197
485
421
453
261
389
325
293
134
70
6
38
102
166
358
230
198
486
422
454
390
262
326
294
135
7
71
39
103
359
167
231
423
199
487
455
391
263
327
295
136
8
72
40
104
360
168
232
424
488
200
456
392
328
264
296
137
9
73
41
105
361
169
233
425
489
201
457
393
329
265
297
138
10
74
42
106
362
170
234
426
490
202
458
394
330
298
266
139
11
75
43
107
363
171
235
427
491
203
459
395
331
299
267
140
12
76
108
44
364
172
236
492
428
204
396
460
332
300
268
141
13
77
109
45
365
173
237
493
429
205
397
461
333
301
269
142
110
78
14
46
366
174
238
494
430
206
398
462
334
302
270
143
111
79
15
47
367
175
239
495
431
207
399
463
335
303
271
144
112
80
16
48
368
176
240
496
432
208
400
464
336
304
272
145
113
81
49
17
369
177
241
433
497
209
401
465
337
305
273
146
114
82
50
18
370
178
242
498
434
210
466
402
338
306
274
147
115
83
51
19
371
179
243
499
435
211
403
467
339
307
275
148
116
84
52
20
372
180
244
500
436
212
404
468
340
308
276
149
117
53
85
21
373
181
245
501
437
213
405
469
341
309
277
150
118
54
86
22
374
182
246
502
438
214
406
470
342
310
278
151
119
55
87
23
375
183
247
503
439
215
407
471
343
311
279
152
120
56
88
24
376
184
248
504
440
216
408
472
344
312
280
153
121
57
89
25
377
185
249
505
441
217
409
473
345
313
281
154
122
58
90
26
378
186
250
506
442
218
410
474
346
314
282
155
123
59
91
27
379
187
251
507
443
219
411
475
347
315
283
156
124
60
92
28
380
188
252
508
444
220
412
476
348
316
284
157
125
61
93
29
381
253
189
509
445
221
413
477
349
317
285
158
126
62
30
94
382
254
190
510
446
222
414
478
350
318
286
159
127
63
31
95
383
255
191
511
447
223
415
479
351
319
287