
820
821
822
823
824
825
826
827
828
829
830
831
832
833
834
835
836
837
838
839
840
841
842
843
844
845
846
847
848
819
849
817
818
850
814
815
0
96
192
1
193
97
194
98
2
3
99
195
681
1383
585
1478
1003
1668
1288
908
1193
1573
777
1098
1953
393
1763
489
1858
297
4
100
196
682
1384
1479
586
1004
1194
1669
1954
1289
1574
909
778
1099
1764
394
490
1859
298
5
101
197
683
1385
1480
587
1005
1195
1955
1670
1290
1575
910
779
1100
1765
395
491
1860
299
6
102
198
684
1386
1481
588
1006
1956
1196
1671
1291
1576
911
780
1101
1766
396
492
1861
300
7
103
199
685
1387
1482
589
1007
1957
1197
1672
1292
912
1577
781
1102
1767
397
493
1862
301
8
104
200
686
1388
1483
590
1008
1958
1198
1293
1673
913
782
1578
1103
1768
398
494
1863
302
9
687
105
201
1389
1484
591
1009
1959
1199
1294
1674
914
783
1579
1104
399
1769
495
1864
303
688
10
106
202
1390
592
1485
1960
1010
1200
1295
1675
915
784
1580
1105
400
1770
496
1865
304
689
11
1391
107
1486
203
593
1961
1011
1201
1296
1676
916
785
1581
1106
1771
401
497
1866
305
690
12
1392
108
1487
204
1962
594
1012
917
1677
1297
1202
786
1107
1582
1772
402
498
1867
306
691
1393
13
1488
109
1963
205
595
1678
918
1203
1298
1108
787
1583
1773
403
499
1868
1013
307
692
1394
14
1489
110
1964
206
693
596
1679
1014
1204
1299
919
1584
788
1109
404
1774
500
1869
308
1395
15
1490
111
1965
207
694
597
1680
1300
1205
920
1585
789
1110
1775
1015
405
1870
501
309
1396
16
112
1491
208
1966
695
598
921
1301
1681
1206
1776
1586
790
1111
406
1871
502
310
1016
1397
17
113
1492
209
696
1967
599
1302
1398
1682
1207
1587
791
1777
1112
922
407
503
1872
311
1017
18
114
1493
210
697
19
1399
600
1018
1303
1968
1683
1208
792
1113
1588
1778
923
504
408
1873
312
115
1494
211
698
20
1400
1019
601
1304
924
1209
1969
1684
793
1114
1589
1779
409
505
1874
313
116
1495
212
699
21
1401
1020
602
1305
1685
1210
925
1970
1780
794
410
1590
1115
506
1875
314
117
213
1496
700
22
1402
1021
603
1306
1211
926
1686
1971
411
795
1781
1116
1591
507
1876
315
118
214
1497
701
23
1403
1022
604
1307
927
1687
1972
1212
412
796
1117
1782
1592
508
1877
316
119
215
1498
702
24
1404
1023
605
1308
928
1973
1688
1213
797
413
1118
1593
1783
509
120
1878
317
216
1499
25
703
1405
1024
606
1309
929
121
1689
1214
1974
798
1594
1119
414
1784
510
1879
318
217
26
1500
122
704
1406
1025
607
1310
930
1595
1215
1690
1120
1975
799
415
1785
511
1880
319
218
27
123
1501
219
1407
608
1026
1311
705
1596
931
1691
1121
1216
1976
800
512
416
1786
1881
320
28
124
1502
220
513
1027
932
706
321
609
1312
1408
1597
1692
1122
801
417
1977
1217
1787
1882
29
125
1503
221
514
30
1028
707
322
1313
933
1409
610
1598
1693
1123
802
1978
418
1788
1218
1883
126
1504
222
515
31
1029
127
323
708
1314
1410
1694
934
611
1789
1599
1124
419
1219
803
1979
1884
1505
223
516
32
1030
128
1506
224
709
324
1315
1125
935
1411
1695
612
420
1600
804
1980
1220
1790
1885
517
33
129
1031
1507
225
1696
710
325
936
1316
613
1601
1126
1981
805
1221
421
1791
1412
1886
518
34
130
1508
1032
226
1697
937
711
1317
326
1413
1982
614
1602
1127
422
806
1222
1887
1792
35
519
131
1509
1033
227
1698
36
712
938
1414
615
1318
1603
327
1983
1128
807
1223
423
1793
1888
520
132
1510
1034
228
1699
37
521
1984
713
939
616
1319
1415
1604
328
1224
1129
808
424
1889
1794
133
1511
1035
229
1700
38
522
134
1985
617
714
1320
1416
940
329
1605
1130
809
1225
425
1890
1795
1512
1036
230
1701
39
135
715
1986
941
618
1321
1417
1606
330
1131
810
1226
426
1891
1796
1513
1037
231
523
1702
40
136
1514
716
619
1322
942
1418
331
1987
811
1607
1132
427
1227
1797
1892
1038
232
524
41
1703
137
1515
717
620
1323
943
1988
1419
332
812
1608
1133
428
1039
1228
1798
1893
233
525
42
1704
138
1516
1324
621
1989
718
1420
944
333
1040
1134
813
1609
429
1229
1799
1894
234
526
43
1705
139
1517
1990
719
1041
622
1325
1421
945
334
1135
816
1610
430
1230
1800
1895
235
527
44
1706
140
1518
1991
720
623
1326
1422
1042
851
946
1136
1611
335
236
431
1231
1801
1896
528
45
1707
141
1519
237
1992
852
624
1327
1423
721
1043
947
336
1612
1137
432
1232
1897
1802
46
529
1708
142
1520
238
853
47
1328
1044
625
1993
1424
337
722
948
1613
1138
433
1233
1898
1803
530
1709
143
1521
239
854
48
531
1994
1329
1425
626
723
338
949
1614
1139
434
1234
1045
1899
1804
1710
144
1522
240
855
49
532
1046
1330
1995
339
627
1426
724
950
1615
1140
435
1235
1900
1805
1711
145
1523
241
856
50
533
1047
1996
1331
340
628
1427
725
951
1141
436
1616
1236
1901
1806
1712
146
1524
242
857
51
534
147
1332
1048
1997
341
629
726
1428
952
437
1142
1617
1237
1807
1902
1713
1525
243
52
858
148
535
1714
1998
1333
342
630
1429
727
953
438
1143
1618
1238
1903
1808
1526
1049
244
53
149
859
1527
1050
1715
536
1999
1334
343
631
1430
728
954
1144
1619
439
1239
1904
1809
245
54
150
1528
1051
2000
344
1716
860
537
1431
729
632
1145
1335
955
1620
440
1240
1905
1810
246
55
151
1529
538
1052
2001
1717
861
345
1432
730
1336
633
956
1146
441
1621
1241
1906
1811
247
56
152
1530
539
1718
2002
1053
862
346
1433
1337
731
634
957
1147
442
1622
1242
1907
1812
248
57
153
1531
540
1719
2003
1054
347
863
1338
1434
732
635
958
1148
443
1623
1243
1908
1813
249
58
154
1532
541
1720
1055
2004
348
864
1339
1435
733
636
959
1149
444
1624
59
1244
250
1909
1814
155
1533
542
1721
2005
1056
349
865
1340
1436
60
734
637
960
1150
251
445
1625
1245
1910
1815
156
1534
61
543
1722
2006
1057
350
1341
866
252
1437
735
638
961
1151
1626
446
1246
1911
1816
157
62
1535
544
1723
2007
1058
351
1342
867
253
1152
639
736
962
1438
1627
1247
1912
447
1817
158
63
545
1536
1724
2008
1059
1343
352
868
254
640
1153
737
963
1439
1628
1248
448
1913
1818
159
64
546
1725
1537
2009
1344
1060
255
869
353
641
1154
738
1440
964
1629
1249
449
1914
1819
160
65
1345
547
256
1726
2010
1538
1061
870
354
642
1155
1441
739
965
1630
1250
450
1915
1820
161
66
257
1346
548
2011
1727
1539
1062
871
355
643
1442
740
1156
966
1631
1251
1916
451
1821
162
67
258
1347
549
2012
1063
1728
1540
872
356
644
1443
741
1157
967
1632
1252
452
1917
1822
163
68
259
1348
550
2013
1064
1729
1541
873
645
357
1444
742
1158
968
1633
1253
453
1918
1823
164
69
260
1349
551
2014
1065
1542
1730
874
646
358
1445
743
1159
969
1634
1254
165
454
70
1919
1824
261
1350
552
2015
1066
647
1543
875
1731
359
1446
744
1160
970
1635
166
1255
71
455
1920
1825
262
1351
553
2016
648
1067
1544
876
1732
360
1447
745
1161
971
167
1636
1256
72
456
1921
1826
263
1352
554
2017
649
1068
1545
877
1733
361
1448
746
168
1162
972
1637
73
1257
1922
457
1827
264
1353
555
2018
650
1069
1546
878
1734
362
169
1449
747
1163
973
74
1638
1258
265
1923
458
1828
1354
2019
556
651
1070
879
1547
1735
363
170
1450
75
748
1164
974
1639
1259
266
1924
459
1829
1355
2020
557
652
1071
880
1548
364
1736
171
76
1451
267
1165
749
975
1640
1260
1925
460
1830
1356
2021
653
558
1072
881
1549
365
1737
172
77
1452
268
1166
750
976
1641
1261
1926
461
1831
1357
2022
654
559
1073
882
1550
366
1738
78
173
1453
269
1167
977
751
1927
1642
1262
462
1832
1358
655
2023
560
1074
883
1551
79
367
1739
174
270
1454
978
1168
1359
752
1928
1643
1263
463
1833
656
2024
561
1075
884
80
1552
368
1740
175
271
1455
1360
979
1169
753
1929
1644
464
1264
1834
657
2025
562
1076
81
885
176
1553
369
1741
272
1456
1361
980
1170
754
1930
1645
465
1265
1835
658
2026
563
1077
82
177
886
1554
370
1742
273
1457
1362
981
1171
755
1931
1646
466
1266
1836
659
2027
564
1078
83
178
887
1555
371
1743
274
1363
1458
1172
982
756
1932
1647
467
1267
660
2028
1837
565
1079
84
179
888
1556
372
1744
275
1364
1459
1173
983
757
1933
1648
468
661
1268
2029
1838
566
85
1080
180
889
1557
373
1745
276
1365
1460
1174
984
758
1934
662
469
2030
1649
1269
1839
567
86
181
1081
890
1558
277
374
1746
1366
1461
1175
985
759
663
1935
2031
1650
470
1270
1840
568
87
182
1082
891
1559
278
375
1747
1367
1462
664
1176
986
760
2032
1936
1651
471
1271
569
1841
88
183
1083
892
1560
376
279
1748
1368
1463
665
987
761
1177
2033
1937
1652
472
1272
570
1842
89
184
1084
893
1561
377
280
1749
1369
1464
666
988
762
1178
2034
1938
1653
473
1273
571
1843
90
185
1085
894
1562
378
1370
667
281
1465
1750
2035
989
763
1179
1939
1654
474
572
1274
1844
91
186
895
1086
1563
379
1371
668
282
2036
1466
764
990
573
1180
1940
475
1655
1751
1275
1845
92
187
1087
896
1564
380
1372
669
283
2037
574
1467
991
476
1656
1181
1941
1752
1276
1846
765
93
188
1088
897
1565
381
1373
670
284
2038
575
1468
992
1182
477
1657
1942
1753
1277
766
1847
94
189
1089
898
1566
382
1374
671
285
2039
1469
576
993
1183
1658
478
767
1943
1754
1278
1848
95
190
1090
899
1567
1375
383
672
2040
286
1470
577
994
1184
479
768
1659
1944
1279
1755
1849
191
673
1376
1091
900
1568
384
2041
1471
578
287
1185
995
1660
480
769
1945
1280
1756
1850
674
1377
1092
901
1569
385
2042
1472
579
996
1186
1661
770
1946
1281
481
1757
1851
675
1378
1093
902
1570
386
2043
1473
580
997
1187
1282
1662
771
1947
482
1758
1852
676
1379
1094
903
1571
387
2044
581
1474
998
1188
1283
1663
772
1948
483
1759
1853
677
1380
1095
1572
904
388
2045
582
1475
999
1189
1284
1664
773
1949
1760
484
1854
678
1381
1096
905
389
2046
583
1476
1000
1190
1665
1285
774
1950
485
1761
1855
679
1382
1097
906
390
2047
1477
584
1001
1666
1191
1286
775
1951
486
1762
1856
680
907
391
1002
1667
1192
1287
1952
776
487
1857
392
488